#Transcript	Protein	Gene	Gene Description	Structural Category	Coding	3 T1 MeanExpLevel	3 T2 MeanExpLevel	3 T3 MeanExpLevel
PB.1.14		ND1	ND1	full-splice_match	NO	27319.46	25103.13	20140.65
PB.1.15		ND1	ND1	full-splice_match	NO	4106.89	3531.25	3154.92
PB.1.17		ND2	ND2	full-splice_match	NO	3722.39	3354.75	2223.35
PB.1.2		ttNOVEL	ttNOVEL	full-splice_match	NO	241841.41	147109.98	190291.42
PB.1.3		ttNOVEL	ttNOVEL	full-splice_match	NO	10513.73	6190.8	5273.61
PB.1.4		ttNOVEL	ttNOVEL	full-splice_match	NO	44608.91	36810.12	47481.21
PB.1.6		ttNOVEL	ttNOVEL	full-splice_match	NO	658246.1	619312.47	451572.74
PB.1.7		ttNOVEL	ttNOVEL	full-splice_match	NO	1094945.93	788378.09	824899.06
PB.1.8		ttNOVEL	ttNOVEL	full-splice_match	NO	910.54	1088.18	1091.53
PB.100.1	Protein_PB.100.1	PAXBP1	PAXBP1	full-splice_match	YES	62.5	48.63	67.58
PB.10001.3	Protein_PB.10001.3	DERA	DERA	full-splice_match	YES	23.87	12.39	11.39
PB.10002.1	Protein_PB.10002.1	STRAP	STRAP	full-splice_match	YES	822.54	890.39	725.86
PB.10006.2	Protein_PB.10006.2	LOC113257855	LOC113257855	full-splice_match	YES	37.5	35.58	45.46
PB.10007.13	Protein_PB.10007.13	ATF7IP	ATF7IP	incomplete-splice_match	YES	68.62	61.13	25.33
PB.10007.15	Protein_PB.10007.15	ATF7IP	ATF7IP	incomplete-splice_match	YES	11.66	17.36	12.08
PB.10007.6	Protein_PB.10007.6	ATF7IP	ATF7IP	novel_not_in_catalog	YES	80.34	131.03	38.84
PB.10007.7	Protein_PB.10007.7	ATF7IP	ATF7IP	novel_in_catalog	YES	23.89	36.13	94.93
PB.10007.8	Protein_PB.10007.8	ATF7IP	ATF7IP	novel_not_in_catalog	YES	52.51	46.41	35.08
PB.10007.9	Protein_PB.10007.9	ATF7IP	ATF7IP	novel_in_catalog	YES	124.2	111.62	95.78
PB.10010.1	Protein_PB.10010.1	EMP1	EMP1	full-splice_match	YES	337.46	168.73	251.56
PB.10010.2	Protein_PB.10010.2	EMP1	EMP1	novel_not_in_catalog	YES	325.31	189.18	206.92
PB.10010.3	Protein_PB.10010.3	EMP1	EMP1	novel_not_in_catalog	YES	90.02	89.1	61.42
PB.10010.4	Protein_PB.10010.4	EMP1	EMP1	novel_in_catalog	YES	15.79	16.81	44.41
PB.10011.1	Protein_PB.10011.1	FAM234B	FAM234B	full-splice_match	YES	58.34	43.23	37.25
PB.10011.4	Protein_PB.10011.4	FAM234B	FAM234B	novel_not_in_catalog	YES	15.54	32.9	31.6
PB.10013.2	Protein_PB.10013.2	DDX47	DDX47	full-splice_match	YES	61.54	44.71	60.54
PB.10013.3	Protein_PB.10013.3	DDX47	DDX47	novel_in_catalog	YES	25.65	22.2	12.62
PB.10013.9	Protein_PB.10013.9	DDX47	DDX47	novel_in_catalog	YES	52.29	45.98	39.98
PB.10014.1	Protein_PB.10014.1	APOLD1	APOLD1	full-splice_match	YES	48.84	65.54	86.01
PB.10014.2		APOLD1	APOLD1	full-splice_match	NO	16.71	20.65	35.64
PB.10016.1	Protein_PB.10016.1	CDKN1B	CDKN1B	full-splice_match	YES	373.58	376.82	330.45
PB.10017.1	Protein_PB.10017.1	CREBL2	CREBL2	full-splice_match	YES	105.44	91.72	106.66
PB.10018.1	Protein_PB.10018.1	BORCS5	BORCS5	full-splice_match	YES	21.26	29.12	22.36
PB.10018.2	Protein_PB.10018.2	BORCS5	BORCS5	full-splice_match	YES	31.69	26.29	33.55
PB.10022.2	Protein_PB.10022.2	ETV6	ETV6	full-splice_match	YES	14.07	13.47	17.45
PB.10024.1	Protein_PB.10024.1	SMIM10L1	SMIM10L1	full-splice_match	YES	306.62	313.45	284.12
PB.10031.1	Protein_PB.10031.1	GABARAPL1	GABARAPL1	full-splice_match	YES	549.67	606.1	427.35
PB.10031.4	Protein_PB.10031.4	GABARAPL1	GABARAPL1	incomplete-splice_match	YES	13.23	10.45	19.2
PB.10039.3	Protein_PB.10039.3	CLEC2D	CLEC2D	full-splice_match	YES	24.57	18.72	24.39
PB.10041.3	Protein_PB.10041.3	KLRG1	KLRG1	novel_not_in_catalog	YES	31.66	32.16	25.69
PB.10042.1	Protein_PB.10042.1	PHC1	PHC1	novel_not_in_catalog	YES	24.02	8.51	33.39
PB.10042.3	Protein_PB.10042.3	PHC1	PHC1	full-splice_match	YES	21.33	19.32	12.58
PB.10042.8	Protein_PB.10042.8	PHC1	PHC1	incomplete-splice_match	YES	8.74	7.76	31.55
PB.10042.9	Protein_PB.10042.9	PHC1	PHC1	full-splice_match	YES	58.65	62.53	70.49
PB.10050.1	Protein_PB.10050.1	SLC2A3	SLC2A3	full-splice_match	YES	66.6	50.87	77.88
PB.10057.11	Protein_PB.10057.11	PEX5	PEX5	full-splice_match	YES	36.67	77.11	158.58
PB.10057.14	Protein_PB.10057.14	PEX5	PEX5	full-splice_match	YES	117.67	153.99	224.46
PB.10057.16	Protein_PB.10057.16	PEX5	PEX5	full-splice_match	YES	41.49	60.57	34.48
PB.10057.3	Protein_PB.10057.3	PEX5	PEX5	novel_not_in_catalog	YES	131.92	145.6	79.38
PB.10057.8	Protein_PB.10057.8	PEX5	PEX5	full-splice_match	YES	78.18	31.16	12.44
PB.10059.25	Protein_PB.10059.25	C1S	C1S	full-splice_match	YES	240.91	135.11	117.68
PB.10059.30	Protein_PB.10059.30	C1S	C1S	full-splice_match	YES	92.44	16.38	34.27
PB.10059.35	Protein_PB.10059.35	C1S	C1S	incomplete-splice_match	YES	30.67	10.23	2.41
PB.10060.1	Protein_PB.10060.1	EMG1	EMG1	full-splice_match	YES	97.14	101.56	88.66
PB.10062.1	Protein_PB.10062.1	CUNH12orf57	CUNH12orf57	full-splice_match	YES	113.71	107.05	157.05
PB.10063.2	Protein_PB.10063.2	ATN1	ATN1	full-splice_match	YES	24.58	6.42	13.55
PB.10063.3	Protein_PB.10063.3	ATN1	ATN1	full-splice_match	YES	30.14	27.85	51.61
PB.10064.1	Protein_PB.10064.1	ENO2	ENO2	full-splice_match	YES	20.53	16.18	28.99
PB.10066.1	Protein_PB.10066.1	TPI1	TPI1	full-splice_match	YES	13090.58	12204.83	11600.56
PB.10066.2	Protein_PB.10066.2	TPI1	TPI1	novel_not_in_catalog	YES	250.27	172.83	298.89
PB.10066.5		TPI1	TPI1	novel_in_catalog	NO	14.88	18.11	17.71
PB.10067.1	Protein_PB.10067.1	USP5	USP5	full-splice_match	YES	426.72	547.04	530.56
PB.10067.10	Protein_PB.10067.10	USP5	USP5	novel_not_in_catalog	YES	152.22	121.89	205.01
PB.10067.14	Protein_PB.10067.14	USP5	USP5	novel_not_in_catalog	YES	103.95	76.58	86.3
PB.10069.1	Protein_PB.10069.1	P3H3	P3H3	full-splice_match	YES	93.57	41.93	61.64
PB.1007.1	Protein_PB.1007.1	MPLKIP	MPLKIP	full-splice_match	YES	49.0	50.78	54.59
PB.10073.1	Protein_PB.10073.1	PTMS	PTMS	full-splice_match	YES	41.85	25.0	34.57
PB.10073.2	Protein_PB.10073.2	PTMS	PTMS	novel_not_in_catalog	YES	65.65	36.33	55.66
PB.10074.10	Protein_PB.10074.10	COPS7A	COPS7A	full-splice_match	YES	151.61	157.66	168.43
PB.10074.9	Protein_PB.10074.9	COPS7A	COPS7A	full-splice_match	YES	116.94	131.57	144.01
PB.10075.1	Protein_PB.10075.1	GAPDH	GAPDH	novel_not_in_catalog	YES	61472.96	56946.57	77096.97
PB.10075.2	Protein_PB.10075.2	GAPDH	GAPDH	full-splice_match	YES	237033.52	206384.42	261983.27
PB.10077.1	Protein_PB.10077.1	LOC113258142	LOC113258142	full-splice_match	YES	338.69	306.75	334.78
PB.10078.2	Protein_PB.10078.2	TAPBPL	TAPBPL	novel_not_in_catalog	YES	4.78	14.48	33.93
PB.10078.7	Protein_PB.10078.7	TAPBPL	TAPBPL	full-splice_match	YES	65.76	49.48	101.08
PB.10081.1	Protein_PB.10081.1	LTBR	LTBR	full-splice_match	YES	27.3	13.77	27.48
PB.10081.2	Protein_PB.10081.2	LTBR	LTBR	full-splice_match	YES	204.67	198.16	214.07
PB.10083.1	Protein_PB.10083.1	CD9	CD9	full-splice_match	YES	239.77	114.88	237.11
PB.10083.6	Protein_PB.10083.6	CD9	CD9	novel_in_catalog	YES	40.71	15.88	40.41
PB.10085.1	Protein_PB.10085.1	KCNA5	KCNA5	full-splice_match	YES	23.98	11.56	9.61
PB.1009.1	Protein_PB.1009.1	VPS41	VPS41	full-splice_match	YES	469.98	539.01	393.0
PB.1009.7	Protein_PB.1009.7	VPS41	VPS41	novel_not_in_catalog	YES	36.57	27.45	49.44
PB.10090.1	Protein_PB.10090.1	NDUFA9	NDUFA9	full-splice_match	YES	177.26	205.59	249.96
PB.10090.2	Protein_PB.10090.2	NDUFA9	NDUFA9	full-splice_match	YES	2741.01	3348.41	1873.21
PB.10090.6	Protein_PB.10090.6	NDUFA9	NDUFA9	novel_not_in_catalog	YES	28.42	15.36	25.84
PB.10094.1	Protein_PB.10094.1	TIGAR	TIGAR	full-splice_match	YES	187.35	260.78	164.67
PB.10094.4	Protein_PB.10094.4	CCND2_TIGAR	CCND2_TIGAR	fusion	YES	77.3	23.94	36.74
PB.10094.5	Protein_PB.10094.5	CCND2	CCND2	full-splice_match	YES	264.25	161.56	177.76
PB.10097.10	Protein_PB.10097.10	TSPAN9	TSPAN9	full-splice_match	YES	121.27	82.58	46.9
PB.10097.12	Protein_PB.10097.12	TSPAN9	TSPAN9	novel_not_in_catalog	YES	19.31	20.42	32.39
PB.10097.3	Protein_PB.10097.3	TSPAN9	TSPAN9	full-splice_match	YES	59.19	57.51	28.54
PB.10098.1	Protein_PB.10098.1	TEAD4	TEAD4	full-splice_match	YES	26.53	21.54	40.95
PB.10098.2	Protein_PB.10098.2	TEAD4	TEAD4	novel_not_in_catalog	YES	1748.81	1496.73	2187.48
PB.10098.3	Protein_PB.10098.3	TEAD4	TEAD4	novel_not_in_catalog	YES	42.06	59.0	97.65
PB.10098.4	Protein_PB.10098.4	TEAD4	TEAD4	full-splice_match	YES	99.93	85.89	129.92
PB.10098.7	Protein_PB.10098.7	TEAD4	TEAD4	novel_not_in_catalog	YES	676.44	656.58	692.93
PB.10099.5	Protein_PB.10099.5	TULP3	TULP3	full-splice_match	YES	27.74	13.92	12.79
PB.101.1	Protein_PB.101.1	SYNJ1	SYNJ1	novel_not_in_catalog	YES	11.44	24.96	30.5
PB.101.2	Protein_PB.101.2	SYNJ1	SYNJ1	full-splice_match	YES	36.99	50.49	28.18
PB.10102.4	Protein_PB.10102.4	ITFG2	ITFG2	full-splice_match	YES	28.13	26.15	22.81
PB.10103.2	Protein_PB.10103.2	FKBP4	FKBP4	full-splice_match	YES	817.21	660.65	507.74
PB.10104.2	Protein_PB.10104.2	WASHC1	WASHC1	full-splice_match	YES	151.93	176.49	100.2
PB.10107.1	Protein_PB.10107.1	KDM5A	KDM5A	full-splice_match	YES	434.69	437.14	485.6
PB.10107.2	Protein_PB.10107.2	KDM5A	KDM5A	full-splice_match	YES	165.91	143.22	162.87
PB.10110.12	Protein_PB.10110.12	RAD52	RAD52	novel_not_in_catalog	YES	58.54	79.52	77.16
PB.10110.15	Protein_PB.10110.15	RAD52	RAD52	novel_in_catalog	YES	84.66	85.89	79.09
PB.10110.7	Protein_PB.10110.7	RAD52	RAD52	novel_in_catalog	YES	5.3	13.14	17.29
PB.10110.8	Protein_PB.10110.8	RAD52	RAD52	novel_in_catalog	YES	32.13	44.19	50.22
PB.10114.1	Protein_PB.10114.1	FBXL14	FBXL14	full-splice_match	YES	36.67	38.91	39.14
PB.10114.3	Protein_PB.10114.3	FBXL14	FBXL14	full-splice_match	YES	8.22	10.41	19.85
PB.10120.1	Protein_PB.10120.1	DCP1B	DCP1B	full-splice_match	YES	15.11	31.68	12.87
PB.10120.2	Protein_PB.10120.2	DCP1B	DCP1B	full-splice_match	YES	25.2	24.86	9.94
PB.10120.6	Protein_PB.10120.6	DCP1B	DCP1B	full-splice_match	YES	79.14	60.67	84.33
PB.10124.3	Protein_PB.10124.3	HDHD5	HDHD5	novel_in_catalog	YES	13.84	25.07	10.51
PB.10124.4	Protein_PB.10124.4	HDHD5	HDHD5	full-splice_match	YES	246.74	267.13	107.74
PB.10126.1	Protein_PB.10126.1	ATP6V1E1	ATP6V1E1	novel_in_catalog	YES	21.78	26.16	21.19
PB.10126.2	Protein_PB.10126.2	ATP6V1E1	ATP6V1E1	full-splice_match	YES	814.9	865.64	705.96
PB.10130.2	Protein_PB.10130.2	BID	BID	full-splice_match	YES	61.95	65.11	88.55
PB.10131.1	Protein_PB.10131.1	MICAL3	MICAL3	novel_in_catalog	YES	302.2	268.37	439.63
PB.10131.3	Protein_PB.10131.3	MICAL3	MICAL3	novel_not_in_catalog	YES	43.53	42.33	70.99
PB.10132.1	Protein_PB.10132.1	RALGAPA2	RALGAPA2	full-splice_match	YES	906.46	1024.76	950.31
PB.10134.1	Protein_PB.10134.1	CRNKL1_LOC113258304	CRNKL1_LOC113258304	fusion	YES	35.47	50.81	87.95
PB.10134.2	Protein_PB.10134.2	CRNKL1	CRNKL1	incomplete-splice_match	YES	173.39	196.85	184.02
PB.10134.3	Protein_PB.10134.3	CRNKL1_LOC113258304	CRNKL1_LOC113258304	full-splice_match	YES	289.68	315.19	242.52
PB.10135.1	Protein_PB.10135.1	RBBP9	RBBP9	novel_not_in_catalog	YES	22.5	36.95	32.56
PB.10135.4	Protein_PB.10135.4	RBBP9	RBBP9	full-splice_match	YES	70.96	45.87	44.47
PB.10139.7	Protein_PB.10139.7	SNX5	SNX5	novel_in_catalog	YES	43.95	30.25	30.74
PB.10139.8	Protein_PB.10139.8	SNX5	SNX5	incomplete-splice_match	YES	89.51	113.55	89.92
PB.10139.9	Protein_PB.10139.9	SNX5	SNX5	novel_not_in_catalog	YES	216.59	216.21	192.74
PB.10140.1		LOC113258860	LOC113258860	full-splice_match	NO	49.57	45.93	43.53
PB.10141.3	Protein_PB.10141.3	RRBP1	RRBP1	full-splice_match	YES	144.9	47.79	104.04
PB.10141.7	Protein_PB.10141.7	RRBP1	RRBP1	novel_not_in_catalog	YES	22.31	0.0	7.3
PB.10143.6	Protein_PB.10143.6	KIF16B	KIF16B	full-splice_match	YES	30.49	34.75	33.24
PB.10143.8	Protein_PB.10143.8	KIF16B	KIF16B	novel_in_catalog	YES	351.96	360.18	274.14
PB.10143.9	Protein_PB.10143.9	KIF16B	KIF16B	incomplete-splice_match	YES	71.16	85.5	56.73
PB.10148.1	Protein_PB.10148.1	ESF1	ESF1	full-splice_match	YES	79.55	53.64	48.16
PB.10148.3	Protein_PB.10148.3	ESF1	ESF1	incomplete-splice_match	YES	39.44	62.67	50.53
PB.10148.4	Protein_PB.10148.4	ESF1	ESF1	incomplete-splice_match	YES	30.66	9.02	18.51
PB.10152.1		novelGene_1134	novelGene_1134	intergenic	NO	12.03	16.18	34.39
PB.10152.3		novelGene_1136	novelGene_1136	intergenic	NO	6.97	12.29	29.26
PB.10152.4		novelGene_1137	novelGene_1137	intergenic	NO	17.79	33.82	71.5
PB.10152.5		novelGene_1138	novelGene_1138	intergenic	NO	7.98	12.76	23.85
PB.10153.1	Protein_PB.10153.1	JAG1	JAG1	full-splice_match	YES	201.31	132.47	159.44
PB.10153.3	Protein_PB.10153.3	JAG1	JAG1	incomplete-splice_match	YES	5.42	15.01	30.06
PB.10154.1	Protein_PB.10154.1	MKKS	MKKS	novel_not_in_catalog	YES	66.02	43.56	43.12
PB.10154.2		MKKS	MKKS	incomplete-splice_match	NO	205.36	256.07	217.17
PB.10154.3	Protein_PB.10154.3	MKKS	MKKS	full-splice_match	YES	57.83	92.56	49.72
PB.10154.5	Protein_PB.10154.5	MKKS	MKKS	novel_not_in_catalog	YES	127.84	99.08	99.74
PB.10154.6	Protein_PB.10154.6	MKKS	MKKS	full-splice_match	YES	130.61	133.89	130.28
PB.10160.1	Protein_PB.10160.1	TMX4	TMX4	full-splice_match	YES	290.71	290.72	416.3
PB.10166.2	Protein_PB.10166.2	TRMT6	TRMT6	full-splice_match	YES	75.16	68.32	77.75
PB.10166.3	Protein_PB.10166.3	TRMT6	TRMT6	incomplete-splice_match	YES	18.56	16.97	23.99
PB.10168.1	Protein_PB.10168.1	GPCPD1	GPCPD1	novel_not_in_catalog	YES	35.71	23.7	0.0
PB.10168.2	Protein_PB.10168.2	GPCPD1	GPCPD1	incomplete-splice_match	YES	44.03	44.5	21.61
PB.10168.3	Protein_PB.10168.3	GPCPD1	GPCPD1	full-splice_match	YES	63.28	47.33	31.51
PB.10168.4	Protein_PB.10168.4	GPCPD1	GPCPD1	novel_not_in_catalog	YES	61.71	36.69	21.3
PB.10170.5	Protein_PB.10170.5	PCNA	PCNA	full-splice_match	YES	79.73	87.76	74.77
PB.10171.13	Protein_PB.10171.13	TMEM230	TMEM230	full-splice_match	YES	10.45	19.04	25.15
PB.10171.2	Protein_PB.10171.2	TMEM230	TMEM230	full-splice_match	YES	188.37	191.59	162.3
PB.10172.3	Protein_PB.10172.3	SLC23A2	SLC23A2	full-splice_match	YES	16.5	19.04	27.52
PB.10181.4	Protein_PB.10181.4	RNF24	RNF24	full-splice_match	YES	40.7	26.46	73.48
PB.10182.1		novelGene_1143	novelGene_1143	intergenic	NO	20.64	26.05	41.0
PB.10183.1	Protein_PB.10183.1	CENPB	CENPB	full-splice_match	YES	450.24	406.9	558.52
PB.10185.1	Protein_PB.10185.1	CUNH20orf27	CUNH20orf27	full-splice_match	YES	124.85	171.24	99.64
PB.10185.3	Protein_PB.10185.3	CUNH20orf27	CUNH20orf27	novel_not_in_catalog	YES	34.49	19.67	21.91
PB.10185.4	Protein_PB.10185.4	CUNH20orf27	CUNH20orf27	full-splice_match	YES	137.38	202.39	165.98
PB.10187.1	Protein_PB.10187.1	SIGLEC1	SIGLEC1	full-splice_match	YES	18.7	11.73	15.33
PB.10188.14		ADAM33	ADAM33	incomplete-splice_match	NO	32.99	17.98	37.59
PB.10190.1		LOC113258395	LOC113258395	full-splice_match	NO	36.15	40.81	61.82
PB.10191.1	Protein_PB.10191.1	CUNH20orf194	CUNH20orf194	full-splice_match	YES	74.59	64.36	55.95
PB.10191.2	Protein_PB.10191.2	CUNH20orf194	CUNH20orf194	novel_not_in_catalog	YES	42.73	25.99	65.77
PB.10193.1	Protein_PB.10193.1	DDRGK1	DDRGK1	full-splice_match	YES	135.94	133.93	150.39
PB.10193.3	Protein_PB.10193.3	DDRGK1	DDRGK1	novel_in_catalog	YES	26.84	53.23	40.05
PB.10194.1	Protein_PB.10194.1	LZTS3	LZTS3	full-splice_match	YES	182.21	361.66	182.25
PB.10195.1	Protein_PB.10195.1	UBOX5	UBOX5	novel_not_in_catalog	YES	13.15	5.86	21.1
PB.10195.3	Protein_PB.10195.3	UBOX5	UBOX5	full-splice_match	YES	61.94	62.64	56.19
PB.10195.4	Protein_PB.10195.4	FASTKD5	FASTKD5	full-splice_match	YES	199.54	246.2	148.97
PB.10197.2	Protein_PB.10197.2	PCED1A	PCED1A	full-splice_match	YES	41.37	30.31	43.07
PB.102.1	Protein_PB.102.1	CFAP298	CFAP298	full-splice_match	YES	131.95	159.36	115.08
PB.10201.1	Protein_PB.10201.1	IDH3B	IDH3B	full-splice_match	YES	2984.16	3092.97	2220.58
PB.10201.25	Protein_PB.10201.25	IDH3B	IDH3B	full-splice_match	YES	68.99	76.39	96.08
PB.10201.34	Protein_PB.10201.34	IDH3B	IDH3B	full-splice_match	YES	37.81	36.7	19.08
PB.10203.1	Protein_PB.10203.1	SNRPB	SNRPB	full-splice_match	YES	492.55	509.99	445.37
PB.10211.1	Protein_PB.10211.1	NSFL1C	NSFL1C	full-splice_match	YES	109.5	116.07	150.31
PB.10211.2	Protein_PB.10211.2	NSFL1C	NSFL1C	full-splice_match	YES	280.18	276.38	335.11
PB.10212.2	Protein_PB.10212.2	FKBP1A	FKBP1A	full-splice_match	YES	205.33	223.13	238.01
PB.10212.5	Protein_PB.10212.5	FKBP1A	FKBP1A	full-splice_match	YES	20.59	8.0	14.57
PB.10217.1	Protein_PB.10217.1	ANGPT4	ANGPT4	full-splice_match	YES	43.1	20.81	45.82
PB.10217.4	Protein_PB.10217.4	ANGPT4	ANGPT4	novel_in_catalog	YES	4.26	20.13	18.52
PB.10220.1	Protein_PB.10220.1	SRXN1	SRXN1	full-splice_match	YES	154.04	151.05	101.81
PB.10221.1	Protein_PB.10221.1	TCF15	TCF15	full-splice_match	YES	34.33	34.57	29.71
PB.10222.1	Protein_PB.10222.1	CSNK2A1	CSNK2A1	novel_not_in_catalog	YES	37.58	33.52	51.48
PB.10222.2	Protein_PB.10222.2	CSNK2A1	CSNK2A1	novel_not_in_catalog	YES	234.01	203.79	169.65
PB.10222.4	Protein_PB.10222.4	CSNK2A1	CSNK2A1	full-splice_match	YES	88.82	161.48	146.31
PB.10222.5	Protein_PB.10222.5	CSNK2A1	CSNK2A1	full-splice_match	YES	1106.83	1227.0	883.47
PB.10222.9	Protein_PB.10222.9	CSNK2A1	CSNK2A1	novel_in_catalog	YES	41.91	48.95	51.47
PB.10224.11	Protein_PB.10224.11	TBC1D20	TBC1D20	novel_in_catalog	YES	22.64	31.81	29.43
PB.10224.4	Protein_PB.10224.4	TBC1D20	TBC1D20	full-splice_match	YES	11.95	6.03	18.4
PB.10224.7	Protein_PB.10224.7	TBC1D20	TBC1D20	full-splice_match	YES	191.56	171.51	181.32
PB.10233.2	Protein_PB.10233.2	REM1	REM1	full-splice_match	YES	23.93	13.02	9.37
PB.10234.1	Protein_PB.10234.1	HM13	HM13	full-splice_match	YES	20.14	15.44	19.61
PB.10234.5	Protein_PB.10234.5	HM13	HM13	incomplete-splice_match	YES	20.06	21.25	15.12
PB.10234.6	Protein_PB.10234.6	HM13	HM13	full-splice_match	YES	13.6	12.05	19.88
PB.10234.8	Protein_PB.10234.8	HM13	HM13	full-splice_match	YES	31.18	27.49	26.07
PB.10235.1	Protein_PB.10235.1	ID1	ID1	full-splice_match	YES	92.23	101.43	78.18
PB.10236.6	Protein_PB.10236.6	LOC113258460	LOC113258460	full-splice_match	YES	40.03	33.72	33.19
PB.10238.2	Protein_PB.10238.2	TPX2	TPX2	full-splice_match	YES	35.09	31.73	30.32
PB.10239.1	Protein_PB.10239.1	MYLK2	MYLK2	novel_in_catalog	YES	55.43	46.5	37.48
PB.10239.2	Protein_PB.10239.2	MYLK2	MYLK2	novel_not_in_catalog	YES	4098.66	3591.34	3380.36
PB.10239.3	Protein_PB.10239.3	MYLK2	MYLK2	novel_in_catalog	YES	1347.62	1239.91	803.29
PB.10239.4	Protein_PB.10239.4	MYLK2	MYLK2	novel_not_in_catalog	YES	2227.56	2100.75	1613.37
PB.1024.1	Protein_PB.1024.1	SFRP4	SFRP4	full-splice_match	YES	261.41	69.65	180.58
PB.10244.1	Protein_PB.10244.1	TM9SF4	TM9SF4	full-splice_match	YES	34.32	14.12	23.86
PB.10244.2	Protein_PB.10244.2	TM9SF4	TM9SF4	novel_not_in_catalog	YES	76.25	88.92	75.33
PB.10244.4	Protein_PB.10244.4	TM9SF4	TM9SF4	novel_not_in_catalog	YES	53.93	57.6	52.26
PB.10244.7	Protein_PB.10244.7	TM9SF4	TM9SF4	novel_not_in_catalog	YES	27.74	20.33	35.07
PB.10245.4	Protein_PB.10245.4	POFUT1	POFUT1	full-splice_match	YES	74.62	52.79	66.41
PB.10247.1	Protein_PB.10247.1	KIF3B	KIF3B	full-splice_match	YES	56.93	40.37	43.79
PB.10248.3	Protein_PB.10248.3	ASXL1	ASXL1	full-splice_match	YES	16.96	21.43	14.2
PB.10248.4	Protein_PB.10248.4	ASXL1	ASXL1	full-splice_match	YES	29.41	16.65	35.05
PB.10248.5	Protein_PB.10248.5	ASXL1	ASXL1	full-splice_match	YES	35.85	36.52	36.0
PB.1025.1	Protein_PB.1025.1	PNPLA8	PNPLA8	full-splice_match	YES	441.43	579.96	323.42
PB.1025.2	Protein_PB.1025.2	PNPLA8	PNPLA8	novel_not_in_catalog	YES	25.44	58.0	39.92
PB.1025.3	Protein_PB.1025.3	PNPLA8	PNPLA8	novel_not_in_catalog	YES	560.54	736.65	496.04
PB.10251.1	Protein_PB.10251.1	MAPRE1	MAPRE1	full-splice_match	YES	177.09	175.5	184.93
PB.1026.1	Protein_PB.1026.1	NRCAM	NRCAM	full-splice_match	YES	67.62	84.1	40.96
PB.1026.2	Protein_PB.1026.2	NRCAM	NRCAM	full-splice_match	YES	26.93	102.93	58.25
PB.10264.2	Protein_PB.10264.2	CBFA2T2	CBFA2T2	full-splice_match	YES	103.2	115.62	108.12
PB.10264.3	Protein_PB.10264.3	CBFA2T2	CBFA2T2	novel_in_catalog	YES	46.25	36.98	64.06
PB.10264.4	Protein_PB.10264.4	CBFA2T2	CBFA2T2	novel_not_in_catalog	YES	4.29	8.57	16.74
PB.10268.2	Protein_PB.10268.2	ZNF341	ZNF341	full-splice_match	YES	18.88	11.95	17.49
PB.10269.1	Protein_PB.10269.1	CHMP4B	CHMP4B	full-splice_match	YES	534.9	555.84	578.19
PB.10272.1	Protein_PB.10272.1	RALY	RALY	full-splice_match	YES	642.95	709.35	643.95
PB.10272.2	Protein_PB.10272.2	RALY	RALY	full-splice_match	YES	423.43	384.25	493.8
PB.10272.3	Protein_PB.10272.3	RALY	RALY	novel_not_in_catalog	YES	81.46	125.21	115.66
PB.10272.4	Protein_PB.10272.4	RALY	RALY	full-splice_match	YES	15.99	24.98	15.31
PB.10277.1	Protein_PB.10277.1	ITCH	ITCH	full-splice_match	YES	655.8	684.59	671.93
PB.10277.3	Protein_PB.10277.3	ITCH	ITCH	incomplete-splice_match	YES	26.64	29.52	26.22
PB.10278.1	Protein_PB.10278.1	DYNLRB1	DYNLRB1	full-splice_match	YES	50.69	47.59	46.34
PB.10278.3		DYNLRB1	DYNLRB1	full-splice_match	NO	227.23	208.75	199.18
PB.10279.1	Protein_PB.10279.1	MAP1LC3A	MAP1LC3A	full-splice_match	YES	489.33	511.03	226.85
PB.10281.3	Protein_PB.10281.3	TP53INP2	TP53INP2	full-splice_match	YES	160.82	185.0	147.58
PB.10282.1	Protein_PB.10282.1	ACSS2	ACSS2	novel_in_catalog	YES	9.18	14.73	16.64
PB.10282.11	Protein_PB.10282.11	ACSS2	ACSS2	incomplete-splice_match	YES	281.28	309.56	154.65
PB.10282.12	Protein_PB.10282.12	ACSS2	ACSS2	incomplete-splice_match	YES	68.52	138.32	82.54
PB.10282.3	Protein_PB.10282.3	ACSS2	ACSS2	full-splice_match	YES	851.85	977.04	560.86
PB.10284.1	Protein_PB.10284.1	MYH7B	MYH7B	full-splice_match	YES	744.11	987.94	1195.42
PB.10284.2	Protein_PB.10284.2	MYH7B	MYH7B	full-splice_match	YES	71.6	90.51	86.59
PB.10287.1	Protein_PB.10287.1	MMP24	MMP24	full-splice_match	YES	14.28	9.91	37.38
PB.10288.14	Protein_PB.10288.14	CEP250	CEP250	incomplete-splice_match	YES	34.99	24.98	28.85
PB.10288.3	Protein_PB.10288.3	CEP250	CEP250	incomplete-splice_match	YES	30.17	32.96	37.5
PB.10289.2	Protein_PB.10289.2	ERGIC3	ERGIC3	full-splice_match	YES	106.63	105.23	127.84
PB.10289.3	Protein_PB.10289.3	ERGIC3	ERGIC3	full-splice_match	YES	29.74	29.17	29.66
PB.10289.4	Protein_PB.10289.4	ERGIC3	ERGIC3	novel_not_in_catalog	YES	3.77	6.53	19.33
PB.1029.15	Protein_PB.1029.15	LAMB1	LAMB1	novel_in_catalog	YES	82.76	30.3	22.25
PB.1029.21	Protein_PB.1029.21	LAMB1	LAMB1	incomplete-splice_match	YES	63.54	62.69	38.87
PB.1029.24	Protein_PB.1029.24	LAMB1	LAMB1	incomplete-splice_match	YES	21.89	22.1	13.26
PB.10291.1		ROMO1	ROMO1	full-splice_match	NO	495.31	519.72	546.08
PB.10291.2		ROMO1	ROMO1	incomplete-splice_match	NO	43.91	42.46	48.16
PB.10292.1	Protein_PB.10292.1	PHF20	PHF20	incomplete-splice_match	YES	41.72	40.47	27.02
PB.10292.2	Protein_PB.10292.2	PHF20	PHF20	full-splice_match	YES	386.7	424.66	404.21
PB.10292.5	Protein_PB.10292.5	PHF20	PHF20	novel_not_in_catalog	YES	10.24	7.99	30.03
PB.10296.5	Protein_PB.10296.5	EPB41L1	EPB41L1	full-splice_match	YES	34.41	22.95	24.96
PB.10298.1	Protein_PB.10298.1	AAR2	AAR2	full-splice_match	YES	93.19	84.81	80.74
PB.10299.1	Protein_PB.10299.1	DLGAP4	DLGAP4	novel_not_in_catalog	YES	38.78	15.83	29.23
PB.10299.2	Protein_PB.10299.2	DLGAP4	DLGAP4	full-splice_match	YES	19.68	16.83	19.82
PB.10299.3	Protein_PB.10299.3	DLGAP4	DLGAP4	full-splice_match	YES	9.68	17.27	12.25
PB.103.2	Protein_PB.103.2	URB1	URB1	full-splice_match	YES	130.81	106.26	96.01
PB.10300.1	Protein_PB.10300.1	MYL9	MYL9	full-splice_match	YES	175.77	97.23	237.91
PB.10300.3	Protein_PB.10300.3	MYL9	MYL9	full-splice_match	YES	206.12	102.54	114.85
PB.10302.2	Protein_PB.10302.2	RAB5IF	RAB5IF	full-splice_match	YES	316.11	341.13	328.58
PB.10307.11	Protein_PB.10307.11	RPN2	RPN2	incomplete-splice_match	YES	25.48	27.92	25.41
PB.10307.3	Protein_PB.10307.3	RPN2	RPN2	full-splice_match	YES	236.41	174.61	171.49
PB.10307.5	Protein_PB.10307.5	RPN2	RPN2	full-splice_match	YES	315.8	378.54	329.26
PB.10308.1	Protein_PB.10308.1	MANBAL	MANBAL	full-splice_match	YES	5.22	23.06	6.84
PB.10308.2	Protein_PB.10308.2	MANBAL	MANBAL	full-splice_match	YES	167.58	127.04	151.1
PB.10308.4		MANBAL	MANBAL	full-splice_match	NO	33.62	56.77	23.97
PB.10312.2	Protein_PB.10312.2	CTNNBL1	CTNNBL1	novel_not_in_catalog	YES	14.03	11.26	21.04
PB.10312.4	Protein_PB.10312.4	CTNNBL1	CTNNBL1	novel_not_in_catalog	YES	80.78	67.75	85.73
PB.10312.5	Protein_PB.10312.5	CTNNBL1	CTNNBL1	full-splice_match	YES	22.57	23.75	16.07
PB.10314.1	Protein_PB.10314.1	RPRD1B	RPRD1B	full-splice_match	YES	177.55	177.79	131.59
PB.10314.2	Protein_PB.10314.2	RPRD1B	RPRD1B	novel_not_in_catalog	YES	5.4	4.34	33.93
PB.10314.3	Protein_PB.10314.3	RPRD1B	RPRD1B	novel_not_in_catalog	YES	5.33	0.0	46.58
PB.10314.4	Protein_PB.10314.4	RPRD1B	RPRD1B	novel_in_catalog	YES	28.06	15.68	48.83
PB.10319.1	Protein_PB.10319.1	RALGAPB	RALGAPB	full-splice_match	YES	562.74	686.41	640.16
PB.10319.2	Protein_PB.10319.2	RALGAPB	RALGAPB	full-splice_match	YES	278.3	184.87	221.16
PB.10322.1	Protein_PB.10322.1	ACTR5	ACTR5	full-splice_match	YES	65.05	71.52	75.24
PB.10323.1	Protein_PB.10323.1	PPP1R16B	PPP1R16B	full-splice_match	YES	89.27	64.15	102.04
PB.10325.2	Protein_PB.10325.2	DHX35	DHX35	full-splice_match	YES	43.34	53.45	44.76
PB.10325.3	Protein_PB.10325.3	DHX35	DHX35	full-splice_match	YES	22.52	17.04	12.82
PB.10328.1	Protein_PB.10328.1	novelGene_1171	novelGene_1171	intergenic	YES	60.69	82.82	74.08
PB.10329.1	Protein_PB.10329.1	TOP1	TOP1	full-splice_match	YES	40.74	26.44	26.07
PB.10329.2	Protein_PB.10329.2	TOP1	TOP1	incomplete-splice_match	YES	26.12	22.77	29.4
PB.10329.3	Protein_PB.10329.3	TOP1	TOP1	incomplete-splice_match	YES	57.59	75.44	63.89
PB.10330.1	Protein_PB.10330.1	PLCG1	PLCG1	full-splice_match	YES	66.07	76.24	69.93
PB.10330.2	Protein_PB.10330.2	PLCG1	PLCG1	full-splice_match	YES	229.07	207.52	250.76
PB.10331.5	Protein_PB.10331.5	LPIN3	LPIN3	full-splice_match	YES	28.1	22.78	30.25
PB.10332.1	Protein_PB.10332.1	novelGene_CHD6_AS	novelGene_CHD6_AS	antisense	YES	187.72	160.36	161.91
PB.10336.1	Protein_PB.10336.1	SRSF6	SRSF6	full-splice_match	YES	222.14	209.15	208.66
PB.10336.2	Protein_PB.10336.2	SRSF6	SRSF6	novel_in_catalog	YES	36.45	18.5	16.17
PB.10336.3	Protein_PB.10336.3	SRSF6	SRSF6	novel_not_in_catalog	YES	29.07	11.61	47.36
PB.10336.4	Protein_PB.10336.4	SRSF6	SRSF6	incomplete-splice_match	YES	6.21	0.26	20.17
PB.10339.2	Protein_PB.10339.2	IFT52	IFT52	novel_in_catalog	YES	45.08	26.81	11.26
PB.10339.4	Protein_PB.10339.4	IFT52	IFT52	novel_not_in_catalog	YES	80.98	96.13	80.5
PB.10339.6	Protein_PB.10339.6	IFT52	IFT52	novel_in_catalog	YES	22.24	26.15	20.17
PB.10339.7	Protein_PB.10339.7	IFT52	IFT52	full-splice_match	YES	18.46	19.97	43.36
PB.10343.11		GDAP1L1	GDAP1L1	novel_in_catalog	NO	24.62	19.42	17.61
PB.10343.16	Protein_PB.10343.16	GDAP1L1	GDAP1L1	full-splice_match	YES	17.48	13.09	25.31
PB.10347.10	Protein_PB.10347.10	TTPAL	TTPAL	novel_in_catalog	YES	26.22	25.39	36.82
PB.10347.4	Protein_PB.10347.4	TTPAL	TTPAL	full-splice_match	YES	41.06	45.08	27.49
PB.10347.7	Protein_PB.10347.7	TTPAL	TTPAL	full-splice_match	YES	25.49	22.92	19.89
PB.10347.8	Protein_PB.10347.8	TTPAL	TTPAL	full-splice_match	YES	35.47	31.5	36.1
PB.10348.2	Protein_PB.10348.2	PKIG	PKIG	full-splice_match	YES	336.4	374.3	339.35
PB.10348.3	Protein_PB.10348.3	PKIG	PKIG	novel_in_catalog	YES	31.56	36.87	30.49
PB.10348.4	Protein_PB.10348.4	PKIG	PKIG	novel_in_catalog	YES	73.82	75.11	129.22
PB.10348.5	Protein_PB.10348.5	PKIG	PKIG	incomplete-splice_match	YES	51.42	30.65	62.95
PB.10348.8	Protein_PB.10348.8	PKIG	PKIG	novel_not_in_catalog	YES	73.44	77.78	86.43
PB.10349.4	Protein_PB.10349.4	WISP2	WISP2	full-splice_match	YES	63.43	36.97	78.61
PB.10349.7	Protein_PB.10349.7	WISP2	WISP2	novel_in_catalog	YES	10.39	10.08	18.75
PB.10349.8	Protein_PB.10349.8	WISP2	WISP2	full-splice_match	YES	40.02	30.37	76.66
PB.1035.1	Protein_PB.1035.1	COG5	COG5	full-splice_match	YES	38.22	22.28	34.51
PB.1035.2	Protein_PB.1035.2	COG5	COG5	incomplete-splice_match	YES	85.78	79.55	66.31
PB.1035.3	Protein_PB.1035.3	COG5	COG5	novel_in_catalog	YES	56.22	77.74	39.45
PB.10353.1	Protein_PB.10353.1	YWHAB	YWHAB	full-splice_match	YES	264.42	185.87	229.89
PB.10355.3	Protein_PB.10355.3	STK4	STK4	full-splice_match	YES	37.74	30.91	53.3
PB.10362.4	Protein_PB.10362.4	SYS1	SYS1	full-splice_match	YES	167.76	188.13	164.41
PB.10362.5	Protein_PB.10362.5	DBNDD2	DBNDD2	full-splice_match	YES	198.54	383.98	200.1
PB.10362.6	Protein_PB.10362.6	DBNDD2	DBNDD2	full-splice_match	YES	88.34	87.46	64.42
PB.10362.7	Protein_PB.10362.7	DBNDD2	DBNDD2	novel_not_in_catalog	YES	100.96	106.48	91.81
PB.10362.8	Protein_PB.10362.8	DBNDD2	DBNDD2	full-splice_match	YES	1358.47	1316.76	1219.99
PB.10363.2	Protein_PB.10363.2	PIGT	PIGT	full-splice_match	YES	143.74	133.06	151.27
PB.10369.1	Protein_PB.10369.1	DNTTIP1	DNTTIP1	full-splice_match	YES	163.38	215.66	305.11
PB.10371.1	Protein_PB.10371.1	SNX21	SNX21	full-splice_match	YES	195.11	156.8	126.04
PB.10371.2	Protein_PB.10371.2	SNX21	SNX21	full-splice_match	YES	42.16	44.66	38.16
PB.10371.3	Protein_PB.10371.3	SNX21	SNX21	incomplete-splice_match	YES	60.33	57.14	50.24
PB.10372.1	Protein_PB.10372.1	ZSWIM3	ZSWIM3	full-splice_match	YES	15.07	15.71	17.81
PB.10374.3	Protein_PB.10374.3	CTSA	CTSA	novel_not_in_catalog	YES	175.89	193.22	202.48
PB.10374.6	Protein_PB.10374.6	CTSA	CTSA	novel_in_catalog	YES	145.96	165.28	148.32
PB.10375.5	Protein_PB.10375.5	PCIF1	PCIF1	novel_not_in_catalog	YES	87.08	101.32	86.09
PB.10375.9	Protein_PB.10375.9	PCIF1	PCIF1	incomplete-splice_match	YES	12.83	10.87	24.73
PB.1038.1	Protein_PB.1038.1	CCDC71L	CCDC71L	full-splice_match	YES	95.91	104.28	94.2
PB.10380.1	Protein_PB.10380.1	EYA2	EYA2	full-splice_match	YES	22.99	50.13	27.77
PB.10384.1	Protein_PB.10384.1	NCOA3	NCOA3	full-splice_match	YES	88.94	76.57	134.95
PB.10384.4	Protein_PB.10384.4	NCOA3	NCOA3	full-splice_match	YES	115.13	77.56	101.22
PB.10386.1	Protein_PB.10386.1	ARFGEF2	ARFGEF2	full-splice_match	YES	281.96	257.78	312.97
PB.10387.1	Protein_PB.10387.1	CSE1L	CSE1L	novel_in_catalog	YES	248.95	266.55	216.6
PB.10387.11	Protein_PB.10387.11	CSE1L	CSE1L	novel_not_in_catalog	YES	30.35	33.28	3.48
PB.10387.12	Protein_PB.10387.12	CSE1L	CSE1L	incomplete-splice_match	YES	294.02	236.93	182.06
PB.10387.13	Protein_PB.10387.13	CSE1L	CSE1L	incomplete-splice_match	YES	10.29	60.56	52.45
PB.10387.14	Protein_PB.10387.14	CSE1L	CSE1L	incomplete-splice_match	YES	36.85	36.0	31.3
PB.10387.3	Protein_PB.10387.3	CSE1L	CSE1L	full-splice_match	YES	100.78	93.39	84.92
PB.10387.6	Protein_PB.10387.6	CSE1L	CSE1L	full-splice_match	YES	70.08	116.21	162.21
PB.10388.2	Protein_PB.10388.2	DDX27	DDX27	full-splice_match	YES	110.87	112.51	112.37
PB.10388.4	Protein_PB.10388.4	DDX27	DDX27	incomplete-splice_match	YES	74.45	45.16	55.51
PB.10389.2	Protein_PB.10389.2	novelGene_1180	novelGene_1180	intergenic	YES	316.15	316.38	1134.56
PB.1039.1	Protein_PB.1039.1	NAMPT	NAMPT	full-splice_match	YES	159.52	148.66	240.61
PB.1039.2	Protein_PB.1039.2	NAMPT	NAMPT	novel_not_in_catalog	YES	226.25	316.9	330.89
PB.1039.4	Protein_PB.1039.4	NAMPT	NAMPT	incomplete-splice_match	YES	369.04	455.9	471.92
PB.1039.5	Protein_PB.1039.5	NAMPT	NAMPT	incomplete-splice_match	YES	53.49	15.33	61.84
PB.10391.3	Protein_PB.10391.3	SLC9A8	SLC9A8	full-splice_match	YES	59.48	33.61	44.96
PB.10391.6	Protein_PB.10391.6	SLC9A8	SLC9A8	full-splice_match	YES	91.22	135.21	121.45
PB.10391.7	Protein_PB.10391.7	SLC9A8	SLC9A8	novel_in_catalog	YES	33.32	33.26	37.46
PB.10393.1		RNF114	RNF114	novel_in_catalog	NO	5.15	11.96	25.53
PB.10393.2	Protein_PB.10393.2	RNF114	RNF114	novel_not_in_catalog	YES	109.3	115.25	142.31
PB.10393.3	Protein_PB.10393.3	RNF114	RNF114	novel_in_catalog	YES	123.35	113.64	121.69
PB.10393.5	Protein_PB.10393.5	SNAI1_RNF114	SNAI1_RNF114	full-splice_match	YES	11.41	11.04	18.26
PB.10397.1	Protein_PB.10397.1	CEBPB	CEBPB	full-splice_match	YES	290.49	312.98	276.17
PB.10398.1		LOC113258715	LOC113258715	full-splice_match	NO	16.6	17.53	17.18
PB.1040.1	Protein_PB.1040.1	SYPL1	SYPL1	novel_in_catalog	YES	19.53	22.58	24.38
PB.1040.2	Protein_PB.1040.2	SYPL1	SYPL1	novel_not_in_catalog	YES	38.3	32.48	24.81
PB.1040.3	Protein_PB.1040.3	SYPL1	SYPL1	novel_not_in_catalog	YES	242.47	222.78	250.9
PB.1040.4	Protein_PB.1040.4	SYPL1	SYPL1	novel_in_catalog	YES	33.1	39.21	64.49
PB.1040.5	Protein_PB.1040.5	SYPL1	SYPL1	full-splice_match	YES	552.64	644.94	676.95
PB.10400.1	Protein_PB.10400.1	PTPN1	PTPN1	full-splice_match	YES	108.54	92.45	136.99
PB.10404.1	Protein_PB.10404.1	MOCS3	MOCS3	full-splice_match	YES	61.36	59.54	70.08
PB.10407.1	Protein_PB.10407.1	TSHZ2	TSHZ2	full-splice_match	YES	97.98	65.08	96.07
PB.10412.1	Protein_PB.10412.1	PFDN4	PFDN4	full-splice_match	YES	72.33	69.83	62.71
PB.10413.1	Protein_PB.10413.1	DOK5	DOK5	full-splice_match	YES	174.72	168.78	158.52
PB.10413.2	Protein_PB.10413.2	DOK5	DOK5	incomplete-splice_match	YES	29.8	23.46	24.38
PB.10415.1	Protein_PB.10415.1	FAM210B	FAM210B	full-splice_match	YES	241.23	232.01	234.91
PB.10415.2	Protein_PB.10415.2	FAM210B	FAM210B	novel_not_in_catalog	YES	483.57	430.1	263.55
PB.10416.1	Protein_PB.10416.1	CSTF1	CSTF1	full-splice_match	YES	23.64	37.35	18.0
PB.10416.3	Protein_PB.10416.3	CSTF1	CSTF1	novel_in_catalog	YES	22.89	28.91	31.57
PB.10416.4	Protein_PB.10416.4	CSTF1	CSTF1	full-splice_match	YES	30.12	32.76	43.36
PB.10418.1	Protein_PB.10418.1	RTF2	RTF2	full-splice_match	YES	35.75	36.03	20.37
PB.10418.2	Protein_PB.10418.2	RTF2	RTF2	full-splice_match	YES	199.76	215.53	195.31
PB.10422.4	Protein_PB.10422.4	RAE1	RAE1	full-splice_match	YES	131.87	151.06	125.68
PB.10423.1	Protein_PB.10423.1	RBM38	RBM38	full-splice_match	YES	868.03	1048.63	922.05
PB.10428.1	Protein_PB.10428.1	RAB22A	RAB22A	full-splice_match	YES	468.41	456.46	432.25
PB.10429.1	Protein_PB.10429.1	VAPB	VAPB	full-splice_match	YES	380.64	323.86	305.08
PB.10430.4	Protein_PB.10430.4	STX16	STX16	full-splice_match	YES	55.69	35.77	49.99
PB.10430.6	Protein_PB.10430.6	STX16	STX16	full-splice_match	YES	15.82	28.36	40.73
PB.10431.1	Protein_PB.10431.1	NPEPL1	NPEPL1	full-splice_match	YES	220.59	207.65	180.83
PB.10433.1	Protein_PB.10433.1	LOC113258768	LOC113258768	novel_in_catalog	YES	3760.18	3638.5	3844.87
PB.10435.11	Protein_PB.10435.11	NELFCD	NELFCD	full-splice_match	YES	2.86	0.0	30.22
PB.10435.12	Protein_PB.10435.12	NELFCD	NELFCD	full-splice_match	YES	397.03	439.23	425.61
PB.10435.18	Protein_PB.10435.18	NELFCD	NELFCD	full-splice_match	YES	73.01	77.46	99.34
PB.10435.24	Protein_PB.10435.24	NELFCD	NELFCD	novel_in_catalog	YES	14.64	23.92	12.46
PB.1044.1	Protein_PB.1044.1	PUS7	PUS7	full-splice_match	YES	55.96	57.47	115.31
PB.1044.2	Protein_PB.1044.2	PUS7	PUS7	incomplete-splice_match	YES	17.28	15.35	29.51
PB.10441.1	Protein_PB.10441.1	FAM217B	FAM217B	full-splice_match	YES	30.87	17.36	9.98
PB.10441.2	Protein_PB.10441.2	FAM217B	FAM217B	novel_not_in_catalog	YES	43.82	30.86	45.01
PB.10441.3	Protein_PB.10441.3	FAM217B	FAM217B	full-splice_match	YES	15.78	14.35	32.06
PB.10445.1	Protein_PB.10445.1	LSM14B	LSM14B	full-splice_match	YES	27.2	20.74	34.6
PB.10445.3	Protein_PB.10445.3	LSM14B	LSM14B	full-splice_match	YES	212.28	210.62	246.53
PB.10446.1	Protein_PB.10446.1	SS18L1	SS18L1	novel_not_in_catalog	YES	44.27	34.01	46.93
PB.10446.7	Protein_PB.10446.7	SS18L1	SS18L1	incomplete-splice_match	YES	18.38	19.77	12.12
PB.10447.1	Protein_PB.10447.1	MTG2	MTG2	full-splice_match	YES	28.5	37.79	10.41
PB.10447.15	Protein_PB.10447.15	MTG2	MTG2	novel_in_catalog	YES	27.08	20.4	23.75
PB.10447.18	Protein_PB.10447.18	MTG2	MTG2	incomplete-splice_match	YES	17.41	22.29	17.38
PB.10448.10	Protein_PB.10448.10	ADRM1	ADRM1	full-splice_match	YES	495.27	573.31	444.22
PB.10448.18	Protein_PB.10448.18	ADRM1	ADRM1	incomplete-splice_match	YES	107.24	128.05	125.18
PB.10448.19	Protein_PB.10448.19	ADRM1	ADRM1	full-splice_match	YES	718.92	760.18	686.42
PB.10448.2	Protein_PB.10448.2	ADRM1	ADRM1	novel_not_in_catalog	YES	5.69	34.32	25.56
PB.10448.23	Protein_PB.10448.23	ADRM1	ADRM1	novel_not_in_catalog	YES	26.4	17.75	65.95
PB.10448.24	Protein_PB.10448.24	ADRM1	ADRM1	novel_in_catalog	YES	86.38	131.26	91.78
PB.10448.3	Protein_PB.10448.3	ADRM1	ADRM1	novel_not_in_catalog	YES	54.42	86.6	88.2
PB.10448.32	Protein_PB.10448.32	ADRM1	ADRM1	novel_not_in_catalog	YES	30.79	59.76	51.87
PB.10448.5	Protein_PB.10448.5	ADRM1	ADRM1	incomplete-splice_match	YES	51.82	37.88	55.2
PB.10448.8	Protein_PB.10448.8	ADRM1	ADRM1	novel_not_in_catalog	YES	86.26	46.88	80.84
PB.10449.1	Protein_PB.10449.1	RPS21	RPS21	full-splice_match	YES	929.28	849.87	1530.31
PB.1045.2	Protein_PB.1045.2	SRPK2	SRPK2	novel_not_in_catalog	YES	249.93	277.95	277.0
PB.1045.8	Protein_PB.1045.8	SRPK2	SRPK2	novel_in_catalog	YES	35.93	55.69	62.86
PB.10450.1		novelGene_1192	novelGene_1192	intergenic	NO	157.12	181.95	281.83
PB.10450.2		novelGene_1193	novelGene_1193	intergenic	NO	376.55	378.06	576.55
PB.10450.3	Protein_PB.10450.3	novelGene_1194	novelGene_1194	intergenic	YES	437.53	413.24	378.72
PB.10450.4	Protein_PB.10450.4	novelGene_1195	novelGene_1195	intergenic	YES	77.63	83.78	36.16
PB.10450.5	Protein_PB.10450.5	novelGene_1196	novelGene_1196	intergenic	YES	122.46	100.14	57.84
PB.10450.6	Protein_PB.10450.6	novelGene_1197	novelGene_1197	intergenic	YES	128.97	132.99	87.57
PB.10450.7		novelGene_1198	novelGene_1198	intergenic	NO	31.94	35.88	60.92
PB.10450.8	Protein_PB.10450.8	novelGene_1199	novelGene_1199	intergenic	YES	44.18	32.95	106.21
PB.10453.1	Protein_PB.10453.1	MRGBP	MRGBP	full-splice_match	YES	32.37	30.66	33.12
PB.10454.1	Protein_PB.10454.1	OGFR	OGFR	full-splice_match	YES	44.99	42.4	65.19
PB.10456.3	Protein_PB.10456.3	GID8	GID8	full-splice_match	YES	16.72	32.46	40.2
PB.10456.5	Protein_PB.10456.5	GID8	GID8	full-splice_match	YES	32.85	16.72	49.49
PB.10456.6	Protein_PB.10456.6	GID8	GID8	novel_not_in_catalog	YES	61.32	61.22	54.54
PB.10456.9	Protein_PB.10456.9	GID8	GID8	incomplete-splice_match	YES	35.42	42.92	45.51
PB.10459.1	Protein_PB.10459.1	ARFGAP1	ARFGAP1	full-splice_match	YES	46.96	53.19	50.98
PB.10459.3	Protein_PB.10459.3	ARFGAP1	ARFGAP1	full-splice_match	YES	123.42	134.14	141.31
PB.1046.1		LOC113258835	LOC113258835	full-splice_match	NO	55.05	44.69	80.5
PB.10462.1	Protein_PB.10462.1	PPDPF	PPDPF	full-splice_match	YES	151.88	185.75	228.16
PB.10462.2	Protein_PB.10462.2	PPDPF	PPDPF	full-splice_match	YES	3407.16	4003.51	3827.52
PB.10462.3	Protein_PB.10462.3	PPDPF	PPDPF	incomplete-splice_match	YES	357.89	447.17	383.86
PB.10464.1		novelGene_1200	novelGene_1200	intergenic	NO	14.41	13.58	21.09
PB.10465.6	Protein_PB.10465.6	RTEL1	RTEL1	full-splice_match	YES	28.81	12.29	13.4
PB.10467.1	Protein_PB.10467.1	ZGPAT	ZGPAT	full-splice_match	YES	120.14	146.07	80.46
PB.10469.1	Protein_PB.10469.1	SLC2A4RG	SLC2A4RG	full-splice_match	YES	193.86	251.19	594.49
PB.1047.1	Protein_PB.1047.1	ORC5	ORC5	full-splice_match	YES	35.14	28.56	30.03
PB.10471.13	Protein_PB.10471.13	TPD52L2	TPD52L2	novel_in_catalog	YES	22.05	29.57	28.0
PB.10471.14	Protein_PB.10471.14	TPD52L2	TPD52L2	full-splice_match	YES	109.94	100.76	133.6
PB.10471.15	Protein_PB.10471.15	TPD52L2	TPD52L2	full-splice_match	YES	24.69	24.13	27.53
PB.10471.5	Protein_PB.10471.5	TPD52L2	TPD52L2	full-splice_match	YES	27.89	27.97	43.6
PB.10471.7	Protein_PB.10471.7	TPD52L2	TPD52L2	novel_in_catalog	YES	33.17	22.99	34.93
PB.10472.1	Protein_PB.10472.1	DNAJC5	DNAJC5	novel_in_catalog	YES	47.84	50.68	28.55
PB.10472.2	Protein_PB.10472.2	DNAJC5	DNAJC5	full-splice_match	YES	309.67	335.78	276.93
PB.10473.1	Protein_PB.10473.1	PRPF6	PRPF6	full-splice_match	YES	289.21	302.97	360.2
PB.10475.1	Protein_PB.10475.1	TCEA2	TCEA2	full-splice_match	YES	46.56	36.49	47.22
PB.10478.1	Protein_PB.10478.1	PCMTD2	PCMTD2	novel_not_in_catalog	YES	10.95	84.13	69.39
PB.10478.2	Protein_PB.10478.2	PCMTD2	PCMTD2	full-splice_match	YES	22.64	26.17	39.23
PB.10478.3	Protein_PB.10478.3	PCMTD2	PCMTD2	full-splice_match	YES	93.16	127.26	91.82
PB.10478.4	Protein_PB.10478.4	PCMTD2	PCMTD2	incomplete-splice_match	YES	836.76	944.89	758.0
PB.10478.6	Protein_PB.10478.6	PCMTD2	PCMTD2	incomplete-splice_match	YES	71.87	73.33	51.15
PB.1048.1	Protein_PB.1048.1	RELN	RELN	full-splice_match	YES	59.84	27.43	109.23
PB.10481.3	Protein_PB.10481.3	NAA20	NAA20	full-splice_match	YES	226.48	253.93	230.49
PB.10482.10	Protein_PB.10482.10	RIN2	RIN2	full-splice_match	YES	16.71	19.1	18.46
PB.10482.4	Protein_PB.10482.4	RIN2	RIN2	incomplete-splice_match	YES	53.52	45.65	47.63
PB.10482.5	Protein_PB.10482.5	RIN2	RIN2	full-splice_match	YES	31.96	11.49	18.31
PB.10483.2	Protein_PB.10483.2	SLC24A3	SLC24A3	full-splice_match	YES	21.83	6.44	14.63
PB.10485.1	Protein_PB.10485.1	DTD1	DTD1	full-splice_match	YES	22.73	20.64	19.03
PB.10485.2	Protein_PB.10485.2	DTD1	DTD1	full-splice_match	YES	166.17	179.84	178.59
PB.10487.1	Protein_PB.10487.1	SMIM26	SMIM26	full-splice_match	YES	130.45	163.29	108.15
PB.10488.5	Protein_PB.10488.5	SEC23B	SEC23B	novel_not_in_catalog	YES	10.71	7.5	19.08
PB.10488.8	Protein_PB.10488.8	SEC23B	SEC23B	novel_not_in_catalog	YES	24.47	19.4	14.53
PB.10489.1	Protein_PB.10489.1	POLR3F	POLR3F	full-splice_match	YES	24.64	15.42	27.9
PB.10490.12	Protein_PB.10490.12	ZNF133	ZNF133	novel_in_catalog	YES	34.91	23.21	27.42
PB.10491.1	Protein_PB.10491.1	KAT14_PET117	KAT14_PET117	fusion	YES	221.63	225.57	279.57
PB.10491.2	Protein_PB.10491.2	KAT14_PET117	KAT14_PET117	fusion	YES	258.25	257.96	345.66
PB.10491.3	Protein_PB.10491.3	KAT14_PET117	KAT14_PET117	fusion	YES	48.58	67.74	54.27
PB.10491.4	Protein_PB.10491.4	KAT14	KAT14	full-splice_match	YES	52.67	12.26	31.27
PB.10492.1	Protein_PB.10492.1	MGME1	MGME1	novel_in_catalog	YES	22.78	14.22	11.5
PB.10492.2	Protein_PB.10492.2	MGME1	MGME1	full-splice_match	YES	94.32	111.21	74.47
PB.10495.3	Protein_PB.10495.3	DSTN	DSTN	full-splice_match	YES	124.76	97.45	134.46
PB.10495.6	Protein_PB.10495.6	DSTN	DSTN	full-splice_match	YES	250.99	159.07	228.33
PB.10498.2	Protein_PB.10498.2	SNRPB2	SNRPB2	full-splice_match	YES	86.49	82.54	81.51
PB.105.1	Protein_PB.105.1	SCAF4	SCAF4	full-splice_match	YES	51.05	26.32	13.78
PB.105.2	Protein_PB.105.2	SCAF4	SCAF4	full-splice_match	YES	16.98	39.8	73.24
PB.1050.2	Protein_PB.1050.2	DNAJC2	DNAJC2	full-splice_match	YES	276.81	323.64	257.1
PB.10501.1	Protein_PB.10501.1	NDUFAF5	NDUFAF5	full-splice_match	YES	98.16	132.78	66.32
PB.10501.10	Protein_PB.10501.10	NDUFAF5	NDUFAF5	full-splice_match	YES	70.86	75.39	53.46
PB.10501.2	Protein_PB.10501.2	NDUFAF5	NDUFAF5	full-splice_match	YES	57.48	62.38	35.54
PB.10503.2	Protein_PB.10503.2	ISM1	ISM1	full-splice_match	YES	21.14	14.77	16.44
PB.10503.3	Protein_PB.10503.3	ISM1	ISM1	novel_not_in_catalog	YES	28.11	28.68	12.71
PB.10507.3	Protein_PB.10507.3	BTBD3	BTBD3	full-splice_match	YES	198.25	172.68	214.4
PB.1051.3	Protein_PB.1051.3	NAPEPLD	NAPEPLD	full-splice_match	YES	25.91	31.48	29.04
PB.1051.4	Protein_PB.1051.4	NAPEPLD	NAPEPLD	full-splice_match	YES	74.34	65.0	32.2
PB.1051.5	Protein_PB.1051.5	NAPEPLD	NAPEPLD	full-splice_match	YES	72.37	72.93	73.07
PB.10516.3	Protein_PB.10516.3	PLCB4	PLCB4	novel_not_in_catalog	YES	32.24	35.03	45.2
PB.10516.4	Protein_PB.10516.4	PLCB4	PLCB4	novel_not_in_catalog	YES	60.17	16.5	21.1
PB.10518.1	Protein_PB.10518.1	PLCB1	PLCB1	full-splice_match	YES	68.67	63.87	94.65
PB.10518.2	Protein_PB.10518.2	PLCB1	PLCB1	novel_not_in_catalog	YES	28.22	12.63	35.45
PB.10518.4	Protein_PB.10518.4	PLCB1	PLCB1	incomplete-splice_match	YES	64.72	39.55	84.37
PB.10521.2	Protein_PB.10521.2	BMP2	BMP2	full-splice_match	YES	19.74	9.47	23.37
PB.10523.3	Protein_PB.10523.3	CRLS1	CRLS1	full-splice_match	YES	182.22	217.52	183.48
PB.10524.2	Protein_PB.10524.2	MCM8	MCM8	full-splice_match	YES	18.78	9.88	14.87
PB.10524.3	Protein_PB.10524.3	MCM8	MCM8	full-splice_match	YES	12.66	19.46	19.54
PB.10525.1	Protein_PB.10525.1	CHGB	CHGB	full-splice_match	YES	27.34	35.42	37.46
PB.10526.2	Protein_PB.10526.2	SHLD1	SHLD1	full-splice_match	YES	21.49	16.34	10.13
PB.10529.1	Protein_PB.10529.1	CDS2	CDS2	full-splice_match	YES	380.29	334.58	454.43
PB.10529.2	Protein_PB.10529.2	CDS2	CDS2	full-splice_match	YES	79.64	81.26	98.09
PB.10533.1	Protein_PB.10533.1	PRNP	PRNP	full-splice_match	YES	408.87	339.16	382.76
PB.10536.2	Protein_PB.10536.2	PANK2	PANK2	full-splice_match	YES	22.59	21.54	31.22
PB.10536.3	Protein_PB.10536.3	PANK2	PANK2	full-splice_match	YES	23.45	27.62	19.62
PB.10537.2	Protein_PB.10537.2	MAVS	MAVS	full-splice_match	YES	38.06	53.93	21.31
PB.10537.5	Protein_PB.10537.5	MAVS	MAVS	novel_not_in_catalog	YES	219.22	236.06	245.71
PB.10537.6	Protein_PB.10537.6	MAVS	MAVS	novel_not_in_catalog	YES	204.18	267.82	174.6
PB.10538.2	Protein_PB.10538.2	AP5S1	AP5S1	full-splice_match	YES	65.4	78.17	63.97
PB.1054.1	Protein_PB.1054.1	PTPN12	PTPN12	full-splice_match	YES	37.02	32.11	42.95
PB.1054.2	Protein_PB.1054.2	PTPN12	PTPN12	full-splice_match	YES	37.97	20.45	28.29
PB.10541.1	Protein_PB.10541.1	HSPA12B	HSPA12B	full-splice_match	YES	38.17	20.24	30.69
PB.10541.2	Protein_PB.10541.2	HSPA12B	HSPA12B	full-splice_match	YES	56.06	41.72	30.95
PB.10542.1	Protein_PB.10542.1	ATRN	ATRN	full-splice_match	YES	82.16	55.86	142.3
PB.10542.2	Protein_PB.10542.2	ATRN	ATRN	novel_in_catalog	YES	67.7	71.18	60.2
PB.10542.3	Protein_PB.10542.3	ATRN	ATRN	incomplete-splice_match	YES	7.03	25.08	15.73
PB.10542.5	Protein_PB.10542.5	ATRN	ATRN	full-splice_match	YES	78.13	89.04	88.72
PB.10544.2	Protein_PB.10544.2	ITPA	ITPA	full-splice_match	YES	488.85	527.41	437.53
PB.10546.1	Protein_PB.10546.1	MRPS26	MRPS26	full-splice_match	YES	148.09	150.78	160.06
PB.10548.2	Protein_PB.10548.2	PTPRA	PTPRA	full-splice_match	YES	32.04	35.7	11.65
PB.10548.4	Protein_PB.10548.4	PTPRA	PTPRA	full-splice_match	YES	44.42	57.68	85.78
PB.10548.6	Protein_PB.10548.6	PTPRA	PTPRA	incomplete-splice_match	YES	49.69	37.34	31.52
PB.10549.1	Protein_PB.10549.1	VPS16	VPS16	full-splice_match	YES	90.07	86.8	63.58
PB.1055.1	Protein_PB.1055.1	RSBN1L	RSBN1L	full-splice_match	YES	190.33	160.5	216.99
PB.1055.2	Protein_PB.1055.2	RSBN1L	RSBN1L	incomplete-splice_match	YES	45.23	50.22	66.55
PB.10554.1	Protein_PB.10554.1	NOP56	NOP56	full-splice_match	YES	307.17	305.75	224.37
PB.10559.1	Protein_PB.10559.1	STK35	STK35	full-splice_match	YES	43.52	36.33	45.04
PB.1056.1	Protein_PB.1056.1	PHTF2	PHTF2	novel_not_in_catalog	YES	26.98	37.52	30.45
PB.1056.14	Protein_PB.1056.14	PHTF2	PHTF2	novel_not_in_catalog	YES	42.01	35.85	61.17
PB.1056.17	Protein_PB.1056.17	PHTF2	PHTF2	novel_not_in_catalog	YES	91.52	87.95	58.93
PB.1056.3	Protein_PB.1056.3	PHTF2	PHTF2	full-splice_match	YES	56.99	47.1	34.72
PB.1056.4	Protein_PB.1056.4	PHTF2	PHTF2	full-splice_match	YES	102.95	120.21	101.9
PB.1056.6	Protein_PB.1056.6	PHTF2	PHTF2	novel_not_in_catalog	YES	27.38	39.53	11.01
PB.1056.7	Protein_PB.1056.7	PHTF2	PHTF2	novel_not_in_catalog	YES	503.03	547.2	292.84
PB.10562.2	Protein_PB.10562.2	SIRPA	SIRPA	full-splice_match	YES	78.14	30.8	65.6
PB.10564.1		LOC113258426	LOC113258426	novel_not_in_catalog	NO	9.69	9.97	26.21
PB.10568.1	Protein_PB.10568.1	PSMF1	PSMF1	novel_not_in_catalog	YES	23.95	11.61	21.37
PB.10568.2	Protein_PB.10568.2	PSMF1	PSMF1	novel_not_in_catalog	YES	94.14	100.05	123.25
PB.10568.3	Protein_PB.10568.3	PSMF1	PSMF1	full-splice_match	YES	457.14	455.86	468.32
PB.10568.4	Protein_PB.10568.4	PSMF1	PSMF1	novel_in_catalog	YES	22.33	28.55	27.47
PB.10573.1	Protein_PB.10573.1	RBCK1	RBCK1	novel_not_in_catalog	YES	260.22	235.97	263.2
PB.10573.2	Protein_PB.10573.2	RBCK1	RBCK1	full-splice_match	YES	21.76	23.51	24.64
PB.10573.3	Protein_PB.10573.3	RBCK1	RBCK1	full-splice_match	YES	30.47	14.59	55.73
PB.10577.2	Protein_PB.10577.2	ZCCHC3	ZCCHC3	full-splice_match	YES	69.1	54.4	72.1
PB.10586.3	Protein_PB.10586.3	BCL2L1	BCL2L1	novel_not_in_catalog	YES	25.34	37.5	8.37
PB.10586.4	Protein_PB.10586.4	BCL2L1	BCL2L1	full-splice_match	YES	33.54	22.99	21.23
PB.10586.6	Protein_PB.10586.6	BCL2L1	BCL2L1	full-splice_match	YES	6.66	8.99	20.29
PB.10587.1	Protein_PB.10587.1	FOXS1	FOXS1	full-splice_match	YES	22.52	12.82	14.31
PB.10589.1	Protein_PB.10589.1	PDRG1	PDRG1	full-splice_match	YES	171.03	183.05	150.25
PB.10593.1	Protein_PB.10593.1	PLAGL2	PLAGL2	full-splice_match	YES	23.6	22.11	40.72
PB.10599.2	Protein_PB.10599.2	COMMD7	COMMD7	full-splice_match	YES	75.72	67.79	58.84
PB.10599.3	Protein_PB.10599.3	COMMD7	COMMD7	full-splice_match	YES	26.04	29.23	16.53
PB.10599.9	Protein_PB.10599.9	COMMD7	COMMD7	novel_in_catalog	YES	22.07	21.3	37.57
PB.10601.1	Protein_PB.10601.1	CDK5RAP1	CDK5RAP1	full-splice_match	YES	285.14	276.57	246.02
PB.10602.1	Protein_PB.10602.1	SNTA1	SNTA1	full-splice_match	YES	2839.15	2858.86	2234.28
PB.10602.2	Protein_PB.10602.2	SNTA1	SNTA1	full-splice_match	YES	201.04	200.94	286.21
PB.10604.1	Protein_PB.10604.1	NECAB3	NECAB3	full-splice_match	YES	25.31	33.0	39.79
PB.10605.4	Protein_PB.10605.4	PXMP4	PXMP4	novel_not_in_catalog	YES	10.03	11.94	19.86
PB.10605.5	Protein_PB.10605.5	PXMP4	PXMP4	full-splice_match	YES	111.16	106.27	131.82
PB.10605.6	Protein_PB.10605.6	PXMP4	PXMP4	full-splice_match	YES	20.39	4.22	1.45
PB.10607.3	Protein_PB.10607.3	EIF2S2	EIF2S2	full-splice_match	YES	442.17	428.97	474.11
PB.10607.6	Protein_PB.10607.6	EIF2S2	EIF2S2	novel_not_in_catalog	YES	547.88	551.48	533.45
PB.10607.7	Protein_PB.10607.7	EIF2S2	EIF2S2	novel_not_in_catalog	YES	39.93	30.34	29.5
PB.10608.1	Protein_PB.10608.1	AHCY	AHCY	full-splice_match	YES	40.19	33.96	121.11
PB.10608.2	Protein_PB.10608.2	AHCY	AHCY	full-splice_match	YES	2775.11	2266.43	2718.35
PB.10611.1	Protein_PB.10611.1	PIGU	PIGU	full-splice_match	YES	86.48	89.11	71.24
PB.10613.1	Protein_PB.10613.1	NCOA6	NCOA6	full-splice_match	YES	8.98	18.71	6.97
PB.10613.5	Protein_PB.10613.5	NCOA6	NCOA6	full-splice_match	YES	16.57	19.76	29.0
PB.10613.7	Protein_PB.10613.7	NCOA6	NCOA6	incomplete-splice_match	YES	40.63	26.8	54.2
PB.10613.8	Protein_PB.10613.8	NCOA6	NCOA6	incomplete-splice_match	YES	29.63	19.63	31.28
PB.10615.4	Protein_PB.10615.4	GSS	GSS	full-splice_match	YES	35.94	39.98	29.31
PB.10615.5	Protein_PB.10615.5	GSS	GSS	full-splice_match	YES	119.56	92.52	51.43
PB.10616.1	Protein_PB.10616.1	TRPC4AP	TRPC4AP	full-splice_match	YES	783.1	710.95	824.46
PB.10616.2	Protein_PB.10616.2	TRPC4AP	TRPC4AP	full-splice_match	YES	71.52	90.05	77.72
PB.10617.2	Protein_PB.10617.2	LOC113258529	LOC113258529	full-splice_match	YES	79.96	87.69	90.71
PB.10618.2	Protein_PB.10618.2	MMP24OS	MMP24OS	full-splice_match	YES	83.38	105.64	98.96
PB.10619.1	Protein_PB.10619.1	EIF6	EIF6	full-splice_match	YES	90.26	83.64	122.9
PB.10619.2	Protein_PB.10619.2	EIF6	EIF6	full-splice_match	YES	101.31	122.36	109.82
PB.10620.1	Protein_PB.10620.1	FAM83C_LOC113258537	FAM83C_LOC113258537	fusion	YES	28.07	27.53	26.86
PB.10620.3	Protein_PB.10620.3	LOC113258537	LOC113258537	full-splice_match	YES	91.12	99.62	107.2
PB.10620.7	Protein_PB.10620.7	LOC113258537	LOC113258537	full-splice_match	YES	1408.31	1471.36	774.47
PB.10622.2	Protein_PB.10622.2	LOC113258274	LOC113258274	full-splice_match	YES	54.0	55.84	38.51
PB.10623.1	Protein_PB.10623.1	LOC113258542	LOC113258542	full-splice_match	YES	42.69	25.5	45.75
PB.10623.11	Protein_PB.10623.11	LOC113258542	LOC113258542	novel_in_catalog	YES	45.42	16.15	5.96
PB.10623.13	Protein_PB.10623.13	LOC113258542	LOC113258542	full-splice_match	YES	15.71	21.46	29.98
PB.10623.23	Protein_PB.10623.23	LOC113258542	LOC113258542	full-splice_match	YES	10.76	10.73	17.46
PB.10623.24	Protein_PB.10623.24	LOC113258542	LOC113258542	full-splice_match	YES	55.39	59.37	95.57
PB.10623.26	Protein_PB.10623.26	LOC113258542	LOC113258542	full-splice_match	YES	28.48	29.42	19.41
PB.10623.29	Protein_PB.10623.29	LOC113258542	LOC113258542	full-splice_match	YES	26.09	41.33	24.35
PB.10623.32	Protein_PB.10623.32	LOC113258542	LOC113258542	full-splice_match	YES	23.25	27.64	16.32
PB.10623.34	Protein_PB.10623.34	LOC113258542	LOC113258542	full-splice_match	YES	74.25	47.63	72.24
PB.10624.5	Protein_PB.10624.5	NFS1	NFS1	full-splice_match	YES	336.52	424.77	190.95
PB.10625.28	Protein_PB.10625.28	RBM39	RBM39	novel_not_in_catalog	YES	18.79	29.27	34.55
PB.10625.37	Protein_PB.10625.37	RBM39	RBM39	novel_not_in_catalog	YES	26.42	30.96	24.46
PB.10625.38	Protein_PB.10625.38	RBM39	RBM39	novel_not_in_catalog	YES	50.9	13.92	41.26
PB.10625.40	Protein_PB.10625.40	RBM39	RBM39	novel_not_in_catalog	YES	323.09	315.05	348.58
PB.10625.43	Protein_PB.10625.43	RBM39	RBM39	novel_not_in_catalog	YES	11.0	3.18	21.11
PB.10625.8	Protein_PB.10625.8	RBM39	RBM39	full-splice_match	YES	178.22	173.68	158.93
PB.10628.1	Protein_PB.10628.1	SCAND1	SCAND1	novel_in_catalog	YES	109.59	107.45	122.4
PB.1063.7	Protein_PB.1063.7	GNAI1	GNAI1	full-splice_match	YES	65.26	52.72	47.83
PB.10631.3		LOC113258560	LOC113258560	full-splice_match	NO	9.53	11.35	23.51
PB.10633.19	Protein_PB.10633.19	NDRG3	NDRG3	full-splice_match	YES	27.48	10.13	28.24
PB.10636.1	Protein_PB.10636.1	SOGA1	SOGA1	full-splice_match	YES	59.73	29.53	52.86
PB.10637.1	Protein_PB.10637.1	SAMHD1	SAMHD1	novel_not_in_catalog	YES	9.02	8.73	18.86
PB.10637.8	Protein_PB.10637.8	SAMHD1	SAMHD1	full-splice_match	YES	117.5	74.4	25.05
PB.10639.1	Protein_PB.10639.1	RBL1	RBL1	full-splice_match	YES	17.91	35.25	33.35
PB.10639.2	Protein_PB.10639.2	RBL1	RBL1	novel_in_catalog	YES	31.45	10.37	17.44
PB.10639.3	Protein_PB.10639.3	RBL1	RBL1	incomplete-splice_match	YES	21.66	18.1	14.34
PB.1064.1	Protein_PB.1064.1	CD36	CD36	novel_not_in_catalog	YES	6.71	18.27	20.39
PB.1064.11	Protein_PB.1064.11	CD36	CD36	novel_not_in_catalog	YES	43.3	96.09	36.7
PB.1064.12	Protein_PB.1064.12	CD36	CD36	novel_not_in_catalog	YES	3.23	21.71	8.61
PB.1064.13	Protein_PB.1064.13	CD36	CD36	novel_not_in_catalog	YES	32.0	78.54	23.5
PB.1064.14	Protein_PB.1064.14	CD36	CD36	novel_not_in_catalog	YES	19.24	59.17	69.1
PB.1064.16	Protein_PB.1064.16	CD36	CD36	novel_not_in_catalog	YES	66.24	165.48	81.39
PB.1064.17	Protein_PB.1064.17	CD36	CD36	novel_not_in_catalog	YES	962.18	2096.71	846.64
PB.1064.2	Protein_PB.1064.2	CD36	CD36	full-splice_match	YES	170.3	468.87	241.39
PB.1064.20	Protein_PB.1064.20	CD36	CD36	novel_not_in_catalog	YES	30.18	60.63	39.54
PB.1064.21	Protein_PB.1064.21	CD36	CD36	novel_not_in_catalog	YES	10.17	33.09	35.76
PB.1064.22	Protein_PB.1064.22	CD36	CD36	novel_not_in_catalog	YES	123.75	258.84	206.43
PB.1064.23	Protein_PB.1064.23	CD36	CD36	novel_not_in_catalog	YES	17.04	14.41	11.37
PB.1064.26	Protein_PB.1064.26	CD36	CD36	novel_not_in_catalog	YES	10.88	8.95	38.85
PB.1064.30	Protein_PB.1064.30	CD36	CD36	novel_not_in_catalog	YES	24.53	45.13	24.89
PB.1064.4	Protein_PB.1064.4	CD36	CD36	incomplete-splice_match	YES	118.37	101.07	97.81
PB.1064.40	Protein_PB.1064.40	CD36	CD36	novel_not_in_catalog	YES	115.32	72.76	141.53
PB.1064.44	Protein_PB.1064.44	CD36	CD36	novel_not_in_catalog	YES	22.19	13.71	23.0
PB.1064.46	Protein_PB.1064.46	CD36	CD36	novel_in_catalog	YES	17.15	21.51	9.8
PB.1064.48	Protein_PB.1064.48	CD36	CD36	incomplete-splice_match	YES	605.02	739.91	759.69
PB.1064.5	Protein_PB.1064.5	CD36	CD36	novel_not_in_catalog	YES	4.06	36.95	43.99
PB.1064.57	Protein_PB.1064.57	CD36	CD36	novel_not_in_catalog	YES	9.8	19.14	17.9
PB.1064.60	Protein_PB.1064.60	CD36	CD36	novel_in_catalog	YES	15.3	17.58	20.61
PB.1064.7	Protein_PB.1064.7	CD36	CD36	novel_in_catalog	YES	0.0	10.81	23.32
PB.1064.74	Protein_PB.1064.74	CD36	CD36	incomplete-splice_match	YES	635.42	234.19	522.46
PB.1064.78	Protein_PB.1064.78	CD36	CD36	incomplete-splice_match	YES	190.86	217.04	403.97
PB.10642.1		BLCAP	BLCAP	full-splice_match	NO	67.93	80.21	116.1
PB.10642.3	Protein_PB.10642.3	BLCAP	BLCAP	novel_not_in_catalog	YES	811.15	747.53	1280.35
PB.10642.5		BLCAP	BLCAP	full-splice_match	NO	170.83	200.0	203.72
PB.10643.2	Protein_PB.10643.2	TTI1	TTI1	full-splice_match	YES	54.43	55.38	24.4
PB.10644.1	Protein_PB.10644.1	TGM2	TGM2	full-splice_match	YES	329.52	257.06	277.3
PB.10645.1	Protein_PB.10645.1	KIAA1755	KIAA1755	full-splice_match	YES	26.06	9.18	15.21
PB.10651.1	Protein_PB.10651.1	MAFB	MAFB	full-splice_match	YES	144.81	121.34	173.72
PB.10653.3	Protein_PB.10653.3	ZHX3	ZHX3	full-splice_match	YES	11.8	14.63	28.89
PB.10653.4	Protein_PB.10653.4	ZHX3	ZHX3	full-splice_match	YES	193.44	166.57	181.66
PB.10655.5	Protein_PB.10655.5	CHD6	CHD6	full-splice_match	YES	111.98	75.1	83.11
PB.10655.6	Protein_PB.10655.6	CHD6	CHD6	novel_in_catalog	YES	35.87	31.33	38.76
PB.10655.8	Protein_PB.10655.8	CHD6	CHD6	incomplete-splice_match	YES	57.35	46.49	77.1
PB.10661.1	Protein_PB.10661.1	LOC113258282	LOC113258282	full-splice_match	YES	227.57	183.72	233.71
PB.10661.2	Protein_PB.10661.2	LOC113258282	LOC113258282	novel_not_in_catalog	YES	1198.37	970.15	1116.89
PB.10662.1	Protein_PB.10662.1	LOC113258625	LOC113258625	full-splice_match	YES	613.79	520.65	630.31
PB.10663.1	Protein_PB.10663.1	OSER1	OSER1	full-splice_match	YES	266.16	332.62	261.95
PB.10664.2	Protein_PB.10664.2	FITM2	FITM2	novel_not_in_catalog	YES	56.92	55.22	79.47
PB.10664.3	Protein_PB.10664.3	FITM2	FITM2	novel_not_in_catalog	YES	61.22	67.25	64.58
PB.10664.4	Protein_PB.10664.4	FITM2	FITM2	novel_not_in_catalog	YES	34.39	42.25	66.79
PB.10665.2	Protein_PB.10665.2	SERINC3	SERINC3	novel_not_in_catalog	YES	163.75	162.73	121.73
PB.10665.3	Protein_PB.10665.3	SERINC3	SERINC3	full-splice_match	YES	32.09	38.0	74.26
PB.10665.5	Protein_PB.10665.5	SERINC3	SERINC3	novel_not_in_catalog	YES	298.68	308.02	258.14
PB.10668.1	Protein_PB.10668.1	RIMS4	RIMS4	full-splice_match	YES	18.53	17.71	19.52
PB.10674.2	Protein_PB.10674.2	SDC4	SDC4	full-splice_match	YES	162.13	203.79	215.34
PB.10681.2	Protein_PB.10681.2	WFDC3	WFDC3	full-splice_match	YES	47.34	32.86	33.07
PB.10682.1	Protein_PB.10682.1	TNNC2	TNNC2	novel_not_in_catalog	YES	27689.12	13450.85	21897.06
PB.10682.2	Protein_PB.10682.2	TNNC2	TNNC2	novel_not_in_catalog	YES	41.95	21.61	25.8
PB.10682.3	Protein_PB.10682.3	TNNC2	TNNC2	full-splice_match	YES	25.33	9.94	30.06
PB.10683.4	Protein_PB.10683.4	ACOT8	ACOT8	full-splice_match	YES	62.91	67.54	44.76
PB.10684.2	Protein_PB.10684.2	NEURL2_SPATA25	NEURL2_SPATA25	full-splice_match	YES	262.3	264.75	530.03
PB.10685.3	Protein_PB.10685.3	PLTP	PLTP	full-splice_match	YES	76.87	52.3	70.14
PB.10687.2	Protein_PB.10687.2	ZNF335	ZNF335	full-splice_match	YES	24.47	16.14	34.65
PB.10687.3	Protein_PB.10687.3	ZNF335	ZNF335	full-splice_match	YES	38.58	22.96	21.75
PB.10687.5	Protein_PB.10687.5	ZNF335	ZNF335	novel_not_in_catalog	YES	49.69	48.84	33.79
PB.10688.1	Protein_PB.10688.1	NCOA5	NCOA5	full-splice_match	YES	48.78	53.62	72.83
PB.10688.4	Protein_PB.10688.4	NCOA5	NCOA5	full-splice_match	YES	19.21	21.21	23.4
PB.10691.2	Protein_PB.10691.2	ELMO2	ELMO2	full-splice_match	YES	20.04	50.58	69.88
PB.10691.3	Protein_PB.10691.3	ELMO2	ELMO2	full-splice_match	YES	311.31	320.82	238.19
PB.10696.1	Protein_PB.10696.1	TP53RK	TP53RK	full-splice_match	YES	45.15	42.66	29.5
PB.10698.14	Protein_PB.10698.14	ZMYND8	ZMYND8	full-splice_match	YES	22.8	21.26	50.08
PB.10698.18	Protein_PB.10698.18	ZMYND8	ZMYND8	full-splice_match	YES	20.55	17.29	14.85
PB.10699.1	Protein_PB.10699.1	SULF2	SULF2	full-splice_match	YES	117.79	93.42	76.82
PB.10699.2	Protein_PB.10699.2	SULF2	SULF2	full-splice_match	YES	28.99	15.78	24.39
PB.1070.1	Protein_PB.1070.1	LOC113259354	LOC113259354	full-splice_match	YES	823.55	627.84	692.78
PB.10700.1	Protein_PB.10700.1	PREX1	PREX1	full-splice_match	YES	155.39	115.05	130.15
PB.10700.2	Protein_PB.10700.2	PREX1	PREX1	full-splice_match	YES	19.6	58.64	28.83
PB.10702.1	Protein_PB.10702.1	STAU1	STAU1	full-splice_match	YES	35.37	32.15	59.08
PB.10702.10	Protein_PB.10702.10	STAU1	STAU1	novel_not_in_catalog	YES	21.15	38.05	57.97
PB.10702.12	Protein_PB.10702.12	STAU1	STAU1	novel_not_in_catalog	YES	39.07	58.89	33.26
PB.10702.15	Protein_PB.10702.15	STAU1	STAU1	novel_not_in_catalog	YES	32.53	34.37	44.48
PB.10702.17	Protein_PB.10702.17	STAU1	STAU1	novel_not_in_catalog	YES	12.01	13.16	51.38
PB.10702.18	Protein_PB.10702.18	STAU1	STAU1	novel_not_in_catalog	YES	26.44	21.77	27.1
PB.10702.25	Protein_PB.10702.25	STAU1	STAU1	novel_not_in_catalog	YES	63.74	72.85	21.21
PB.10702.4	Protein_PB.10702.4	STAU1	STAU1	full-splice_match	YES	56.35	35.32	29.14
PB.10702.7	Protein_PB.10702.7	STAU1	STAU1	full-splice_match	YES	116.41	112.9	138.24
PB.10702.8	Protein_PB.10702.8	STAU1	STAU1	novel_in_catalog	YES	42.39	18.68	27.5
PB.10703.1	Protein_PB.10703.1	ZNFX1	ZNFX1	full-splice_match	YES	571.67	520.12	615.84
PB.10704.1	Protein_PB.10704.1	KCNB1	KCNB1	full-splice_match	YES	74.4	88.67	83.04
PB.10704.2	Protein_PB.10704.2	KCNB1	KCNB1	full-splice_match	YES	62.2	78.02	260.75
PB.10705.1	Protein_PB.10705.1	PTGIS	PTGIS	full-splice_match	YES	384.19	257.21	240.93
PB.10706.1	Protein_PB.10706.1	B4GALT5	B4GALT5	full-splice_match	YES	130.2	126.78	130.57
PB.10707.1	Protein_PB.10707.1	SPATA2	SPATA2	full-splice_match	YES	75.73	64.12	76.5
PB.10709.2	Protein_PB.10709.2	UBE2V1	UBE2V1	full-splice_match	YES	149.98	146.91	138.32
PB.10709.6	Protein_PB.10709.6	UBE2V1	UBE2V1	full-splice_match	YES	23.19	13.17	23.66
PB.10709.7		UBE2V1	UBE2V1	novel_in_catalog	NO	31.22	14.54	37.36
PB.10710.2	Protein_PB.10710.2	TMEM189	TMEM189	full-splice_match	YES	58.18	74.99	66.6
PB.10713.7	Protein_PB.10713.7	ADNP	ADNP	full-splice_match	YES	37.74	38.67	40.04
PB.10713.8	Protein_PB.10713.8	ADNP	ADNP	novel_not_in_catalog	YES	173.41	144.7	171.98
PB.10714.1	Protein_PB.10714.1	DPM1	DPM1	full-splice_match	YES	49.16	52.26	52.47
PB.10714.3	Protein_PB.10714.3	DPM1	DPM1	full-splice_match	YES	92.9	104.57	89.67
PB.10716.1	Protein_PB.10716.1	NFATC2	NFATC2	full-splice_match	YES	51.81	32.86	111.7
PB.10716.2	Protein_PB.10716.2	NFATC2	NFATC2	full-splice_match	YES	43.19	55.44	82.37
PB.10717.3	Protein_PB.10717.3	ATP9A	ATP9A	full-splice_match	YES	336.68	288.13	327.98
PB.10717.4	Protein_PB.10717.4	ATP9A	ATP9A	full-splice_match	YES	137.02	128.3	196.86
PB.10719.3	Protein_PB.10719.3	ZFP64	ZFP64	full-splice_match	YES	42.37	46.5	36.67
PB.1072.4	Protein_PB.1072.4	DMTF1	DMTF1	full-splice_match	YES	28.95	30.61	21.6
PB.1072.6	Protein_PB.1072.6	DMTF1	DMTF1	novel_not_in_catalog	YES	24.86	12.44	9.24
PB.10721.2	Protein_PB.10721.2	ZNF217	ZNF217	full-splice_match	YES	32.5	28.17	28.2
PB.10721.3	Protein_PB.10721.3	ZNF217	ZNF217	novel_not_in_catalog	YES	32.62	20.69	30.6
PB.10729.3	Protein_PB.10729.3	AURKA	AURKA	full-splice_match	YES	30.41	28.49	22.71
PB.10731.1	Protein_PB.10731.1	BMP7	BMP7	full-splice_match	YES	13.36	9.98	16.42
PB.10734.3	Protein_PB.10734.3	PMEPA1	PMEPA1	full-splice_match	YES	160.19	103.37	81.53
PB.10734.4	Protein_PB.10734.4	PMEPA1	PMEPA1	full-splice_match	YES	32.55	24.32	18.44
PB.10738.4	Protein_PB.10738.4	LOC113258763	LOC113258763	novel_in_catalog	YES	11.56	14.25	20.66
PB.10738.5	Protein_PB.10738.5	LOC113258763	LOC113258763	full-splice_match	YES	16.56	16.06	21.25
PB.1074.10	Protein_PB.1074.10	CROT	CROT	novel_not_in_catalog	YES	32.8	37.89	17.94
PB.1074.12	Protein_PB.1074.12	CROT	CROT	novel_in_catalog	YES	25.58	23.77	13.52
PB.1074.15	Protein_PB.1074.15	CROT	CROT	novel_in_catalog	YES	46.07	95.0	35.93
PB.1074.18	Protein_PB.1074.18	CROT	CROT	novel_in_catalog	YES	18.72	6.29	11.34
PB.1074.9	Protein_PB.1074.9	CROT	CROT	novel_in_catalog	YES	21.8	43.35	32.82
PB.10740.1	Protein_PB.10740.1	CTSZ	CTSZ	full-splice_match	YES	105.46	70.85	108.24
PB.10741.2		ATP5F1E	ATP5F1E	full-splice_match	NO	2817.86	3018.69	2276.59
PB.10742.3	Protein_PB.10742.3	PRELID3B	PRELID3B	full-splice_match	YES	373.87	399.03	230.78
PB.10744.1	Protein_PB.10744.1	SYCP2	SYCP2	full-splice_match	YES	23.01	13.06	45.86
PB.10745.1	Protein_PB.10745.1	PPP1R3D	PPP1R3D	full-splice_match	YES	197.43	162.48	272.73
PB.10748.1	Protein_PB.10748.1	TAF4	TAF4	novel_not_in_catalog	YES	21.41	23.92	31.1
PB.10749.1	Protein_PB.10749.1	PSMA7	PSMA7	full-splice_match	YES	836.2	980.65	1135.31
PB.1075.1	Protein_PB.1075.1	RUNDC3B	RUNDC3B	full-splice_match	YES	10.3	32.52	55.83
PB.1075.2	Protein_PB.1075.2	RUNDC3B	RUNDC3B	full-splice_match	YES	32.4	24.58	30.31
PB.1075.4	Protein_PB.1075.4	RUNDC3B	RUNDC3B	full-splice_match	YES	23.67	8.21	5.22
PB.10751.1	Protein_PB.10751.1	LAMA5	LAMA5	incomplete-splice_match	YES	49.83	93.45	31.22
PB.10751.2	Protein_PB.10751.2	LAMA5	LAMA5	full-splice_match	YES	81.2	57.42	71.35
PB.10752.1	Protein_PB.10752.1	CABLES2	CABLES2	full-splice_match	YES	86.09	85.07	105.28
PB.10756.1	Protein_PB.10756.1	TCFL5	TCFL5	full-splice_match	YES	31.46	22.22	31.91
PB.10757.1	Protein_PB.10757.1	DIDO1	DIDO1	full-splice_match	YES	68.31	50.54	67.7
PB.10757.10	Protein_PB.10757.10	DIDO1	DIDO1	incomplete-splice_match	YES	47.58	42.42	44.65
PB.10757.12	Protein_PB.10757.12	DIDO1	DIDO1	novel_not_in_catalog	YES	58.92	51.19	57.03
PB.10757.2	Protein_PB.10757.2	DIDO1	DIDO1	full-splice_match	YES	21.22	16.07	11.71
PB.10757.8	Protein_PB.10757.8	DIDO1	DIDO1	incomplete-splice_match	YES	32.34	22.9	54.63
PB.10759.1	Protein_PB.10759.1	YTHDF1	YTHDF1	full-splice_match	YES	297.96	276.98	278.63
PB.10762.1	Protein_PB.10762.1	EEF1A2	EEF1A2	novel_not_in_catalog	YES	10060.45	9976.66	11020.73
PB.10762.2	Protein_PB.10762.2	EEF1A2	EEF1A2	full-splice_match	YES	21170.32	20657.87	19497.25
PB.10762.3	Protein_PB.10762.3	EEF1A2	EEF1A2	incomplete-splice_match	YES	2053.67	2195.76	2056.21
PB.10765.1	Protein_PB.10765.1	HELZ2	HELZ2	full-splice_match	YES	60.78	38.64	63.65
PB.10766.1	Protein_PB.10766.1	GMEB2	GMEB2	novel_in_catalog	YES	122.99	131.31	128.24
PB.10768.2	Protein_PB.10768.2	ARFRP1	ARFRP1	full-splice_match	YES	344.36	395.25	356.96
PB.10769.1	Protein_PB.10769.1	ZBTB46	ZBTB46	full-splice_match	YES	94.32	83.86	72.67
PB.1077.6	Protein_PB.1077.6	ADAM22	ADAM22	full-splice_match	YES	42.61	26.61	34.74
PB.1077.8	Protein_PB.1077.8	ADAM22	ADAM22	full-splice_match	YES	94.62	63.47	58.7
PB.10770.13	Protein_PB.10770.13	UCKL1	UCKL1	novel_not_in_catalog	YES	132.73	235.9	162.61
PB.10770.15	Protein_PB.10770.15	UCKL1	UCKL1	novel_in_catalog	YES	15.32	24.27	20.36
PB.10770.16	Protein_PB.10770.16	UCKL1	UCKL1	novel_in_catalog	YES	55.86	43.42	92.25
PB.10770.17	Protein_PB.10770.17	UCKL1	UCKL1	novel_not_in_catalog	YES	99.74	145.95	117.8
PB.10770.18	Protein_PB.10770.18	UCKL1	UCKL1	novel_in_catalog	YES	9.67	63.35	10.68
PB.10770.3	Protein_PB.10770.3	UCKL1	UCKL1	full-splice_match	YES	76.84	83.08	39.32
PB.10770.4	Protein_PB.10770.4	UCKL1	UCKL1	full-splice_match	YES	117.06	177.01	111.43
PB.10770.8	Protein_PB.10770.8	UCKL1	UCKL1	full-splice_match	YES	46.71	40.09	55.27
PB.10771.1	Protein_PB.10771.1	ZNF512B	ZNF512B	full-splice_match	YES	131.92	158.38	199.85
PB.10771.2	Protein_PB.10771.2	ZNF512B	ZNF512B	full-splice_match	YES	127.65	136.11	89.22
PB.10773.1	Protein_PB.10773.1	SOX18	SOX18	full-splice_match	YES	20.44	16.76	11.6
PB.10778.1	Protein_PB.10778.1	GPR137B	GPR137B	full-splice_match	YES	49.12	55.57	69.39
PB.10780.1	Protein_PB.10780.1	LGALS8	LGALS8	full-splice_match	YES	23.23	23.95	23.29
PB.10780.2	Protein_PB.10780.2	LGALS8	LGALS8	full-splice_match	YES	42.45	28.82	30.83
PB.10780.7	Protein_PB.10780.7	LGALS8	LGALS8	novel_not_in_catalog	YES	30.65	21.49	25.4
PB.10781.1	Protein_PB.10781.1	ACTN2	ACTN2	incomplete-splice_match	YES	910.56	800.99	393.01
PB.10781.10	Protein_PB.10781.10	ACTN2	ACTN2	novel_not_in_catalog	YES	49.48	44.07	46.91
PB.10781.11	Protein_PB.10781.11	ACTN2	ACTN2	incomplete-splice_match	YES	16.22	13.85	32.31
PB.10781.2	Protein_PB.10781.2	ACTN2	ACTN2	novel_in_catalog	YES	38.21	57.31	32.73
PB.10781.3	Protein_PB.10781.3	ACTN2	ACTN2	novel_not_in_catalog	YES	66.53	90.13	55.46
PB.10781.5	Protein_PB.10781.5	ACTN2	ACTN2	full-splice_match	YES	27373.57	32194.36	24225.72
PB.10781.6	Protein_PB.10781.6	ACTN2	ACTN2	novel_in_catalog	YES	6708.2	7704.43	8361.63
PB.10781.7	Protein_PB.10781.7	ACTN2	ACTN2	full-splice_match	YES	24.8	44.15	28.2
PB.10781.8	Protein_PB.10781.8	ACTN2	ACTN2	novel_not_in_catalog	YES	7642.77	8860.84	9117.35
PB.10781.9	Protein_PB.10781.9	ACTN2	ACTN2	incomplete-splice_match	YES	12191.14	14046.9	11586.11
PB.10782.2	Protein_PB.10782.2	MTR	MTR	full-splice_match	YES	10.44	17.02	17.83
PB.10782.4	Protein_PB.10782.4	MTR	MTR	full-splice_match	YES	85.03	75.51	75.84
PB.10782.5	Protein_PB.10782.5	MTR	MTR	full-splice_match	YES	95.32	71.82	95.35
PB.10782.8	Protein_PB.10782.8	MTR	MTR	novel_not_in_catalog	YES	91.2	74.91	78.52
PB.10783.1	Protein_PB.10783.1	RYR2	RYR2	full-splice_match	YES	22.17	10.51	21.62
PB.10789.10	Protein_PB.10789.10	ZNF25	ZNF25	novel_not_in_catalog	YES	25.17	30.16	49.55
PB.10789.11	Protein_PB.10789.11	ZNF25	ZNF25	novel_in_catalog	YES	27.28	5.72	17.88
PB.10789.12	Protein_PB.10789.12	ZNF25	ZNF25	novel_in_catalog	YES	80.21	74.08	126.51
PB.10789.13	Protein_PB.10789.13	ZNF25	ZNF25	novel_not_in_catalog	YES	27.96	43.22	39.68
PB.10789.14	Protein_PB.10789.14	ZNF25	ZNF25	novel_not_in_catalog	YES	88.02	65.95	41.34
PB.10789.3	Protein_PB.10789.3	ZNF25	ZNF25	novel_in_catalog	YES	176.66	76.89	123.77
PB.10789.5	Protein_PB.10789.5	ZNF25	ZNF25	full-splice_match	YES	7.39	12.73	18.02
PB.10789.9	Protein_PB.10789.9	ZNF25	ZNF25	incomplete-splice_match	YES	31.2	39.98	36.64
PB.10790.5	Protein_PB.10790.5	ZNF248	ZNF248	novel_in_catalog	YES	94.61	85.92	70.88
PB.10793.2	Protein_PB.10793.2	LIPA	LIPA	full-splice_match	YES	24.61	28.21	29.55
PB.10796.10	Protein_PB.10796.10	ACTA2	ACTA2	novel_in_catalog	YES	16.19	16.09	17.57
PB.10796.9	Protein_PB.10796.9	ACTA2	ACTA2	full-splice_match	YES	921.25	601.48	952.7
PB.10798.7	Protein_PB.10798.7	RNLS	RNLS	incomplete-splice_match	YES	53.6	48.94	32.91
PB.108.2	Protein_PB.108.2	TIAM1	TIAM1	full-splice_match	YES	19.13	14.86	16.16
PB.10800.1	Protein_PB.10800.1	ATAD1	ATAD1	full-splice_match	YES	815.75	1016.32	897.57
PB.10800.2	Protein_PB.10800.2	ATAD1	ATAD1	novel_not_in_catalog	YES	54.05	59.65	35.67
PB.10800.3	Protein_PB.10800.3	ATAD1	ATAD1	novel_in_catalog	YES	7.36	3.13	18.75
PB.10800.4	Protein_PB.10800.4	ATAD1	ATAD1	novel_in_catalog	YES	10.44	9.07	18.73
PB.10800.5	Protein_PB.10800.5	ATAD1	ATAD1	novel_not_in_catalog	YES	21.72	26.12	24.02
PB.10800.6	Protein_PB.10800.6	ATAD1	ATAD1	novel_not_in_catalog	YES	26.81	29.5	8.88
PB.10802.10	Protein_PB.10802.10	SGMS1	SGMS1	full-splice_match	YES	12.63	13.47	30.46
PB.10802.11	Protein_PB.10802.11	SGMS1	SGMS1	full-splice_match	YES	15.93	13.52	17.75
PB.10802.12	Protein_PB.10802.12	SGMS1	SGMS1	novel_not_in_catalog	YES	47.25	40.36	9.45
PB.10802.4	Protein_PB.10802.4	SGMS1	SGMS1	full-splice_match	YES	51.13	52.51	55.88
PB.10802.9	Protein_PB.10802.9	SGMS1	SGMS1	full-splice_match	YES	199.12	207.96	214.6
PB.10806.1	Protein_PB.10806.1	PRKG1	PRKG1	full-splice_match	YES	111.19	106.12	84.86
PB.10806.3	Protein_PB.10806.3	PRKG1	PRKG1	novel_not_in_catalog	YES	483.31	695.58	590.58
PB.10806.5	Protein_PB.10806.5	PRKG1	PRKG1	novel_not_in_catalog	YES	63.36	65.31	29.86
PB.10818.1	Protein_PB.10818.1	NID1	NID1	full-splice_match	YES	276.48	201.24	130.52
PB.10818.4	Protein_PB.10818.4	NID1	NID1	novel_not_in_catalog	YES	51.53	53.36	32.21
PB.10818.7	Protein_PB.10818.7	NID1	NID1	novel_not_in_catalog	YES	118.75	48.04	60.92
PB.10819.1	Protein_PB.10819.1	LYST	LYST	full-splice_match	YES	187.34	182.55	256.98
PB.10821.1	Protein_PB.10821.1	B3GALNT2	B3GALNT2	full-splice_match	YES	736.68	760.02	598.79
PB.10822.1	Protein_PB.10822.1	ARID4B	ARID4B	full-splice_match	YES	71.66	114.59	78.56
PB.10822.3	Protein_PB.10822.3	ARID4B	ARID4B	full-splice_match	YES	89.51	69.77	85.43
PB.10822.4	Protein_PB.10822.4	ARID4B	ARID4B	novel_in_catalog	YES	17.95	13.59	29.69
PB.10823.2	Protein_PB.10823.2	RBM34	RBM34	full-splice_match	YES	138.91	146.77	184.0
PB.10824.2	Protein_PB.10824.2	TOMM20	TOMM20	novel_not_in_catalog	YES	318.28	337.02	388.87
PB.10824.4	Protein_PB.10824.4	TOMM20	TOMM20	incomplete-splice_match	YES	17.42	12.55	21.58
PB.10824.5	Protein_PB.10824.5	TOMM20	TOMM20	full-splice_match	YES	1104.81	1254.04	1668.62
PB.10830.1	Protein_PB.10830.1	IRF2BP2	IRF2BP2	full-splice_match	YES	117.49	86.12	97.67
PB.10830.2	Protein_PB.10830.2	IRF2BP2	IRF2BP2	full-splice_match	YES	334.81	341.02	295.72
PB.10833.6	Protein_PB.10833.6	TARBP1	TARBP1	full-splice_match	YES	79.96	101.17	95.57
PB.10833.7	Protein_PB.10833.7	TARBP1	TARBP1	incomplete-splice_match	YES	90.76	91.62	93.34
PB.10840.1	Protein_PB.10840.1	EGLN1	EGLN1	novel_not_in_catalog	YES	30.49	72.24	54.38
PB.10840.2	Protein_PB.10840.2	EGLN1	EGLN1	full-splice_match	YES	40.53	59.73	49.2
PB.10840.3	Protein_PB.10840.3	EGLN1	EGLN1	full-splice_match	YES	16.18	18.42	43.18
PB.10840.5	Protein_PB.10840.5	EGLN1	EGLN1	full-splice_match	YES	861.69	1020.35	964.18
PB.10842.1	Protein_PB.10842.1	EXOC8	EXOC8	full-splice_match	YES	113.65	108.13	99.06
PB.10842.2		EXOC8	EXOC8	full-splice_match	NO	52.75	53.93	49.13
PB.10843.2	Protein_PB.10843.2	CUNH1orf131	CUNH1orf131	full-splice_match	YES	28.5	32.94	46.68
PB.10843.3	Protein_PB.10843.3	CUNH1orf131	CUNH1orf131	novel_not_in_catalog	YES	14.11	8.44	19.43
PB.10844.1	Protein_PB.10844.1	FAM89A	FAM89A	full-splice_match	YES	22.72	17.04	21.86
PB.10845.2	Protein_PB.10845.2	TTC13	TTC13	full-splice_match	YES	17.05	17.97	34.04
PB.10845.6	Protein_PB.10845.6	TTC13	TTC13	novel_in_catalog	YES	7.71	8.95	19.95
PB.10846.2	Protein_PB.10846.2	CUNH1orf198	CUNH1orf198	full-splice_match	YES	150.92	83.44	116.08
PB.10846.9	Protein_PB.10846.9	CUNH1orf198	CUNH1orf198	incomplete-splice_match	YES	38.16	26.37	61.9
PB.10847.1	Protein_PB.10847.1	AGT	AGT	full-splice_match	YES	38.01	7.68	37.5
PB.10847.5	Protein_PB.10847.5	AGT	AGT	full-splice_match	YES	29.26	38.67	30.49
PB.1085.2	Protein_PB.1085.2	GTPBP10	GTPBP10	full-splice_match	YES	152.3	162.02	59.89
PB.10852.1	Protein_PB.10852.1	TAF5L	TAF5L	full-splice_match	YES	113.66	121.53	136.82
PB.10852.2	Protein_PB.10852.2	TAF5L	TAF5L	full-splice_match	YES	20.73	23.35	28.04
PB.10853.2	Protein_PB.10853.2	ABCB10	ABCB10	full-splice_match	YES	147.97	144.32	160.56
PB.10853.3	Protein_PB.10853.3	ABCB10	ABCB10	full-splice_match	YES	220.27	211.15	143.04
PB.10853.4	Protein_PB.10853.4	ABCB10	ABCB10	incomplete-splice_match	YES	234.84	190.24	217.85
PB.10853.6	Protein_PB.10853.6	ABCB10	ABCB10	incomplete-splice_match	YES	16.26	18.26	11.62
PB.10854.1	Protein_PB.10854.1	NUP133	NUP133	full-splice_match	YES	313.61	313.55	347.25
PB.10855.1	Protein_PB.10855.1	ACTA1	ACTA1	novel_not_in_catalog	YES	13074.96	13759.34	16690.28
PB.10855.11	Protein_PB.10855.11	ACTA1	ACTA1	full-splice_match	YES	6298.38	4480.66	6994.46
PB.10855.2	Protein_PB.10855.2	ACTA1	ACTA1	novel_not_in_catalog	YES	297373.5	290266.29	275355.69
PB.10855.3	Protein_PB.10855.3	ACTA1	ACTA1	novel_not_in_catalog	YES	209.67	162.43	167.66
PB.10855.4	Protein_PB.10855.4	ACTA1	ACTA1	novel_not_in_catalog	YES	157.58	111.86	154.02
PB.10855.5	Protein_PB.10855.5	ACTA1	ACTA1	novel_not_in_catalog	YES	314.83	314.29	410.47
PB.10855.6	Protein_PB.10855.6	ACTA1	ACTA1	novel_not_in_catalog	YES	51.03	25.86	36.9
PB.10855.7	Protein_PB.10855.7	ACTA1	ACTA1	novel_not_in_catalog	YES	97.11	98.29	108.92
PB.10855.8	Protein_PB.10855.8	ACTA1	ACTA1	novel_not_in_catalog	YES	84.34	72.46	96.04
PB.10855.9	Protein_PB.10855.9	ACTA1	ACTA1	novel_not_in_catalog	YES	193.84	172.94	145.85
PB.10856.1		novelGene_1220	novelGene_1220	intergenic	NO	147.65	127.96	200.5
PB.10856.2		novelGene_1221	novelGene_1221	intergenic	NO	18.17	21.4	9.43
PB.1086.1	Protein_PB.1086.1	CLDN12	CLDN12	full-splice_match	YES	74.58	77.08	59.83
PB.1086.4	Protein_PB.1086.4	CDK14_CLDN12	CDK14_CLDN12	fusion	YES	14.16	17.63	6.36
PB.1086.6	Protein_PB.1086.6	CDK14	CDK14	full-splice_match	YES	20.59	14.85	15.81
PB.10862.1	Protein_PB.10862.1	CISD1	CISD1	full-splice_match	YES	531.04	654.92	411.09
PB.10862.2		CISD1	CISD1	novel_in_catalog	NO	18.66	17.1	16.0
PB.10862.3	Protein_PB.10862.3	CISD1	CISD1	full-splice_match	YES	295.56	317.06	195.11
PB.10864.1	Protein_PB.10864.1	UBE2D1	UBE2D1	novel_in_catalog	YES	100.03	102.56	135.19
PB.10864.2	Protein_PB.10864.2	UBE2D1	UBE2D1	full-splice_match	YES	133.14	141.67	137.79
PB.10864.3	Protein_PB.10864.3	UBE2D1	UBE2D1	novel_not_in_catalog	YES	314.23	378.23	331.2
PB.10864.4	Protein_PB.10864.4	UBE2D1	UBE2D1	full-splice_match	YES	92.92	113.69	88.11
PB.10865.1	Protein_PB.10865.1	TFAM	TFAM	full-splice_match	YES	266.26	275.95	241.71
PB.10865.2	Protein_PB.10865.2	TFAM	TFAM	novel_not_in_catalog	YES	13.77	22.27	23.93
PB.10866.1	Protein_PB.10866.1	BICC1	BICC1	full-splice_match	YES	22.83	33.29	14.65
PB.10866.2	Protein_PB.10866.2	BICC1	BICC1	full-splice_match	YES	85.94	73.01	102.89
PB.10868.1	Protein_PB.10868.1	PHYHIPL	PHYHIPL	full-splice_match	YES	57.06	73.29	71.82
PB.10878.1	Protein_PB.10878.1	ARID5B	ARID5B	full-splice_match	YES	472.09	399.94	331.8
PB.10878.4	Protein_PB.10878.4	ARID5B	ARID5B	full-splice_match	YES	92.15	58.48	48.0
PB.10880.1	Protein_PB.10880.1	ZNF365	ZNF365	full-splice_match	YES	90.0	80.28	65.65
PB.10882.1	Protein_PB.10882.1	ADO	ADO	full-splice_match	YES	199.68	202.15	229.41
PB.10884.1	Protein_PB.10884.1	NRBF2	NRBF2	full-splice_match	YES	375.75	374.88	265.95
PB.10884.2	Protein_PB.10884.2	NRBF2	NRBF2	full-splice_match	YES	29.37	35.02	52.65
PB.10886.2	Protein_PB.10886.2	REEP3	REEP3	full-splice_match	YES	177.36	141.49	203.78
PB.1089.1	Protein_PB.1089.1	FZD1	FZD1	full-splice_match	YES	15.47	8.7	20.17
PB.1089.2	Protein_PB.1089.2	FZD1	FZD1	full-splice_match	YES	47.84	30.67	58.26
PB.10897.1	Protein_PB.10897.1	SIRT1	SIRT1	full-splice_match	YES	80.06	84.82	107.39
PB.10897.2	Protein_PB.10897.2	SIRT1	SIRT1	incomplete-splice_match	YES	37.32	19.81	23.74
PB.10898.1	Protein_PB.10898.1	MYPN	MYPN	novel_not_in_catalog	YES	1964.63	1875.29	2643.57
PB.10898.2	Protein_PB.10898.2	MYPN	MYPN	novel_not_in_catalog	YES	285.41	384.44	456.34
PB.10898.3	Protein_PB.10898.3	MYPN	MYPN	novel_not_in_catalog	YES	799.78	822.89	980.57
PB.10898.4	Protein_PB.10898.4	MYPN	MYPN	full-splice_match	YES	1301.73	1273.84	1567.77
PB.10899.17	Protein_PB.10899.17	HNRNPH3	HNRNPH3	novel_in_catalog	YES	19.32	25.21	5.38
PB.10899.19	Protein_PB.10899.19	HNRNPH3	HNRNPH3	novel_not_in_catalog	YES	5.0	31.97	9.37
PB.10899.22	Protein_PB.10899.22	HNRNPH3	HNRNPH3	full-splice_match	YES	21.55	38.82	16.65
PB.10899.26	Protein_PB.10899.26	HNRNPH3	HNRNPH3	novel_in_catalog	YES	129.16	103.72	158.62
PB.10899.5	Protein_PB.10899.5	HNRNPH3	HNRNPH3	full-splice_match	YES	102.86	86.68	142.87
PB.10900.1	Protein_PB.10900.1	TET1	TET1	full-splice_match	YES	38.77	14.12	37.68
PB.10902.10	Protein_PB.10902.10	CCAR1	CCAR1	novel_in_catalog	YES	17.55	10.04	18.65
PB.10902.3	Protein_PB.10902.3	CCAR1	CCAR1	full-splice_match	YES	111.01	101.32	100.52
PB.10902.4	Protein_PB.10902.4	CCAR1	CCAR1	full-splice_match	YES	26.84	23.82	47.2
PB.10902.5	Protein_PB.10902.5	CCAR1	CCAR1	full-splice_match	YES	18.97	30.9	13.83
PB.10904.2	Protein_PB.10904.2	STOX1	STOX1	full-splice_match	YES	28.58	15.48	20.77
PB.10905.3	Protein_PB.10905.3	DDX50	DDX50	novel_in_catalog	YES	10.91	6.64	28.03
PB.10905.5	Protein_PB.10905.5	DDX50	DDX50	full-splice_match	YES	86.46	78.37	49.64
PB.10906.1	Protein_PB.10906.1	DDX21	DDX21	full-splice_match	YES	270.94	234.43	247.54
PB.10907.1	Protein_PB.10907.1	KIF1BP	KIF1BP	full-splice_match	YES	231.63	282.01	220.42
PB.10909.3	Protein_PB.10909.3	SRGN	SRGN	full-splice_match	YES	31.88	29.01	34.17
PB.1091.1	Protein_PB.1091.1	AKAP9	AKAP9	full-splice_match	YES	24.91	5.57	111.9
PB.1091.12	Protein_PB.1091.12	AKAP9	AKAP9	full-splice_match	YES	218.73	356.66	436.56
PB.1091.13	Protein_PB.1091.13	AKAP9	AKAP9	novel_not_in_catalog	YES	135.42	156.53	64.2
PB.1091.14	Protein_PB.1091.14	AKAP9	AKAP9	incomplete-splice_match	YES	28.48	16.24	21.45
PB.1091.15	Protein_PB.1091.15	AKAP9	AKAP9	incomplete-splice_match	YES	290.81	375.2	143.01
PB.1091.3	Protein_PB.1091.3	AKAP9	AKAP9	full-splice_match	YES	462.49	243.41	80.35
PB.1091.6	Protein_PB.1091.6	AKAP9	AKAP9	full-splice_match	YES	51.35	64.35	75.94
PB.1091.7	Protein_PB.1091.7	AKAP9	AKAP9	full-splice_match	YES	188.24	156.19	97.73
PB.1091.8	Protein_PB.1091.8	AKAP9	AKAP9	full-splice_match	YES	366.77	347.37	378.57
PB.10910.4	Protein_PB.10910.4	VPS26A	VPS26A	novel_in_catalog	YES	21.93	22.97	40.05
PB.10910.6	Protein_PB.10910.6	VPS26A	VPS26A	novel_not_in_catalog	YES	63.55	56.02	64.3
PB.10910.9	Protein_PB.10910.9	VPS26A	VPS26A	full-splice_match	YES	18.27	17.58	18.23
PB.10911.3	Protein_PB.10911.3	SUPV3L1	SUPV3L1	novel_not_in_catalog	YES	18.27	4.47	13.95
PB.10911.4	Protein_PB.10911.4	SUPV3L1	SUPV3L1	full-splice_match	YES	117.11	155.64	129.34
PB.10913.1	Protein_PB.10913.1	HK1	HK1	full-splice_match	YES	138.59	96.16	103.97
PB.10915.1	Protein_PB.10915.1	FAM241B	FAM241B	full-splice_match	YES	14.11	12.28	19.46
PB.10918.1	Protein_PB.10918.1	EIF4EBP2	EIF4EBP2	full-splice_match	YES	1851.46	1837.31	1921.79
PB.10919.2	Protein_PB.10919.2	PALD1	PALD1	novel_not_in_catalog	YES	31.79	15.06	16.51
PB.10920.1	Protein_PB.10920.1	ADAMTS14	ADAMTS14	full-splice_match	YES	10.94	12.06	18.59
PB.10921.1	Protein_PB.10921.1	SGPL1	SGPL1	full-splice_match	YES	46.35	62.93	69.06
PB.10926.1	Protein_PB.10926.1	CDH23	CDH23	full-splice_match	YES	63.7	47.69	35.92
PB.10927.1	Protein_PB.10927.1	CHST3	CHST3	full-splice_match	YES	12.44	23.14	16.6
PB.10928.1		ANAPC16	ANAPC16	full-splice_match	NO	133.85	113.34	157.46
PB.10928.4	Protein_PB.10928.4	ANAPC16	ANAPC16	full-splice_match	YES	94.9	93.74	129.84
PB.10928.5		ANAPC16	ANAPC16	novel_in_catalog	NO	26.83	18.56	32.98
PB.10929.1	Protein_PB.10929.1	DDIT4	DDIT4	full-splice_match	YES	61.28	34.89	72.14
PB.10929.2	Protein_PB.10929.2	DDIT4	DDIT4	incomplete-splice_match	YES	82.59	59.45	174.89
PB.1093.2	Protein_PB.1093.2	ANKIB1	ANKIB1	full-splice_match	YES	41.05	69.7	75.22
PB.1093.3	Protein_PB.1093.3	ANKIB1	ANKIB1	full-splice_match	YES	190.31	151.76	128.81
PB.1093.4	Protein_PB.1093.4	ANKIB1	ANKIB1	full-splice_match	YES	33.78	38.0	25.96
PB.1093.5	Protein_PB.1093.5	ANKIB1	ANKIB1	incomplete-splice_match	YES	49.24	41.11	35.01
PB.10932.1	Protein_PB.10932.1	MCU	MCU	full-splice_match	YES	915.25	1293.09	1089.6
PB.10933.1		LOC113259164	LOC113259164	full-splice_match	NO	35.34	46.73	39.5
PB.10937.1	Protein_PB.10937.1	NUDT13	NUDT13	full-splice_match	YES	12.93	28.04	28.44
PB.10937.15	Protein_PB.10937.15	NUDT13	NUDT13	full-splice_match	YES	60.28	46.83	2.09
PB.10937.2	Protein_PB.10937.2	NUDT13	NUDT13	novel_in_catalog	YES	75.88	115.09	71.41
PB.10937.5	Protein_PB.10937.5	NUDT13	NUDT13	full-splice_match	YES	71.39	78.22	63.25
PB.10938.1	Protein_PB.10938.1	FAM149B1	FAM149B1	full-splice_match	YES	19.83	23.28	27.65
PB.10938.2	Protein_PB.10938.2	FAM149B1	FAM149B1	full-splice_match	YES	120.92	107.52	143.8
PB.10938.4	Protein_PB.10938.4	FAM149B1	FAM149B1	full-splice_match	YES	19.72	15.7	22.5
PB.10938.5	Protein_PB.10938.5	FAM149B1	FAM149B1	incomplete-splice_match	YES	25.39	30.94	42.54
PB.10938.6	Protein_PB.10938.6	FAM149B1	FAM149B1	incomplete-splice_match	YES	118.89	108.48	119.79
PB.10938.7	Protein_PB.10938.7	FAM149B1	FAM149B1	incomplete-splice_match	YES	51.18	58.96	81.52
PB.10939.1	Protein_PB.10939.1	novelGene_MSS51_AS	novelGene_MSS51_AS	antisense	YES	90.4	179.04	149.3
PB.10939.2	Protein_PB.10939.2	novelGene_MSS51_AS	novelGene_MSS51_AS	antisense	YES	29.05	8.88	6.27
PB.10939.3		novelGene_MSS51_AS	novelGene_MSS51_AS	antisense	NO	6.67	8.07	25.48
PB.10942.2	Protein_PB.10942.2	SEC24C	SEC24C	full-splice_match	YES	61.14	64.81	37.85
PB.10942.23	Protein_PB.10942.23	SEC24C	SEC24C	incomplete-splice_match	YES	19.94	31.16	40.93
PB.10942.3	Protein_PB.10942.3	SEC24C	SEC24C	full-splice_match	YES	398.28	445.0	494.89
PB.10943.1	Protein_PB.10943.1	FUT11	FUT11	full-splice_match	YES	39.61	25.15	36.58
PB.10944.1	Protein_PB.10944.1	CHCHD1	CHCHD1	full-splice_match	YES	458.6	513.12	366.76
PB.10945.1	Protein_PB.10945.1	ZSWIM8	ZSWIM8	novel_in_catalog	YES	221.25	204.45	223.35
PB.10946.3	Protein_PB.10946.3	PLAU	PLAU	full-splice_match	YES	89.9	78.09	118.17
PB.10947.1	Protein_PB.10947.1	VCL	VCL	full-splice_match	YES	602.68	414.31	649.86
PB.10947.3	Protein_PB.10947.3	VCL	VCL	novel_in_catalog	YES	48.0	21.37	25.82
PB.10947.6	Protein_PB.10947.6	VCL	VCL	full-splice_match	YES	118.51	83.04	120.75
PB.10948.1		novelGene_AP3M1_AS	novelGene_AP3M1_AS	antisense	NO	25.85	17.21	6.95
PB.10949.13	Protein_PB.10949.13	ADK	ADK	novel_not_in_catalog	YES	22.89	29.61	3.22
PB.10949.14	Protein_PB.10949.14	ADK	ADK	novel_not_in_catalog	YES	156.31	112.98	48.23
PB.10949.2	Protein_PB.10949.2	ADK	ADK	full-splice_match	YES	58.82	38.81	19.77
PB.10949.3	Protein_PB.10949.3	ADK	ADK	novel_in_catalog	YES	59.64	56.75	23.31
PB.10949.5	Protein_PB.10949.5	ADK	ADK	novel_not_in_catalog	YES	152.93	123.16	87.02
PB.10949.7	Protein_PB.10949.7	ADK	ADK	full-splice_match	YES	16.94	17.3	2.97
PB.1095.5	Protein_PB.1095.5	GATAD1	GATAD1	full-splice_match	YES	74.37	65.25	67.7
PB.10951.1	Protein_PB.10951.1	KAT6B	KAT6B	full-splice_match	YES	48.3	47.97	37.54
PB.10951.2	Protein_PB.10951.2	KAT6B	KAT6B	full-splice_match	YES	60.91	47.98	57.81
PB.10951.3	Protein_PB.10951.3	KAT6B	KAT6B	full-splice_match	YES	37.39	39.74	31.34
PB.10951.5	Protein_PB.10951.5	KAT6B	KAT6B	incomplete-splice_match	YES	25.45	31.49	26.96
PB.10951.6	Protein_PB.10951.6	KAT6B	KAT6B	novel_in_catalog	YES	28.53	30.73	48.55
PB.10953.2	Protein_PB.10953.2	SAMD8	SAMD8	full-splice_match	YES	92.03	101.67	114.08
PB.10954.15	Protein_PB.10954.15	VDAC2	VDAC2	novel_in_catalog	YES	19.04	23.58	26.65
PB.10954.16	Protein_PB.10954.16	VDAC2	VDAC2	full-splice_match	YES	5722.95	6572.91	5782.38
PB.10954.19	Protein_PB.10954.19	VDAC2	VDAC2	incomplete-splice_match	YES	3050.34	3366.43	2893.23
PB.10954.2	Protein_PB.10954.2	VDAC2	VDAC2	novel_in_catalog	YES	22.9	36.07	26.01
PB.10954.5	Protein_PB.10954.5	VDAC2	VDAC2	novel_in_catalog	YES	31.35	38.45	66.26
PB.10964.1	Protein_PB.10964.1	RPS24	RPS24	full-splice_match	YES	769.96	617.79	477.96
PB.10964.3	Protein_PB.10964.3	RPS24	RPS24	full-splice_match	YES	3667.76	4195.96	5198.92
PB.10964.4	Protein_PB.10964.4	RPS24	RPS24	full-splice_match	YES	299.02	203.43	250.95
PB.10964.5	Protein_PB.10964.5	RPS24	RPS24	full-splice_match	YES	17.74	21.53	17.3
PB.10966.1	Protein_PB.10966.1	ZMIZ1	ZMIZ1	full-splice_match	YES	44.64	36.9	20.9
PB.10966.3	Protein_PB.10966.3	ZMIZ1	ZMIZ1	full-splice_match	YES	18.94	4.79	31.58
PB.10967.2	Protein_PB.10967.2	PPIF	PPIF	full-splice_match	YES	171.62	185.28	226.83
PB.10968.10	Protein_PB.10968.10	ANXA11	ANXA11	novel_in_catalog	YES	73.03	67.17	50.36
PB.10968.12	Protein_PB.10968.12	ANXA11	ANXA11	full-splice_match	YES	17.4	16.41	19.84
PB.10968.14	Protein_PB.10968.14	ANXA11	ANXA11	novel_not_in_catalog	YES	17.88	13.76	7.29
PB.10968.15	Protein_PB.10968.15	ANXA11	ANXA11	novel_not_in_catalog	YES	246.13	300.34	228.24
PB.10968.20	Protein_PB.10968.20	ANXA11	ANXA11	incomplete-splice_match	YES	757.03	894.08	713.34
PB.10968.21	Protein_PB.10968.21	ANXA11	ANXA11	incomplete-splice_match	YES	175.01	233.92	242.06
PB.10968.4	Protein_PB.10968.4	ANXA11	ANXA11	full-splice_match	YES	14.07	19.92	31.01
PB.1097.2	Protein_PB.1097.2	RBM48	RBM48	full-splice_match	YES	85.55	94.31	88.64
PB.10972.19	Protein_PB.10972.19	PRXL2A	PRXL2A	full-splice_match	YES	57.07	55.36	34.75
PB.10972.2	Protein_PB.10972.2	PRXL2A	PRXL2A	full-splice_match	YES	6.56	7.08	20.14
PB.10972.4	Protein_PB.10972.4	PRXL2A	PRXL2A	full-splice_match	YES	18.36	4.25	12.29
PB.10972.5	Protein_PB.10972.5	PRXL2A	PRXL2A	full-splice_match	YES	15.43	17.0	0.01
PB.10972.8	Protein_PB.10972.8	PRXL2A	PRXL2A	full-splice_match	YES	51.53	28.51	22.57
PB.10973.1	Protein_PB.10973.1	TSPAN14	TSPAN14	novel_not_in_catalog	YES	21.56	22.76	7.1
PB.10973.5	Protein_PB.10973.5	TSPAN14	TSPAN14	novel_not_in_catalog	YES	11.77	11.08	18.75
PB.10978.1	Protein_PB.10978.1	GHITM	GHITM	novel_not_in_catalog	YES	257.04	263.07	169.04
PB.10978.2	Protein_PB.10978.2	GHITM	GHITM	full-splice_match	YES	1725.16	2074.75	1256.72
PB.10978.6	Protein_PB.10978.6	GHITM	GHITM	novel_in_catalog	YES	448.6	533.87	346.42
PB.10982.10	Protein_PB.10982.10	CCSER2	CCSER2	novel_not_in_catalog	YES	27.77	45.27	36.01
PB.10982.11	Protein_PB.10982.11	CCSER2	CCSER2	novel_in_catalog	YES	199.91	242.32	170.78
PB.10982.12	Protein_PB.10982.12	CCSER2	CCSER2	full-splice_match	YES	121.51	107.93	156.93
PB.10982.2	Protein_PB.10982.2	CCSER2	CCSER2	full-splice_match	YES	86.95	100.65	117.94
PB.10982.9	Protein_PB.10982.9	CCSER2	CCSER2	novel_in_catalog	YES	25.48	55.61	49.26
PB.1099.1	Protein_PB.1099.1	VPS50	VPS50	novel_in_catalog	YES	29.51	19.1	42.21
PB.1099.2	Protein_PB.1099.2	VPS50	VPS50	novel_in_catalog	YES	2.36	18.73	11.54
PB.1099.5	Protein_PB.1099.5	VPS50	VPS50	full-splice_match	YES	34.87	36.87	48.02
PB.1099.8	Protein_PB.1099.8	VPS50	VPS50	full-splice_match	YES	103.9	120.34	84.51
PB.1099.9	Protein_PB.1099.9	VPS50	VPS50	full-splice_match	YES	52.89	40.75	9.58
PB.10993.13	Protein_PB.10993.13	LDB3	LDB3	novel_in_catalog	YES	149.29	150.45	118.51
PB.10993.14	Protein_PB.10993.14	LDB3	LDB3	novel_in_catalog	YES	8765.08	9561.74	9908.15
PB.10993.17	Protein_PB.10993.17	LDB3	LDB3	novel_not_in_catalog	YES	3239.4	3979.92	2539.59
PB.10993.19	Protein_PB.10993.19	LDB3	LDB3	novel_not_in_catalog	YES	51.95	50.19	88.17
PB.10993.2	Protein_PB.10993.2	LDB3	LDB3	novel_in_catalog	YES	10.94	19.22	6.31
PB.10993.21	Protein_PB.10993.21	LDB3	LDB3	novel_in_catalog	YES	92.77	173.8	345.78
PB.10993.22	Protein_PB.10993.22	LDB3	LDB3	novel_not_in_catalog	YES	6.02	4.31	30.66
PB.10993.23	Protein_PB.10993.23	LDB3	LDB3	incomplete-splice_match	YES	12.94	8.82	35.78
PB.10993.24	Protein_PB.10993.24	LDB3	LDB3	incomplete-splice_match	YES	439.33	250.88	1517.03
PB.10993.3	Protein_PB.10993.3	LDB3	LDB3	novel_in_catalog	YES	22.68	18.52	26.82
PB.10993.5	Protein_PB.10993.5	LDB3	LDB3	novel_in_catalog	YES	74.77	90.13	61.69
PB.10993.6	Protein_PB.10993.6	LDB3	LDB3	full-splice_match	YES	782.56	1035.65	398.34
PB.10994.1	Protein_PB.10994.1	BMPR1A	BMPR1A	full-splice_match	YES	106.59	97.57	150.47
PB.10994.2	Protein_PB.10994.2	BMPR1A	BMPR1A	full-splice_match	YES	20.57	12.23	16.73
PB.10994.3	Protein_PB.10994.3	BMPR1A	BMPR1A	novel_not_in_catalog	YES	312.16	298.34	258.28
PB.10994.4	Protein_PB.10994.4	BMPR1A	BMPR1A	novel_not_in_catalog	YES	115.26	107.39	74.75
PB.10995.10		ADIRF	ADIRF	full-splice_match	NO	103.84	67.51	122.66
PB.10996.1	Protein_PB.10996.1	SHLD2	SHLD2	full-splice_match	YES	114.05	114.41	81.88
PB.10996.2	Protein_PB.10996.2	SHLD2	SHLD2	novel_in_catalog	YES	25.64	17.87	10.39
PB.10996.4	Protein_PB.10996.4	SHLD2	SHLD2	novel_in_catalog	YES	22.21	49.97	49.65
PB.10996.7	Protein_PB.10996.7	SHLD2	SHLD2	novel_not_in_catalog	YES	15.78	7.62	17.76
PB.10999.1	Protein_PB.10999.1	ERO1B	ERO1B	full-splice_match	YES	100.12	95.46	103.01
PB.11.1	Protein_PB.11.1	S100B	S100B	full-splice_match	YES	27.57	7.88	40.03
PB.11000.1	Protein_PB.11000.1	HEATR1	HEATR1	full-splice_match	YES	124.54	92.44	88.78
PB.11000.2	Protein_PB.11000.2	HEATR1	HEATR1	full-splice_match	YES	94.32	123.76	148.25
PB.11007.1	Protein_PB.11007.1	LOC113258944	LOC113258944	novel_in_catalog	YES	15.79	23.65	12.67
PB.11007.2	Protein_PB.11007.2	LOC113258944	LOC113258944	novel_not_in_catalog	YES	20.92	23.35	28.58
PB.11007.3	Protein_PB.11007.3	LOC113258944	LOC113258944	novel_in_catalog	YES	73.28	58.59	45.14
PB.11009.2	Protein_PB.11009.2	LOC113258953	LOC113258953	full-splice_match	YES	55.93	55.66	48.21
PB.11009.3	Protein_PB.11009.3	LOC113258953	LOC113258953	novel_not_in_catalog	YES	12.97	32.49	21.05
PB.11009.4	Protein_PB.11009.4	LOC113258953	LOC113258953	full-splice_match	YES	37.91	17.81	21.13
PB.11009.5		LOC113258953	LOC113258953	full-splice_match	NO	12.78	17.76	13.24
PB.1101.1		LOC113260097	LOC113260097	full-splice_match	NO	170.56	126.39	134.96
PB.11013.2	Protein_PB.11013.2	LOC113258957	LOC113258957	full-splice_match	YES	50.99	40.67	26.57
PB.11013.6	Protein_PB.11013.6	LOC113258962_LOC113258955	LOC113258962_LOC113258955	full-splice_match	YES	28.25	23.94	44.43
PB.11014.2	Protein_PB.11014.2	LOC113258964	LOC113258964	full-splice_match	YES	43.69	38.64	35.28
PB.11016.1	Protein_PB.11016.1	FAS	FAS	full-splice_match	YES	69.86	72.98	44.63
PB.11016.6	Protein_PB.11016.6	FAS	FAS	novel_not_in_catalog	YES	18.05	41.97	22.19
PB.11016.7		FAS	FAS	novel_not_in_catalog	NO	29.02	28.45	32.31
PB.11017.2	Protein_PB.11017.2	STAMBPL1	STAMBPL1	full-splice_match	YES	21.75	41.86	28.36
PB.11017.4	Protein_PB.11017.4	STAMBPL1	STAMBPL1	full-splice_match	YES	25.46	25.83	22.79
PB.1102.1	Protein_PB.1102.1	COL1A2	COL1A2	full-splice_match	YES	5251.12	1705.43	2098.11
PB.11020.4	Protein_PB.11020.4	LIPN	LIPN	novel_not_in_catalog	YES	11.48	16.11	47.62
PB.11025.2	Protein_PB.11025.2	PTEN	PTEN	full-splice_match	YES	446.42	439.15	442.13
PB.11025.3	Protein_PB.11025.3	PTEN	PTEN	novel_not_in_catalog	YES	265.02	251.2	242.97
PB.11028.1	Protein_PB.11028.1	MINPP1	MINPP1	full-splice_match	YES	73.62	82.54	69.93
PB.1103.1	Protein_PB.1103.1	CASD1	CASD1	full-splice_match	YES	80.37	91.5	102.43
PB.1103.2	Protein_PB.1103.2	CASD1	CASD1	incomplete-splice_match	YES	58.54	49.29	84.89
PB.11030.2	Protein_PB.11030.2	CSTF2T	CSTF2T	full-splice_match	YES	38.82	46.71	46.54
PB.11030.3	Protein_PB.11030.3	CSTF2T	CSTF2T	full-splice_match	YES	107.86	123.19	117.26
PB.1104.2	Protein_PB.1104.2	PEG10	PEG10	novel_not_in_catalog	YES	18.11	11.13	25.51
PB.11043.1	Protein_PB.11043.1	TBCE	TBCE	full-splice_match	YES	37.63	36.14	38.82
PB.11044.4	Protein_PB.11044.4	GGPS1	GGPS1	full-splice_match	YES	57.84	91.05	100.9
PB.11044.5	Protein_PB.11044.5	GGPS1	GGPS1	full-splice_match	YES	93.11	94.46	48.5
PB.11050.1	Protein_PB.11050.1	novelGene_1215	novelGene_1215	intergenic	YES	31.54	22.55	20.62
PB.11051.3		LOC113259016	LOC113259016	full-splice_match	NO	19.74	18.99	16.9
PB.11051.4		LOC113259016	LOC113259016	full-splice_match	NO	90.01	91.33	78.69
PB.11055.1	Protein_PB.11055.1	MAP3K21	MAP3K21	full-splice_match	YES	22.79	21.49	17.42
PB.11056.1	Protein_PB.11056.1	NTPCR	NTPCR	novel_not_in_catalog	YES	5.58	5.79	27.5
PB.11056.2	Protein_PB.11056.2	NTPCR	NTPCR	full-splice_match	YES	225.02	234.16	261.4
PB.11056.4	Protein_PB.11056.4	NTPCR	NTPCR	novel_not_in_catalog	YES	20.85	17.7	31.29
PB.11057.3	Protein_PB.11057.3	MAP10	MAP10	full-splice_match	YES	17.98	13.49	20.56
PB.11060.1	Protein_PB.11060.1	DISC1	DISC1	full-splice_match	YES	22.74	15.98	12.58
PB.11062.1	Protein_PB.11062.1	TSNAX	TSNAX	full-splice_match	YES	181.59	211.24	211.16
PB.11064.3	Protein_PB.11064.3	SPRTN	SPRTN	full-splice_match	YES	89.92	85.2	64.54
PB.11065.13	Protein_PB.11065.13	GNPAT	GNPAT	novel_in_catalog	YES	208.19	280.46	191.8
PB.11065.17	Protein_PB.11065.17	GNPAT	GNPAT	novel_in_catalog	YES	50.42	17.34	16.89
PB.11065.18	Protein_PB.11065.18	GNPAT	GNPAT	novel_in_catalog	YES	104.58	66.26	68.26
PB.11065.19	Protein_PB.11065.19	GNPAT	GNPAT	novel_in_catalog	YES	30.36	48.83	46.7
PB.11065.2	Protein_PB.11065.2	GNPAT	GNPAT	novel_in_catalog	YES	88.13	150.99	113.61
PB.11065.22	Protein_PB.11065.22	GNPAT	GNPAT	incomplete-splice_match	YES	66.97	67.72	65.24
PB.11065.24	Protein_PB.11065.24	GNPAT	GNPAT	incomplete-splice_match	YES	25.4	72.71	36.51
PB.11065.3	Protein_PB.11065.3	GNPAT	GNPAT	novel_not_in_catalog	YES	262.29	336.79	202.88
PB.11067.1	Protein_PB.11067.1	ARV1	ARV1	full-splice_match	YES	75.31	75.44	89.22
PB.11069.1	Protein_PB.11069.1	COG2	COG2	full-splice_match	YES	150.6	176.26	184.09
PB.11069.2	Protein_PB.11069.2	COG2	COG2	novel_in_catalog	YES	27.35	38.58	40.74
PB.11069.4	Protein_PB.11069.4	COG2	COG2	full-splice_match	YES	43.76	49.72	36.18
PB.11071.1	Protein_PB.11071.1	GALNT2	GALNT2	full-splice_match	YES	289.92	275.5	435.94
PB.11071.2	Protein_PB.11071.2	GALNT2	GALNT2	novel_not_in_catalog	YES	98.03	92.73	120.12
PB.11073.2	Protein_PB.11073.2	URB2	URB2	full-splice_match	YES	35.97	33.94	28.44
PB.11075.1	Protein_PB.11075.1	RAB4A	RAB4A	novel_in_catalog	YES	67.64	73.71	95.72
PB.11075.2	Protein_PB.11075.2	RAB4A	RAB4A	full-splice_match	YES	77.57	77.59	101.01
PB.11075.3	Protein_PB.11075.3	RAB4A	RAB4A	full-splice_match	YES	32.54	28.7	27.73
PB.11079.1	Protein_PB.11079.1	RHOU	RHOU	full-splice_match	YES	25.79	17.22	22.89
PB.11079.2	Protein_PB.11079.2	RHOU	RHOU	full-splice_match	YES	102.26	49.3	83.38
PB.11081.1	Protein_PB.11081.1	IPMK	IPMK	full-splice_match	YES	42.19	43.2	40.03
PB.11085.5	Protein_PB.11085.5	FAM13C	FAM13C	full-splice_match	YES	69.61	121.63	63.09
PB.11085.6	Protein_PB.11085.6	FAM13C	FAM13C	full-splice_match	YES	37.99	38.76	27.87
PB.11085.7	Protein_PB.11085.7	FAM13C	FAM13C	full-splice_match	YES	191.17	387.02	253.88
PB.11085.8	Protein_PB.11085.8	FAM13C	FAM13C	full-splice_match	YES	112.65	115.78	113.64
PB.11085.9	Protein_PB.11085.9	FAM13C	FAM13C	full-splice_match	YES	51.24	63.44	39.9
PB.11086.7	Protein_PB.11086.7	SLC16A9	SLC16A9	full-splice_match	YES	21.17	11.18	16.37
PB.11087.18		MRLN	MRLN	novel_not_in_catalog	NO	12.13	9.62	20.95
PB.11087.5	Protein_PB.11087.5	MRLN	MRLN	novel_not_in_catalog	YES	42.66	65.49	80.78
PB.11088.1	Protein_PB.11088.1	CCDC6	CCDC6	full-splice_match	YES	110.63	58.73	79.47
PB.11089.1	Protein_PB.11089.1	ANK3	ANK3	full-splice_match	YES	223.85	340.07	303.61
PB.11089.10	Protein_PB.11089.10	ANK3	ANK3	novel_not_in_catalog	YES	26.08	17.87	18.18
PB.11089.2	Protein_PB.11089.2	ANK3	ANK3	full-splice_match	YES	11.14	23.71	30.68
PB.11089.3	Protein_PB.11089.3	ANK3	ANK3	full-splice_match	YES	20.33	11.27	14.7
PB.11089.6	Protein_PB.11089.6	ANK3	ANK3	full-splice_match	YES	593.45	615.25	448.32
PB.11089.8	Protein_PB.11089.8	ANK3	ANK3	full-splice_match	YES	44.59	37.14	47.52
PB.11092.15	Protein_PB.11092.15	RHOBTB1	RHOBTB1	full-splice_match	YES	22.54	22.02	10.05
PB.11092.17	Protein_PB.11092.17	RHOBTB1	RHOBTB1	novel_not_in_catalog	YES	81.04	63.1	54.75
PB.11092.18	Protein_PB.11092.18	RHOBTB1	RHOBTB1	novel_not_in_catalog	YES	51.51	49.65	59.13
PB.11092.2	Protein_PB.11092.2	RHOBTB1	RHOBTB1	full-splice_match	YES	400.98	382.41	389.27
PB.11092.21		RHOBTB1	RHOBTB1	novel_not_in_catalog	NO	65.07	47.36	29.16
PB.11092.22	Protein_PB.11092.22	RHOBTB1	RHOBTB1	novel_in_catalog	YES	72.37	65.86	45.41
PB.11092.24	Protein_PB.11092.24	RHOBTB1	RHOBTB1	novel_in_catalog	YES	65.49	64.8	88.36
PB.11092.25	Protein_PB.11092.25	RHOBTB1	RHOBTB1	novel_not_in_catalog	YES	23.43	17.41	31.4
PB.11092.26	Protein_PB.11092.26	RHOBTB1	RHOBTB1	novel_in_catalog	YES	166.77	125.7	160.58
PB.11092.27	Protein_PB.11092.27	RHOBTB1	RHOBTB1	incomplete-splice_match	YES	234.85	203.28	262.98
PB.1110.1	Protein_PB.1110.1	ASB4	ASB4	novel_not_in_catalog	YES	128.77	236.01	138.75
PB.1110.2	Protein_PB.1110.2	ASB4	ASB4	full-splice_match	YES	82.61	40.48	81.61
PB.1110.3	Protein_PB.1110.3	ASB4	ASB4	novel_not_in_catalog	YES	38.09	38.73	21.06
PB.11103.1	Protein_PB.11103.1	JMJD1C	JMJD1C	full-splice_match	YES	132.16	122.39	89.28
PB.11103.2	Protein_PB.11103.2	JMJD1C	JMJD1C	full-splice_match	YES	28.47	66.01	53.95
PB.11103.3	Protein_PB.11103.3	JMJD1C	JMJD1C	full-splice_match	YES	666.21	505.47	553.89
PB.11103.4	Protein_PB.11103.4	JMJD1C	JMJD1C	incomplete-splice_match	YES	83.83	46.16	57.1
PB.11103.5	Protein_PB.11103.5	JMJD1C	JMJD1C	full-splice_match	YES	35.16	23.94	14.83
PB.11108.1	Protein_PB.11108.1	CTNNA3	CTNNA3	full-splice_match	YES	236.35	226.14	194.49
PB.11108.2	Protein_PB.11108.2	CTNNA3	CTNNA3	novel_not_in_catalog	YES	24.17	17.35	17.29
PB.1111.1	Protein_PB.1111.1	DYNC1I1	DYNC1I1	novel_not_in_catalog	YES	11.02	11.78	18.28
PB.11111.1	Protein_PB.11111.1	DNAJC12	DNAJC12	full-splice_match	YES	22.13	21.4	15.41
PB.11112.2	Protein_PB.11112.2	HERC4	HERC4	full-splice_match	YES	44.79	43.41	38.22
PB.11112.3	Protein_PB.11112.3	HERC4	HERC4	full-splice_match	YES	27.71	44.6	27.23
PB.11112.4	Protein_PB.11112.4	HERC4	HERC4	full-splice_match	YES	30.69	28.61	9.12
PB.11112.5	Protein_PB.11112.5	HERC4	HERC4	novel_not_in_catalog	YES	90.42	77.94	107.1
PB.11112.6	Protein_PB.11112.6	HERC4	HERC4	full-splice_match	YES	52.8	55.63	45.46
PB.11116.1	Protein_PB.11116.1	RUFY2	RUFY2	novel_in_catalog	YES	23.39	29.79	14.8
PB.11116.15	Protein_PB.11116.15	RUFY2	RUFY2	incomplete-splice_match	YES	15.79	16.21	20.69
PB.11118.8	Protein_PB.11118.8	SLC25A16	SLC25A16	full-splice_match	YES	18.92	19.87	19.07
PB.11126.3	Protein_PB.11126.3	AIFM2	AIFM2	full-splice_match	YES	105.77	93.9	64.23
PB.11126.4	Protein_PB.11126.4	AIFM2	AIFM2	full-splice_match	YES	108.94	135.57	98.01
PB.11126.6	Protein_PB.11126.6	AIFM2	AIFM2	novel_in_catalog	YES	42.64	66.01	25.06
PB.11127.1	Protein_PB.11127.1	TYSND1	TYSND1	full-splice_match	YES	24.2	20.54	20.17
PB.11127.2	Protein_PB.11127.2	TYSND1	TYSND1	novel_not_in_catalog	YES	57.09	51.93	50.3
PB.11128.1	Protein_PB.11128.1	SAR1A	SAR1A	full-splice_match	YES	992.7	995.93	895.59
PB.11128.3	Protein_PB.11128.3	SAR1A	SAR1A	novel_in_catalog	YES	24.67	53.54	117.8
PB.11130.6	Protein_PB.11130.6	PPA1	PPA1	full-splice_match	YES	532.78	723.93	472.1
PB.11132.1	Protein_PB.11132.1	LRRC20	LRRC20	full-splice_match	YES	619.63	801.3	774.04
PB.11132.22	Protein_PB.11132.22	LRRC20	LRRC20	novel_not_in_catalog	YES	180.05	69.05	65.49
PB.11132.23	Protein_PB.11132.23	LRRC20	LRRC20	novel_in_catalog	YES	158.63	206.7	171.23
PB.11132.24	Protein_PB.11132.24	LRRC20	LRRC20	novel_in_catalog	YES	52.57	50.42	31.57
PB.11136.2	Protein_PB.11136.2	PCBD1	PCBD1	full-splice_match	YES	420.6	397.45	242.28
PB.11141.1	Protein_PB.11141.1	VSIR	VSIR	novel_not_in_catalog	YES	39.17	32.95	44.98
PB.11141.2	Protein_PB.11141.2	VSIR	VSIR	full-splice_match	YES	146.74	119.01	109.26
PB.11142.1	Protein_PB.11142.1	PSAP	PSAP	full-splice_match	YES	3224.9	3281.66	3892.04
PB.11142.2	Protein_PB.11142.2	PSAP	PSAP	full-splice_match	YES	272.23	276.21	286.29
PB.11142.3	Protein_PB.11142.3	PSAP	PSAP	full-splice_match	YES	476.31	412.67	324.96
PB.11143.1	Protein_PB.11143.1	SPOCK2	SPOCK2	full-splice_match	YES	370.46	337.58	379.92
PB.11144.1	Protein_PB.11144.1	ASCC1	ASCC1	full-splice_match	YES	379.23	354.74	463.86
PB.11145.1	Protein_PB.11145.1	DNAJB12	DNAJB12	full-splice_match	YES	8.74	9.77	22.38
PB.11145.2	Protein_PB.11145.2	DNAJB12	DNAJB12	full-splice_match	YES	185.71	181.74	175.71
PB.11145.3	Protein_PB.11145.3	DNAJB12	DNAJB12	full-splice_match	YES	96.59	108.27	131.53
PB.11146.2	Protein_PB.11146.2	MICU1	MICU1	novel_in_catalog	YES	8.26	18.32	25.9
PB.11146.3	Protein_PB.11146.3	MICU1	MICU1	novel_not_in_catalog	YES	576.84	613.66	415.97
PB.11146.6	Protein_PB.11146.6	MICU1	MICU1	novel_not_in_catalog	YES	310.92	415.79	332.24
PB.11151.5	Protein_PB.11151.5	P4HA1	P4HA1	full-splice_match	YES	70.67	66.24	115.3
PB.11151.6	Protein_PB.11151.6	P4HA1	P4HA1	full-splice_match	YES	108.44	113.78	93.03
PB.11151.8	Protein_PB.11151.8	P4HA1	P4HA1	novel_not_in_catalog	YES	24.55	20.93	15.78
PB.11153.2	Protein_PB.11153.2	ECD	ECD	full-splice_match	YES	136.61	160.96	82.77
PB.11153.6	Protein_PB.11153.6	ECD	ECD	novel_in_catalog	YES	33.96	21.82	62.71
PB.11154.1	Protein_PB.11154.1	DNAJC9	DNAJC9	full-splice_match	YES	29.68	32.4	32.12
PB.11154.2	Protein_PB.11154.2	DNAJC9_MRPS16	DNAJC9_MRPS16	fusion	YES	243.89	316.83	273.14
PB.11154.5		DNAJC9_MRPS16	DNAJC9_MRPS16	fusion	NO	105.01	99.38	98.6
PB.11154.7	Protein_PB.11154.7	DNAJC9_MRPS16	DNAJC9_MRPS16	full-splice_match	YES	463.99	547.11	516.72
PB.11154.8	Protein_PB.11154.8	DNAJC9_MRPS16	DNAJC9_MRPS16	fusion	YES	53.78	46.08	48.0
PB.11156.1	Protein_PB.11156.1	ANXA7	ANXA7	full-splice_match	YES	117.57	115.78	147.76
PB.11156.12	Protein_PB.11156.12	ANXA7	ANXA7	novel_in_catalog	YES	38.89	10.89	25.44
PB.11156.20	Protein_PB.11156.20	MSS51	MSS51	novel_not_in_catalog	YES	257.47	208.33	57.97
PB.11156.25	Protein_PB.11156.25	MSS51	MSS51	novel_in_catalog	YES	82.16	59.83	31.36
PB.11156.26	Protein_PB.11156.26	MSS51	MSS51	novel_in_catalog	YES	102.05	78.18	84.22
PB.11156.27	Protein_PB.11156.27	MSS51	MSS51	novel_not_in_catalog	YES	286.68	195.6	80.25
PB.11156.32	Protein_PB.11156.32	MSS51	MSS51	novel_not_in_catalog	YES	39.49	18.14	19.19
PB.11156.38	Protein_PB.11156.38	PPP3CB_MSS51	PPP3CB_MSS51	fusion	YES	535.07	371.05	343.64
PB.11156.4	Protein_PB.11156.4	ANXA7_MSS51	ANXA7_MSS51	fusion	YES	17.89	11.04	33.47
PB.11156.40	Protein_PB.11156.40	PPP3CB	PPP3CB	full-splice_match	YES	68.27	113.65	168.36
PB.11156.41	Protein_PB.11156.41	PPP3CB	PPP3CB	full-splice_match	YES	280.15	237.42	379.05
PB.11156.43	Protein_PB.11156.43	PPP3CB	PPP3CB	novel_not_in_catalog	YES	112.03	67.19	53.37
PB.11156.45	Protein_PB.11156.45	PPP3CB	PPP3CB	full-splice_match	YES	12.82	14.25	23.04
PB.11156.5	Protein_PB.11156.5	ANXA7	ANXA7	full-splice_match	YES	120.09	190.82	153.37
PB.11156.6	Protein_PB.11156.6	ANXA7	ANXA7	full-splice_match	YES	854.31	955.32	952.61
PB.11157.10	Protein_PB.11157.10	USP54	USP54	novel_not_in_catalog	YES	70.51	118.6	39.4
PB.11157.11	Protein_PB.11157.11	USP54	USP54	novel_not_in_catalog	YES	37.37	103.91	34.17
PB.11157.12	Protein_PB.11157.12	USP54	USP54	novel_in_catalog	YES	7.21	8.91	21.36
PB.11157.14	Protein_PB.11157.14	MYOZ1_USP54	MYOZ1_USP54	fusion	YES	133.5	109.6	111.4
PB.11157.15	Protein_PB.11157.15	MYOZ1_USP54	MYOZ1_USP54	fusion	YES	8458.57	8020.7	6115.97
PB.11157.17	Protein_PB.11157.17	MYOZ1	MYOZ1	novel_not_in_catalog	YES	352.92	296.4	345.93
PB.11157.19	Protein_PB.11157.19	MYOZ1	MYOZ1	full-splice_match	YES	2008.3	1741.92	2282.47
PB.11157.20	Protein_PB.11157.20	MYOZ1	MYOZ1	novel_not_in_catalog	YES	838.25	703.05	908.48
PB.11157.21	Protein_PB.11157.21	MYOZ1	MYOZ1	novel_not_in_catalog	YES	23746.88	21565.64	16068.55
PB.11157.23	Protein_PB.11157.23	MYOZ1	MYOZ1	novel_not_in_catalog	YES	29.51	17.98	25.3
PB.11157.24	Protein_PB.11157.24	MYOZ1	MYOZ1	novel_not_in_catalog	YES	295.93	259.78	270.09
PB.11157.26	Protein_PB.11157.26	MYOZ1	MYOZ1	novel_in_catalog	YES	612.27	518.62	457.46
PB.11157.27	Protein_PB.11157.27	SYNPO2L	SYNPO2L	novel_not_in_catalog	YES	48.98	49.21	95.91
PB.11157.28	Protein_PB.11157.28	SYNPO2L	SYNPO2L	novel_not_in_catalog	YES	367.61	278.28	429.07
PB.11157.30	Protein_PB.11157.30	SYNPO2L	SYNPO2L	novel_not_in_catalog	YES	13.73	4.8	34.5
PB.11157.32	Protein_PB.11157.32	SYNPO2L	SYNPO2L	novel_in_catalog	YES	0.87	0.0	69.22
PB.11157.33	Protein_PB.11157.33	SYNPO2L	SYNPO2L	novel_not_in_catalog	YES	27.86	15.19	26.63
PB.11157.34	Protein_PB.11157.34	SYNPO2L	SYNPO2L	novel_not_in_catalog	YES	30.29	24.33	44.8
PB.11157.35	Protein_PB.11157.35	SYNPO2L	SYNPO2L	novel_not_in_catalog	YES	362.3	305.68	279.22
PB.11157.36	Protein_PB.11157.36	SYNPO2L	SYNPO2L	novel_in_catalog	YES	11.75	24.11	17.37
PB.11157.37	Protein_PB.11157.37	SYNPO2L	SYNPO2L	novel_in_catalog	YES	845.15	807.15	1269.88
PB.11157.6	Protein_PB.11157.6	USP54	USP54	novel_in_catalog	YES	7.32	25.87	12.83
PB.11157.9	Protein_PB.11157.9	USP54	USP54	novel_in_catalog	YES	85.82	111.57	39.48
PB.11158.3	Protein_PB.11158.3	NDST2	NDST2	novel_not_in_catalog	YES	30.42	26.84	35.7
PB.11159.1	Protein_PB.11159.1	CAMK2G	CAMK2G	full-splice_match	YES	821.7	732.75	810.24
PB.11159.11	Protein_PB.11159.11	CAMK2G	CAMK2G	novel_not_in_catalog	YES	55.46	40.27	55.44
PB.11159.2	Protein_PB.11159.2	CAMK2G	CAMK2G	full-splice_match	YES	1334.01	1476.26	1344.27
PB.11159.3	Protein_PB.11159.3	CAMK2G	CAMK2G	full-splice_match	YES	143.02	193.11	181.64
PB.11159.5	Protein_PB.11159.5	CAMK2G	CAMK2G	novel_not_in_catalog	YES	42.7	51.76	50.28
PB.11159.8	Protein_PB.11159.8	CAMK2G	CAMK2G	novel_not_in_catalog	YES	44.84	62.21	54.2
PB.11162.11	Protein_PB.11162.11	AP3M1	AP3M1	novel_not_in_catalog	YES	30.85	37.19	29.45
PB.11162.6	Protein_PB.11162.6	AP3M1	AP3M1	novel_not_in_catalog	YES	39.45	30.87	26.52
PB.11162.9	Protein_PB.11162.9	AP3M1	AP3M1	novel_not_in_catalog	YES	33.47	34.19	49.53
PB.11167.1	Protein_PB.11167.1	DUPD1	DUPD1	novel_not_in_catalog	YES	54.84	58.14	81.66
PB.11167.2	Protein_PB.11167.2	DUPD1	DUPD1	novel_not_in_catalog	YES	214.38	214.06	266.68
PB.11167.3	Protein_PB.11167.3	DUPD1	DUPD1	full-splice_match	YES	71.91	40.71	80.75
PB.11168.10	Protein_PB.11168.10	LOC113259203	LOC113259203	novel_not_in_catalog	YES	853.5	787.54	868.49
PB.11168.13	Protein_PB.11168.13	LOC113259203	LOC113259203	novel_not_in_catalog	YES	113.89	119.59	244.77
PB.11168.15	Protein_PB.11168.15	LOC113259203	LOC113259203	novel_not_in_catalog	YES	81.39	112.4	69.75
PB.11168.16	Protein_PB.11168.16	LOC113259203	LOC113259203	novel_not_in_catalog	YES	101.57	17.97	14.73
PB.11168.17	Protein_PB.11168.17	LOC113259203	LOC113259203	novel_not_in_catalog	YES	48.87	45.63	39.95
PB.11168.19	Protein_PB.11168.19	LOC113259203	LOC113259203	novel_not_in_catalog	YES	196.56	172.53	182.75
PB.11168.2	Protein_PB.11168.2	LOC113259203	LOC113259203	novel_not_in_catalog	YES	97.76	104.93	113.21
PB.11168.20	Protein_PB.11168.20	LOC113259203	LOC113259203	novel_not_in_catalog	YES	45.23	52.99	60.63
PB.11168.21	Protein_PB.11168.21	LOC113259203	LOC113259203	novel_not_in_catalog	YES	71.1	84.2	78.19
PB.11168.22	Protein_PB.11168.22	LOC113259203	LOC113259203	novel_not_in_catalog	YES	27.44	19.63	5.75
PB.11168.7	Protein_PB.11168.7	LOC113259203	LOC113259203	novel_not_in_catalog	YES	38.39	54.04	45.11
PB.11168.8	Protein_PB.11168.8	LOC113259203	LOC113259203	novel_not_in_catalog	YES	75.74	70.69	61.41
PB.11169.1	Protein_PB.11169.1	COMTD1	COMTD1	full-splice_match	YES	26.27	22.08	38.02
PB.11169.5	Protein_PB.11169.5	COMTD1	COMTD1	novel_not_in_catalog	YES	33.12	12.6	8.16
PB.11169.9	Protein_PB.11169.9	COMTD1	COMTD1	full-splice_match	YES	67.0	76.69	82.22
PB.11170.1	Protein_PB.11170.1	ZNF503	ZNF503	full-splice_match	YES	37.28	39.43	61.92
PB.11172.1	Protein_PB.11172.1	novelGene_LRMDA_AS	novelGene_LRMDA_AS	antisense	YES	143.07	157.04	242.17
PB.11172.2	Protein_PB.11172.2	novelGene_LRMDA_AS	novelGene_LRMDA_AS	antisense	YES	18.97	22.27	55.43
PB.11173.5	Protein_PB.11173.5	KCNMA1	KCNMA1	full-splice_match	YES	72.78	89.86	101.93
PB.11173.6	Protein_PB.11173.6	KCNMA1	KCNMA1	novel_not_in_catalog	YES	62.12	47.99	69.28
PB.11173.7	Protein_PB.11173.7	KCNMA1	KCNMA1	full-splice_match	YES	46.72	50.62	43.12
PB.11174.1	Protein_PB.11174.1	DLG5	DLG5	full-splice_match	YES	15.47	26.78	23.62
PB.11174.2	Protein_PB.11174.2	DLG5	DLG5	full-splice_match	YES	72.38	54.48	86.01
PB.11175.1	Protein_PB.11175.1	POLR3A	POLR3A	full-splice_match	YES	42.48	37.44	56.37
PB.11175.2	Protein_PB.11175.2	POLR3A	POLR3A	full-splice_match	YES	15.15	29.14	22.73
PB.11175.3	Protein_PB.11175.3	POLR3A	POLR3A	novel_not_in_catalog	YES	135.96	123.15	129.36
PB.11175.4	Protein_PB.11175.4	POLR3A	POLR3A	novel_not_in_catalog	YES	75.77	83.9	79.22
PB.11177.2	Protein_PB.11177.2	ZCCHC24	ZCCHC24	full-splice_match	YES	683.44	574.47	861.06
PB.11179.2	Protein_PB.11179.2	PLAC9	PLAC9	full-splice_match	YES	70.08	43.1	68.96
PB.1118.1		SDHAF3	SDHAF3	novel_not_in_catalog	NO	121.61	124.44	128.49
PB.1118.2	Protein_PB.1118.2	SDHAF3	SDHAF3	full-splice_match	YES	107.59	120.43	117.77
PB.11192.1	Protein_PB.11192.1	WAPL	WAPL	full-splice_match	YES	486.2	493.75	502.22
PB.11192.2	Protein_PB.11192.2	WAPL	WAPL	full-splice_match	YES	192.28	195.44	171.47
PB.11196.1	Protein_PB.11196.1	MMRN2	MMRN2	full-splice_match	YES	127.04	66.24	75.48
PB.11196.3	Protein_PB.11196.3	MMRN2	MMRN2	full-splice_match	YES	10.48	17.86	21.41
PB.11197.1	Protein_PB.11197.1	GLUD1	GLUD1	full-splice_match	YES	1441.2	1798.11	1232.86
PB.11197.2	Protein_PB.11197.2	GLUD1	GLUD1	full-splice_match	YES	138.02	161.57	138.72
PB.11200.2	Protein_PB.11200.2	LOC113259257	LOC113259257	full-splice_match	YES	43.93	22.65	27.52
PB.11202.1	Protein_PB.11202.1	VGLL2	VGLL2	incomplete-splice_match	YES	40.28	51.0	58.16
PB.11202.2	Protein_PB.11202.2	VGLL2	VGLL2	full-splice_match	YES	123.74	139.76	115.71
PB.11202.3	Protein_PB.11202.3	VGLL2	VGLL2	full-splice_match	YES	561.2	775.17	440.38
PB.11203.2	Protein_PB.11203.2	DCBLD1	DCBLD1	full-splice_match	YES	26.11	28.08	22.39
PB.11206.2	Protein_PB.11206.2	NUS1	NUS1	full-splice_match	YES	98.28	87.6	109.27
PB.11210.1		PLN	PLN	full-splice_match	NO	7222.44	10640.11	6641.96
PB.11211.1		ASF1A	ASF1A	novel_in_catalog	NO	38.45	44.3	32.57
PB.11211.2	Protein_PB.11211.2	ASF1A	ASF1A	full-splice_match	YES	56.77	69.15	65.99
PB.11214.1	Protein_PB.11214.1	GJA1	GJA1	full-splice_match	YES	263.96	128.69	204.56
PB.11215.1	Protein_PB.11215.1	HSF2	HSF2	full-splice_match	YES	64.46	92.49	42.78
PB.11215.2	Protein_PB.11215.2	HSF2	HSF2	full-splice_match	YES	89.68	111.83	137.78
PB.11215.3	Protein_PB.11215.3	HSF2	HSF2	novel_not_in_catalog	YES	28.1	28.47	61.49
PB.11215.4	Protein_PB.11215.4	HSF2	HSF2	full-splice_match	YES	73.59	94.08	42.18
PB.11215.6	Protein_PB.11215.6	HSF2	HSF2	incomplete-splice_match	YES	13.18	11.96	20.87
PB.11218.1	Protein_PB.11218.1	SMPDL3A	SMPDL3A	full-splice_match	YES	95.37	84.66	73.63
PB.11223.1	Protein_PB.11223.1	RNF217	RNF217	full-splice_match	YES	159.36	162.44	251.21
PB.11224.1	Protein_PB.11224.1	TPD52L1	TPD52L1	full-splice_match	YES	94.72	130.2	81.78
PB.11224.2	Protein_PB.11224.2	TPD52L1	TPD52L1	full-splice_match	YES	117.03	170.47	123.56
PB.11224.3	Protein_PB.11224.3	TPD52L1	TPD52L1	full-splice_match	YES	29.98	42.71	7.65
PB.11224.5	Protein_PB.11224.5	TPD52L1	TPD52L1	incomplete-splice_match	YES	10.48	17.08	16.95
PB.11225.1	Protein_PB.11225.1	HEY2	HEY2	full-splice_match	YES	48.85	68.51	46.37
PB.11225.3	Protein_PB.11225.3	HEY2	HEY2	full-splice_match	YES	14.55	26.76	12.37
PB.11226.1	Protein_PB.11226.1	NCOA7	NCOA7	full-splice_match	YES	26.65	33.67	31.09
PB.11226.3	Protein_PB.11226.3	NCOA7	NCOA7	full-splice_match	YES	11.07	10.1	18.12
PB.11226.7	Protein_PB.11226.7	NCOA7	NCOA7	novel_not_in_catalog	YES	33.01	21.24	36.27
PB.11227.1	Protein_PB.11227.1	HINT3	HINT3	incomplete-splice_match	YES	24.44	21.4	23.41
PB.11227.2		HINT3	HINT3	novel_in_catalog	NO	23.34	9.78	28.51
PB.11227.3		HINT3	HINT3	novel_not_in_catalog	NO	48.25	50.37	75.47
PB.11227.4	Protein_PB.11227.4	HINT3	HINT3	full-splice_match	YES	158.1	192.08	122.06
PB.11227.6	Protein_PB.11227.6	HINT3	HINT3	novel_not_in_catalog	YES	95.76	113.6	93.53
PB.11227.7		HINT3	HINT3	novel_not_in_catalog	NO	71.38	32.93	67.54
PB.11228.1	Protein_PB.11228.1	TRMT11	TRMT11	novel_not_in_catalog	YES	24.53	20.13	18.42
PB.11228.2	Protein_PB.11228.2	TRMT11	TRMT11	full-splice_match	YES	35.5	49.79	23.56
PB.1123.1	Protein_PB.1123.1	C1GALT1	C1GALT1	full-splice_match	YES	51.72	58.34	43.46
PB.11232.1	Protein_PB.11232.1	RSPO3	RSPO3	full-splice_match	YES	31.54	86.26	67.9
PB.11233.1	Protein_PB.11233.1	RNF146	RNF146	full-splice_match	YES	98.83	124.84	116.23
PB.11233.2	Protein_PB.11233.2	RNF146	RNF146	novel_not_in_catalog	YES	47.78	49.18	51.94
PB.11233.3	Protein_PB.11233.3	RNF146	RNF146	full-splice_match	YES	155.72	167.31	189.57
PB.11233.4	Protein_PB.11233.4	RNF146	RNF146	novel_in_catalog	YES	326.21	365.33	327.3
PB.11233.7	Protein_PB.11233.7	RNF146	RNF146	novel_not_in_catalog	YES	54.57	71.02	73.36
PB.11234.7		LOC113259427	LOC113259427	full-splice_match	NO	9.17	6.62	31.62
PB.1124.1	Protein_PB.1124.1	MIOS	MIOS	full-splice_match	YES	116.4	119.37	96.77
PB.1124.4	Protein_PB.1124.4	MIOS	MIOS	full-splice_match	YES	102.63	116.69	110.28
PB.11241.1	Protein_PB.11241.1	LAMA2	LAMA2	full-splice_match	YES	23.19	0.0	50.24
PB.11241.3	Protein_PB.11241.3	LAMA2	LAMA2	full-splice_match	YES	923.68	881.87	570.71
PB.11241.7	Protein_PB.11241.7	LAMA2	LAMA2	incomplete-splice_match	YES	55.53	43.43	25.84
PB.11243.1	Protein_PB.11243.1	L3MBTL3	L3MBTL3	full-splice_match	YES	40.92	56.43	35.55
PB.11243.2	Protein_PB.11243.2	L3MBTL3	L3MBTL3	full-splice_match	YES	16.14	0.94	28.67
PB.11243.6	Protein_PB.11243.6	L3MBTL3	L3MBTL3	incomplete-splice_match	YES	299.88	364.37	300.33
PB.11248.2	Protein_PB.11248.2	AKAP7	AKAP7	full-splice_match	YES	20.33	17.92	44.38
PB.11248.4	Protein_PB.11248.4	AKAP7	AKAP7	novel_not_in_catalog	YES	24.4	27.21	21.0
PB.11248.5	Protein_PB.11248.5	AKAP7	AKAP7	novel_in_catalog	YES	16.87	21.87	6.03
PB.1125.2	Protein_PB.1125.2	UMAD1	UMAD1	full-splice_match	YES	39.23	40.14	44.4
PB.11253.1	Protein_PB.11253.1	ENPP1	ENPP1	full-splice_match	YES	187.95	189.3	140.9
PB.11253.2	Protein_PB.11253.2	ENPP1	ENPP1	full-splice_match	YES	55.04	29.28	69.0
PB.11253.3	Protein_PB.11253.3	ENPP1	ENPP1	incomplete-splice_match	YES	124.65	94.13	90.16
PB.11253.5	Protein_PB.11253.5	ENPP1	ENPP1	incomplete-splice_match	YES	157.66	141.86	143.19
PB.1126.1	Protein_PB.1126.1	GLCCI1	GLCCI1	full-splice_match	YES	16.59	15.04	19.76
PB.11260.1	Protein_PB.11260.1	RPS12	RPS12	full-splice_match	YES	2313.36	2344.93	3546.55
PB.11260.2	Protein_PB.11260.2	RPS12	RPS12	full-splice_match	YES	974.82	941.42	1648.13
PB.11260.3		RPS12	RPS12	novel_not_in_catalog	NO	42.88	37.05	87.63
PB.11265.1	Protein_PB.11265.1	EYA4	EYA4	full-splice_match	YES	458.38	385.12	441.54
PB.11267.2	Protein_PB.11267.2	TBPL1	TBPL1	novel_in_catalog	YES	22.19	25.51	24.32
PB.11267.4	Protein_PB.11267.4	TBPL1	TBPL1	full-splice_match	YES	27.96	23.35	35.37
PB.11271.1	Protein_PB.11271.1	PDE7B	PDE7B	full-splice_match	YES	149.6	130.98	120.54
PB.11271.2	Protein_PB.11271.2	PDE7B	PDE7B	full-splice_match	YES	133.79	168.76	153.89
PB.11271.3	Protein_PB.11271.3	PDE7B	PDE7B	full-splice_match	YES	462.72	580.42	252.77
PB.11273.1	Protein_PB.11273.1	PEX7	PEX7	full-splice_match	YES	196.25	242.33	211.09
PB.11273.2	Protein_PB.11273.2	PEX7	PEX7	incomplete-splice_match	YES	13.86	21.75	9.85
PB.11277.1	Protein_PB.11277.1	ARFGEF3	ARFGEF3	full-splice_match	YES	22.35	13.41	21.18
PB.11279.1	Protein_PB.11279.1	HEBP2	HEBP2	full-splice_match	YES	37.87	41.53	51.33
PB.11280.2	Protein_PB.11280.2	CCDC28A	CCDC28A	full-splice_match	YES	119.39	131.89	99.01
PB.11283.1	Protein_PB.11283.1	HECA	HECA	full-splice_match	YES	75.63	107.4	161.85
PB.11283.2	Protein_PB.11283.2	HECA	HECA	incomplete-splice_match	YES	828.66	736.89	1159.34
PB.11286.5	Protein_PB.11286.5	VTA1	VTA1	full-splice_match	YES	199.73	229.24	191.4
PB.11286.6	Protein_PB.11286.6	VTA1	VTA1	novel_not_in_catalog	YES	44.29	63.84	71.18
PB.11288.14	Protein_PB.11288.14	AIG1	AIG1	full-splice_match	YES	33.83	28.7	20.33
PB.11288.3	Protein_PB.11288.3	AIG1	AIG1	full-splice_match	YES	41.78	29.1	42.11
PB.11288.5	Protein_PB.11288.5	AIG1	AIG1	full-splice_match	YES	94.31	84.85	65.49
PB.11288.9	Protein_PB.11288.9	AIG1	AIG1	full-splice_match	YES	19.81	21.77	13.3
PB.11289.5	Protein_PB.11289.5	PEX3	PEX3	full-splice_match	YES	110.53	175.0	104.03
PB.11290.6	Protein_PB.11290.6	PHACTR2	PHACTR2	novel_in_catalog	YES	123.69	134.88	200.29
PB.11290.8	Protein_PB.11290.8	PHACTR2	PHACTR2	novel_in_catalog	YES	41.1	23.06	34.55
PB.11292.1	Protein_PB.11292.1	LTV1	LTV1	full-splice_match	YES	111.06	96.13	104.07
PB.11295.16	Protein_PB.11295.16	UTRN	UTRN	incomplete-splice_match	YES	28.09	27.27	29.28
PB.11295.2	Protein_PB.11295.2	UTRN	UTRN	full-splice_match	YES	247.06	155.62	251.02
PB.11295.6	Protein_PB.11295.6	UTRN	UTRN	full-splice_match	YES	241.05	208.38	203.4
PB.11295.8	Protein_PB.11295.8	UTRN	UTRN	full-splice_match	YES	274.44	133.07	224.67
PB.11299.1	Protein_PB.11299.1	RAB32	RAB32	full-splice_match	YES	29.78	16.92	21.89
PB.11302.1	Protein_PB.11302.1	STXBP5	STXBP5	full-splice_match	YES	18.75	14.0	29.82
PB.11302.4	Protein_PB.11302.4	STXBP5	STXBP5	full-splice_match	YES	91.82	66.03	82.55
PB.11302.5	Protein_PB.11302.5	STXBP5	STXBP5	incomplete-splice_match	YES	45.99	50.12	43.41
PB.11306.1	Protein_PB.11306.1	SASH1	SASH1	novel_not_in_catalog	YES	65.58	53.9	26.99
PB.11306.2	Protein_PB.11306.2	SASH1	SASH1	full-splice_match	YES	37.5	15.62	33.67
PB.11306.4	Protein_PB.11306.4	SASH1	SASH1	full-splice_match	YES	22.12	22.17	36.41
PB.11306.5	Protein_PB.11306.5	SASH1	SASH1	full-splice_match	YES	149.89	142.28	175.16
PB.11306.9	Protein_PB.11306.9	SASH1	SASH1	novel_in_catalog	YES	15.02	6.77	25.38
PB.11308.2	Protein_PB.11308.2	UST	UST	full-splice_match	YES	27.84	20.68	24.39
PB.11309.1	Protein_PB.11309.1	TAB2	TAB2	full-splice_match	YES	71.85	70.04	92.68
PB.11309.2	Protein_PB.11309.2	TAB2	TAB2	full-splice_match	YES	133.95	187.34	146.89
PB.11309.3	Protein_PB.11309.3	TAB2	TAB2	full-splice_match	YES	100.51	88.06	97.02
PB.11309.4	Protein_PB.11309.4	TAB2	TAB2	full-splice_match	YES	332.43	263.69	310.92
PB.11309.5		TAB2	TAB2	incomplete-splice_match	NO	12.46	18.38	25.6
PB.11311.1	Protein_PB.11311.1	GINM1	GINM1	full-splice_match	YES	184.7	184.59	189.57
PB.11311.2	Protein_PB.11311.2	GINM1	GINM1	full-splice_match	YES	210.71	220.93	185.46
PB.11311.3	Protein_PB.11311.3	GINM1	GINM1	novel_in_catalog	YES	65.29	45.12	156.35
PB.11312.1	Protein_PB.11312.1	PCMT1	PCMT1	novel_not_in_catalog	YES	21.87	25.9	30.54
PB.11312.2	Protein_PB.11312.2	PCMT1	PCMT1	full-splice_match	YES	26.84	27.69	14.23
PB.11312.3	Protein_PB.11312.3	PCMT1	PCMT1	full-splice_match	YES	654.78	802.68	720.84
PB.11312.6	Protein_PB.11312.6	PCMT1	PCMT1	novel_not_in_catalog	YES	21.31	23.59	18.91
PB.11316.1	Protein_PB.11316.1	PPP1R14C	PPP1R14C	full-splice_match	YES	2167.02	1923.53	1625.42
PB.11320.1	Protein_PB.11320.1	AKAP12	AKAP12	full-splice_match	YES	77.3	42.21	95.46
PB.11320.2	Protein_PB.11320.2	AKAP12	AKAP12	full-splice_match	YES	251.86	148.58	343.47
PB.11321.1	Protein_PB.11321.1	ARMT1	ARMT1	novel_not_in_catalog	YES	53.64	64.5	62.22
PB.11321.2	Protein_PB.11321.2	ARMT1	ARMT1	full-splice_match	YES	191.18	222.38	144.97
PB.11321.5	Protein_PB.11321.5	ARMT1	ARMT1	full-splice_match	YES	21.7	7.6	37.99
PB.11321.7	Protein_PB.11321.7	ARMT1	ARMT1	full-splice_match	YES	231.98	327.65	184.92
PB.11324.2	Protein_PB.11324.2	ESR1	ESR1	novel_not_in_catalog	YES	58.83	34.91	33.91
PB.11324.4	Protein_PB.11324.4	ESR1	ESR1	novel_not_in_catalog	YES	99.23	118.35	110.19
PB.11324.5	Protein_PB.11324.5	ESR1	ESR1	full-splice_match	YES	147.8	62.94	81.55
PB.11324.7	Protein_PB.11324.7	ESR1	ESR1	novel_not_in_catalog	YES	115.38	36.36	83.81
PB.11325.1		novelGene_SYNE1_AS	novelGene_SYNE1_AS	antisense	NO	75.02	71.68	118.25
PB.11327.1	Protein_PB.11327.1	MYCT1	MYCT1	novel_in_catalog	YES	82.22	56.49	57.44
PB.11331.2	Protein_PB.11331.2	SCAF8	SCAF8	full-splice_match	YES	19.05	7.7	52.5
PB.11331.3	Protein_PB.11331.3	SCAF8	SCAF8	novel_in_catalog	YES	267.72	231.22	309.7
PB.11331.4	Protein_PB.11331.4	SCAF8	SCAF8	full-splice_match	YES	171.08	180.81	170.1
PB.11331.5	Protein_PB.11331.5	SCAF8	SCAF8	full-splice_match	YES	47.82	24.58	32.47
PB.11332.1	Protein_PB.11332.1	TIAM2	TIAM2	full-splice_match	YES	35.92	27.76	29.52
PB.11332.2	Protein_PB.11332.2	TIAM2	TIAM2	novel_not_in_catalog	YES	19.74	14.93	19.74
PB.11335.3	Protein_PB.11335.3	ARID1B	ARID1B	full-splice_match	YES	82.28	67.26	90.39
PB.11335.6	Protein_PB.11335.6	ARID1B	ARID1B	full-splice_match	YES	21.45	0.0	18.51
PB.11335.7	Protein_PB.11335.7	ARID1B	ARID1B	full-splice_match	YES	123.15	87.34	111.12
PB.11335.8	Protein_PB.11335.8	ARID1B	ARID1B	full-splice_match	YES	125.6	162.37	180.2
PB.11338.1	Protein_PB.11338.1	SNX9	SNX9	full-splice_match	YES	335.9	217.57	234.19
PB.11338.2	Protein_PB.11338.2	SNX9	SNX9	incomplete-splice_match	YES	313.75	347.48	297.47
PB.11339.2	Protein_PB.11339.2	SYNJ2	SYNJ2	full-splice_match	YES	81.59	56.08	129.08
PB.1134.13	Protein_PB.1134.13	PHF14	PHF14	full-splice_match	YES	67.65	87.93	86.58
PB.1134.21	Protein_PB.1134.21	PHF14	PHF14	full-splice_match	YES	19.97	19.05	13.19
PB.1134.22	Protein_PB.1134.22	PHF14	PHF14	novel_not_in_catalog	YES	185.21	214.14	150.38
PB.1134.26	Protein_PB.1134.26	PHF14	PHF14	novel_not_in_catalog	YES	56.21	58.82	61.34
PB.1134.3		PHF14	PHF14	novel_not_in_catalog	NO	34.79	50.97	29.91
PB.1134.4	Protein_PB.1134.4	PHF14	PHF14	novel_not_in_catalog	YES	77.21	41.75	45.54
PB.1134.6		PHF14	PHF14	novel_not_in_catalog	NO	26.51	27.22	28.64
PB.1134.7		LOC113260629	LOC113260629	novel_not_in_catalog	NO	21.56	32.99	44.03
PB.1134.9		PHF14	PHF14	novel_not_in_catalog	NO	19.0	4.85	7.75
PB.11340.1		GTF2H5	GTF2H5	full-splice_match	NO	149.26	162.29	138.61
PB.11341.1	Protein_PB.11341.1	TULP4	TULP4	full-splice_match	YES	129.14	100.2	101.36
PB.11341.2	Protein_PB.11341.2	TULP4	TULP4	full-splice_match	YES	358.1	278.14	357.61
PB.11341.3	Protein_PB.11341.3	TULP4	TULP4	incomplete-splice_match	YES	25.53	21.33	21.41
PB.11343.2	Protein_PB.11343.2	TMEM181	TMEM181	incomplete-splice_match	YES	41.89	41.86	39.63
PB.11350.1	Protein_PB.11350.1	FNDC1	FNDC1	full-splice_match	YES	204.3	53.28	113.7
PB.11351.1	Protein_PB.11351.1	WTAP	WTAP	incomplete-splice_match	YES	37.51	36.7	27.27
PB.11351.4	Protein_PB.11351.4	WTAP	WTAP	incomplete-splice_match	YES	71.74	57.62	61.89
PB.11351.5	Protein_PB.11351.5	WTAP	WTAP	novel_not_in_catalog	YES	189.08	170.94	175.28
PB.11351.8	Protein_PB.11351.8	WTAP	WTAP	full-splice_match	YES	39.18	47.71	80.36
PB.11351.9	Protein_PB.11351.9	WTAP	WTAP	novel_not_in_catalog	YES	18.52	8.73	12.53
PB.11352.2	Protein_PB.11352.2	ACAT2	ACAT2	full-splice_match	YES	32.48	13.53	29.41
PB.11352.3	Protein_PB.11352.3	ACAT2	ACAT2	novel_not_in_catalog	YES	29.81	42.3	29.51
PB.11353.4	Protein_PB.11353.4	MRPL18	MRPL18	full-splice_match	YES	126.61	149.37	79.7
PB.11353.5	Protein_PB.11353.5	MRPL18	MRPL18	full-splice_match	YES	402.51	453.18	272.29
PB.11356.1	Protein_PB.11356.1	IGF2R	IGF2R	full-splice_match	YES	835.89	945.54	1046.49
PB.11358.1	Protein_PB.11358.1	SLC22A3	SLC22A3	novel_not_in_catalog	YES	35.12	23.28	23.13
PB.11358.2	Protein_PB.11358.2	SLC22A3	SLC22A3	novel_not_in_catalog	YES	242.21	299.15	28.64
PB.11358.5	Protein_PB.11358.5	SLC22A3	SLC22A3	full-splice_match	YES	108.72	104.26	59.58
PB.11358.6	Protein_PB.11358.6	SLC22A3	SLC22A3	incomplete-splice_match	YES	74.22	168.9	99.78
PB.11359.1	Protein_PB.11359.1	MAP3K4	MAP3K4	full-splice_match	YES	105.85	97.85	113.36
PB.11359.2	Protein_PB.11359.2	MAP3K4	MAP3K4	full-splice_match	YES	157.3	134.24	132.31
PB.11359.3	Protein_PB.11359.3	MAP3K4	MAP3K4	full-splice_match	YES	8.74	36.8	20.33
PB.11359.4	Protein_PB.11359.4	MAP3K4	MAP3K4	full-splice_match	YES	13.87	36.72	38.76
PB.11360.1	Protein_PB.11360.1	novelGene_PRKN_AS	novelGene_PRKN_AS	antisense	YES	59.8	46.02	57.41
PB.11362.1	Protein_PB.11362.1	QKI	QKI	full-splice_match	YES	350.47	466.96	401.06
PB.11362.2	Protein_PB.11362.2	QKI	QKI	full-splice_match	YES	150.19	92.43	293.9
PB.11362.3	Protein_PB.11362.3	QKI	QKI	full-splice_match	YES	138.6	55.73	162.81
PB.11362.5	Protein_PB.11362.5	QKI	QKI	full-splice_match	YES	1884.01	2179.13	2228.07
PB.11362.6	Protein_PB.11362.6	QKI	QKI	novel_in_catalog	YES	242.74	410.31	347.84
PB.11362.7	Protein_PB.11362.7	QKI	QKI	novel_not_in_catalog	YES	119.05	158.49	138.35
PB.11364.2	Protein_PB.11364.2	LOC113259644	LOC113259644	full-splice_match	YES	16.99	19.1	27.23
PB.11365.1	Protein_PB.11365.1	novelGene_LOC113259659_AS	novelGene_LOC113259659_AS	antisense	YES	105.36	101.56	105.63
PB.11369.1	Protein_PB.11369.1	FGFR1OP	FGFR1OP	novel_in_catalog	YES	7.77	28.7	18.66
PB.11369.3	Protein_PB.11369.3	FGFR1OP	FGFR1OP	full-splice_match	YES	144.48	129.48	105.77
PB.11371.3	Protein_PB.11371.3	ROS1	ROS1	novel_in_catalog	YES	31.26	34.63	24.74
PB.11371.4	Protein_PB.11371.4	ROS1	ROS1	incomplete-splice_match	YES	48.72	92.94	71.37
PB.11371.5	Protein_PB.11371.5	ROS1	ROS1	novel_not_in_catalog	YES	18.11	17.64	41.35
PB.11372.1	Protein_PB.11372.1	GOPC	GOPC	full-splice_match	YES	108.89	109.25	135.38
PB.11372.2	Protein_PB.11372.2	GOPC	GOPC	full-splice_match	YES	151.47	175.78	168.12
PB.11374.1	Protein_PB.11374.1	CEP85L	CEP85L	full-splice_match	YES	288.9	150.3	305.42
PB.11374.2	Protein_PB.11374.2	CEP85L	CEP85L	full-splice_match	YES	158.92	140.12	279.04
PB.11376.1	Protein_PB.11376.1	MCM9	MCM9	full-splice_match	YES	21.5	12.18	23.83
PB.11379.10	Protein_PB.11379.10	MAN1A1	MAN1A1	full-splice_match	YES	213.52	157.12	160.01
PB.11379.7	Protein_PB.11379.7	MAN1A1	MAN1A1	full-splice_match	YES	93.11	51.16	39.41
PB.1138.1	Protein_PB.1138.1	TMEM106B	TMEM106B	novel_not_in_catalog	YES	72.72	59.63	62.45
PB.1138.5	Protein_PB.1138.5	TMEM106B	TMEM106B	novel_not_in_catalog	YES	144.67	145.64	112.26
PB.11382.2	Protein_PB.11382.2	TBC1D32	TBC1D32	full-splice_match	YES	14.72	12.89	22.63
PB.11382.3	Protein_PB.11382.3	TBC1D32	TBC1D32	full-splice_match	YES	26.58	29.76	28.07
PB.11384.1	Protein_PB.11384.1	SERINC1	SERINC1	full-splice_match	YES	1747.91	1980.02	1839.54
PB.11384.5	Protein_PB.11384.5	SERINC1	SERINC1	novel_not_in_catalog	YES	54.93	74.45	123.58
PB.11384.6	Protein_PB.11384.6	SERINC1	SERINC1	novel_in_catalog	YES	43.42	37.96	16.31
PB.11384.9	Protein_PB.11384.9	SERINC1	SERINC1	novel_not_in_catalog	YES	27.89	18.14	26.17
PB.11385.1	Protein_PB.11385.1	TRDN	TRDN	novel_not_in_catalog	YES	176.37	206.57	158.19
PB.11385.11	Protein_PB.11385.11	TRDN	TRDN	novel_not_in_catalog	YES	736.7	875.76	887.92
PB.11385.12	Protein_PB.11385.12	TRDN	TRDN	novel_not_in_catalog	YES	690.96	723.72	409.26
PB.11385.13	Protein_PB.11385.13	TRDN	TRDN	novel_not_in_catalog	YES	242.09	389.75	183.67
PB.11385.14	Protein_PB.11385.14	TRDN	TRDN	novel_not_in_catalog	YES	396.26	401.03	11.02
PB.11385.15	Protein_PB.11385.15	TRDN	TRDN	novel_not_in_catalog	YES	2678.28	3284.65	4680.6
PB.11385.16	Protein_PB.11385.16	TRDN	TRDN	novel_not_in_catalog	YES	174.64	106.85	161.4
PB.11385.17	Protein_PB.11385.17	TRDN	TRDN	novel_not_in_catalog	YES	270.33	350.96	331.21
PB.11385.2	Protein_PB.11385.2	TRDN	TRDN	novel_not_in_catalog	YES	7.47	9.58	32.79
PB.11385.20	Protein_PB.11385.20	TRDN	TRDN	novel_not_in_catalog	YES	14.04	27.08	36.05
PB.11385.22	Protein_PB.11385.22	TRDN	TRDN	novel_not_in_catalog	YES	198.28	197.36	107.46
PB.11385.23	Protein_PB.11385.23	TRDN	TRDN	novel_not_in_catalog	YES	742.39	688.53	924.24
PB.11385.24	Protein_PB.11385.24	TRDN	TRDN	novel_not_in_catalog	YES	5535.77	5709.85	6014.8
PB.11385.25	Protein_PB.11385.25	TRDN	TRDN	novel_not_in_catalog	YES	2805.71	3035.3	2822.6
PB.11385.29	Protein_PB.11385.29	TRDN	TRDN	novel_in_catalog	YES	40.54	42.52	48.33
PB.11385.3	Protein_PB.11385.3	TRDN	TRDN	novel_not_in_catalog	YES	205.48	320.91	239.93
PB.11385.31	Protein_PB.11385.31	TRDN	TRDN	novel_not_in_catalog	YES	2075.41	2473.43	2829.2
PB.11385.36	Protein_PB.11385.36	TRDN	TRDN	novel_not_in_catalog	YES	204.19	325.8	224.67
PB.11385.38	Protein_PB.11385.38	TRDN	TRDN	novel_not_in_catalog	YES	11.12	18.97	32.71
PB.11385.4	Protein_PB.11385.4	TRDN	TRDN	novel_not_in_catalog	YES	166.93	183.27	418.68
PB.11385.40	Protein_PB.11385.40	TRDN	TRDN	novel_not_in_catalog	YES	1253.24	1047.35	912.42
PB.11385.41	Protein_PB.11385.41	TRDN	TRDN	novel_not_in_catalog	YES	242.86	334.1	457.66
PB.11385.45	Protein_PB.11385.45	TRDN	TRDN	novel_not_in_catalog	YES	759.83	798.07	928.75
PB.11385.46	Protein_PB.11385.46	TRDN	TRDN	novel_not_in_catalog	YES	34.28	53.48	90.19
PB.11385.47	Protein_PB.11385.47	TRDN	TRDN	novel_not_in_catalog	YES	87.03	130.79	49.4
PB.11385.49	Protein_PB.11385.49	TRDN	TRDN	novel_not_in_catalog	YES	4369.18	4786.31	4873.49
PB.11385.5	Protein_PB.11385.5	TRDN	TRDN	novel_not_in_catalog	YES	212.59	379.07	420.15
PB.11385.50	Protein_PB.11385.50	TRDN	TRDN	novel_not_in_catalog	YES	1239.59	1483.76	1416.32
PB.11385.54	Protein_PB.11385.54	TRDN	TRDN	novel_not_in_catalog	YES	274.01	294.8	244.76
PB.11385.55	Protein_PB.11385.55	TRDN	TRDN	novel_not_in_catalog	YES	231.14	312.7	331.74
PB.11385.57	Protein_PB.11385.57	TRDN	TRDN	novel_not_in_catalog	YES	639.04	811.74	954.79
PB.11385.58	Protein_PB.11385.58	TRDN	TRDN	novel_not_in_catalog	YES	32.2	27.3	35.61
PB.11385.59	Protein_PB.11385.59	TRDN	TRDN	novel_not_in_catalog	YES	14.91	11.54	17.35
PB.11385.63	Protein_PB.11385.63	TRDN	TRDN	novel_not_in_catalog	YES	13.46	10.45	26.15
PB.11385.7	Protein_PB.11385.7	TRDN	TRDN	novel_not_in_catalog	YES	13.4	40.54	28.6
PB.11385.9	Protein_PB.11385.9	TRDN	TRDN	novel_not_in_catalog	YES	83.65	93.46	245.7
PB.11386.2		HDDC2	HDDC2	novel_in_catalog	NO	48.21	53.64	45.78
PB.11386.4	Protein_PB.11386.4	HDDC2	HDDC2	full-splice_match	YES	204.24	212.26	196.97
PB.11396.1	Protein_PB.11396.1	ECHDC1	ECHDC1	full-splice_match	YES	143.46	173.31	59.99
PB.11396.3	Protein_PB.11396.3	ECHDC1	ECHDC1	full-splice_match	YES	92.39	108.23	49.5
PB.11396.5	Protein_PB.11396.5	ECHDC1	ECHDC1	full-splice_match	YES	39.02	23.51	16.83
PB.11397.1	Protein_PB.11397.1	KIAA0408	KIAA0408	novel_not_in_catalog	YES	88.84	63.27	69.38
PB.11397.2	Protein_PB.11397.2	KIAA0408	KIAA0408	novel_not_in_catalog	YES	367.77	433.32	404.92
PB.11397.3	Protein_PB.11397.3	KIAA0408	KIAA0408	full-splice_match	YES	66.31	76.16	55.24
PB.11397.4	Protein_PB.11397.4	KIAA0408	KIAA0408	full-splice_match	YES	285.55	314.82	244.42
PB.11401.1	Protein_PB.11401.1	PTPRK	PTPRK	full-splice_match	YES	41.96	29.41	51.4
PB.11401.4	Protein_PB.11401.4	PTPRK	PTPRK	full-splice_match	YES	55.61	49.17	55.17
PB.11401.5	Protein_PB.11401.5	PTPRK	PTPRK	incomplete-splice_match	YES	18.88	9.56	15.75
PB.11404.3	Protein_PB.11404.3	ARHGAP18	ARHGAP18	full-splice_match	YES	89.22	95.1	72.59
PB.11404.4	Protein_PB.11404.4	ARHGAP18	ARHGAP18	novel_not_in_catalog	YES	83.18	46.24	45.76
PB.11404.5	Protein_PB.11404.5	ARHGAP18	ARHGAP18	full-splice_match	YES	72.89	52.28	60.93
PB.11408.11	Protein_PB.11408.11	EPB41L2	EPB41L2	full-splice_match	YES	85.64	37.45	55.09
PB.11408.12	Protein_PB.11408.12	EPB41L2	EPB41L2	full-splice_match	YES	55.95	31.12	30.82
PB.11408.16	Protein_PB.11408.16	EPB41L2	EPB41L2	novel_not_in_catalog	YES	6.31	19.29	3.75
PB.11408.18	Protein_PB.11408.18	EPB41L2	EPB41L2	novel_not_in_catalog	YES	26.07	21.48	29.66
PB.11408.2	Protein_PB.11408.2	EPB41L2	EPB41L2	full-splice_match	YES	19.11	27.4	38.75
PB.11408.7	Protein_PB.11408.7	EPB41L2	EPB41L2	novel_not_in_catalog	YES	62.77	49.96	40.88
PB.11408.8	Protein_PB.11408.8	EPB41L2	EPB41L2	novel_not_in_catalog	YES	17.29	12.03	16.69
PB.11408.9	Protein_PB.11408.9	EPB41L2	EPB41L2	novel_not_in_catalog	YES	29.53	3.68	21.72
PB.1141.1	Protein_PB.1141.1	SCIN	SCIN	full-splice_match	YES	45.94	18.43	32.63
PB.11410.2	Protein_PB.11410.2	MED23	MED23	full-splice_match	YES	138.49	140.25	146.31
PB.11410.3	Protein_PB.11410.3	MED23	MED23	incomplete-splice_match	YES	12.73	29.17	28.07
PB.11411.1	Protein_PB.11411.1	CTGF	CTGF	full-splice_match	YES	779.06	428.66	504.02
PB.11417.1	Protein_PB.11417.1	STX7	STX7	full-splice_match	YES	18.38	30.18	41.61
PB.11417.2	Protein_PB.11417.2	STX7	STX7	full-splice_match	YES	166.88	172.41	147.91
PB.11417.4	Protein_PB.11417.4	STX7	STX7	novel_in_catalog	YES	64.99	85.92	83.12
PB.1142.2	Protein_PB.1142.2	ARL4A	ARL4A	full-splice_match	YES	20.86	18.78	19.79
PB.1142.3	Protein_PB.1142.3	ARL4A	ARL4A	full-splice_match	YES	21.13	19.36	28.99
PB.11426.12	Protein_PB.11426.12	VNN1	VNN1	full-splice_match	YES	4.67	17.88	9.63
PB.11426.2	Protein_PB.11426.2	VNN1	VNN1	full-splice_match	YES	33.64	23.16	30.76
PB.11429.10	Protein_PB.11429.10	SLC18B1	SLC18B1	novel_not_in_catalog	YES	23.78	47.53	10.98
PB.11429.12	Protein_PB.11429.12	SLC18B1	SLC18B1	novel_not_in_catalog	YES	7.29	5.11	20.53
PB.11429.20	Protein_PB.11429.20	SLC18B1	SLC18B1	novel_not_in_catalog	YES	31.19	8.42	0.0
PB.11429.22	Protein_PB.11429.22	SLC18B1	SLC18B1	novel_not_in_catalog	YES	19.59	6.97	0.0
PB.11429.27	Protein_PB.11429.27	SLC18B1	SLC18B1	novel_not_in_catalog	YES	3.21	2.52	28.74
PB.11429.3	Protein_PB.11429.3	SLC18B1	SLC18B1	full-splice_match	YES	25.27	12.46	38.07
PB.11429.5	Protein_PB.11429.5	SLC18B1	SLC18B1	full-splice_match	YES	51.41	61.95	35.3
PB.11429.8	Protein_PB.11429.8	SLC18B1	SLC18B1	novel_not_in_catalog	YES	46.67	71.23	57.26
PB.11433.1	Protein_PB.11433.1	SLC2A12	SLC2A12	full-splice_match	YES	243.19	270.97	220.84
PB.11433.4	Protein_PB.11433.4	SLC2A12	SLC2A12	full-splice_match	YES	41.5	39.43	29.13
PB.11434.22	Protein_PB.11434.22	SGK1	SGK1	full-splice_match	YES	193.8	113.74	114.64
PB.11435.1		LOC113259469	LOC113259469	full-splice_match	NO	220.69	258.95	162.7
PB.11438.1	Protein_PB.11438.1	HBS1L	HBS1L	full-splice_match	YES	917.65	996.35	795.79
PB.11438.13	Protein_PB.11438.13	HBS1L	HBS1L	full-splice_match	YES	35.56	26.98	31.12
PB.11438.4	Protein_PB.11438.4	HBS1L	HBS1L	novel_in_catalog	YES	5.65	7.58	31.69
PB.11439.11	Protein_PB.11439.11	AHI1	AHI1	full-splice_match	YES	107.23	178.04	132.65
PB.11439.12	Protein_PB.11439.12	AHI1	AHI1	full-splice_match	YES	78.99	68.43	50.77
PB.11439.13	Protein_PB.11439.13	AHI1	AHI1	full-splice_match	YES	8.03	5.65	18.95
PB.11439.3	Protein_PB.11439.3	AHI1	AHI1	full-splice_match	YES	73.15	67.8	83.48
PB.11439.8	Protein_PB.11439.8	AHI1	AHI1	full-splice_match	YES	37.9	52.44	31.95
PB.11444.11	Protein_PB.11444.11	BCLAF1	BCLAF1	novel_not_in_catalog	YES	30.56	22.69	89.43
PB.11444.12	Protein_PB.11444.12	BCLAF1	BCLAF1	novel_not_in_catalog	YES	495.34	465.0	602.56
PB.11444.13	Protein_PB.11444.13	BCLAF1	BCLAF1	novel_in_catalog	YES	104.01	74.69	105.4
PB.11444.15	Protein_PB.11444.15	BCLAF1	BCLAF1	incomplete-splice_match	YES	386.17	354.03	424.04
PB.11444.17	Protein_PB.11444.17	BCLAF1	BCLAF1	incomplete-splice_match	YES	20.18	88.28	91.73
PB.11444.2	Protein_PB.11444.2	BCLAF1	BCLAF1	full-splice_match	YES	205.9	292.39	156.34
PB.11444.6	Protein_PB.11444.6	BCLAF1	BCLAF1	novel_not_in_catalog	YES	68.16	5.45	83.33
PB.11444.8	Protein_PB.11444.8	BCLAF1	BCLAF1	novel_not_in_catalog	YES	45.55	28.35	54.97
PB.11446.1	Protein_PB.11446.1	MAP3K5	MAP3K5	full-splice_match	YES	118.49	150.98	89.1
PB.11447.1		novelGene_1271	novelGene_1271	intergenic	NO	11.16	11.46	21.84
PB.11451.3	Protein_PB.11451.3	IFNGR1	IFNGR1	full-splice_match	YES	369.01	339.3	402.74
PB.11458.1	Protein_PB.11458.1	NHSL1	NHSL1	novel_in_catalog	YES	42.32	30.15	41.98
PB.1146.1		novelGene_168	novelGene_168	intergenic	NO	29.04	23.25	18.82
PB.1146.3		novelGene_170	novelGene_170	intergenic	NO	18.92	14.06	17.94
PB.11460.1	Protein_PB.11460.1	REPS1	REPS1	full-splice_match	YES	341.66	445.98	454.35
PB.11460.2	Protein_PB.11460.2	REPS1	REPS1	full-splice_match	YES	40.04	66.05	54.34
PB.11460.4	Protein_PB.11460.4	REPS1	REPS1	full-splice_match	YES	28.56	53.46	52.05
PB.11460.5	Protein_PB.11460.5	REPS1	REPS1	full-splice_match	YES	47.99	88.23	120.57
PB.11462.1	Protein_PB.11462.1	TXLNB	TXLNB	full-splice_match	YES	4882.0	5605.88	5270.59
PB.11462.2	Protein_PB.11462.2	TXLNB	TXLNB	full-splice_match	YES	22.74	9.68	19.79
PB.11463.1	Protein_PB.11463.1	CITED2	CITED2	full-splice_match	YES	253.73	300.26	474.2
PB.11470.1	Protein_PB.11470.1	HIVEP2	HIVEP2	full-splice_match	YES	100.34	141.03	127.11
PB.11470.2	Protein_PB.11470.2	HIVEP2	HIVEP2	novel_not_in_catalog	YES	395.3	263.98	368.55
PB.11470.3	Protein_PB.11470.3	HIVEP2	HIVEP2	novel_not_in_catalog	YES	709.88	623.64	624.86
PB.11470.5	Protein_PB.11470.5	HIVEP2	HIVEP2	novel_not_in_catalog	YES	265.46	136.1	185.33
PB.11471.1	Protein_PB.11471.1	ADAT2	ADAT2	full-splice_match	YES	101.08	90.53	96.93
PB.11472.1	Protein_PB.11472.1	FUCA2	FUCA2	full-splice_match	YES	264.19	380.45	281.66
PB.11472.2	Protein_PB.11472.2	FUCA2	FUCA2	novel_not_in_catalog	YES	68.97	69.05	33.41
PB.11475.1		SF3B5	SF3B5	full-splice_match	NO	206.05	206.99	184.4
PB.11479.2	Protein_PB.11479.2	EPM2A	EPM2A	full-splice_match	YES	23.16	21.54	11.87
PB.11479.3	Protein_PB.11479.3	EPM2A	EPM2A	full-splice_match	YES	911.88	1043.22	487.15
PB.11479.7	Protein_PB.11479.7	EPM2A	EPM2A	novel_not_in_catalog	YES	484.64	401.96	281.31
PB.11480.1	Protein_PB.11480.1	FBXO30	FBXO30	full-splice_match	YES	349.31	408.81	317.51
PB.11482.1	Protein_PB.11482.1	SHPRH	SHPRH	full-splice_match	YES	120.95	120.23	102.28
PB.11482.2	Protein_PB.11482.2	SHPRH	SHPRH	full-splice_match	YES	24.07	8.47	48.97
PB.11482.3	Protein_PB.11482.3	SHPRH	SHPRH	full-splice_match	YES	20.66	21.92	28.39
PB.11482.5	Protein_PB.11482.5	SHPRH	SHPRH	incomplete-splice_match	YES	40.61	58.85	33.92
PB.11488.1	Protein_PB.11488.1	PPIL4	PPIL4	full-splice_match	YES	70.03	48.38	68.5
PB.11488.3	Protein_PB.11488.3	PPIL4	PPIL4	novel_in_catalog	YES	24.77	38.56	33.91
PB.11489.1	Protein_PB.11489.1	KATNA1	KATNA1	full-splice_match	YES	143.3	164.56	185.67
PB.11490.3	Protein_PB.11490.3	LATS1	LATS1	full-splice_match	YES	27.13	9.9	6.7
PB.11490.5	Protein_PB.11490.5	LATS1	LATS1	novel_not_in_catalog	YES	145.27	122.54	167.81
PB.11491.3	Protein_PB.11491.3	NUP43	NUP43	full-splice_match	YES	18.62	20.51	26.94
PB.11491.4	Protein_PB.11491.4	NUP43	NUP43	full-splice_match	YES	17.98	24.27	15.75
PB.11492.1	Protein_PB.11492.1	LRP11	LRP11	full-splice_match	YES	51.83	49.47	76.0
PB.11496.4	Protein_PB.11496.4	RMND1	RMND1	full-splice_match	YES	45.24	67.07	32.06
PB.11497.10	Protein_PB.11497.10	SYNE1	SYNE1	full-splice_match	YES	2644.38	2103.37	2255.3
PB.11497.13	Protein_PB.11497.13	SYNE1	SYNE1	full-splice_match	YES	143.86	113.96	95.45
PB.11497.16	Protein_PB.11497.16	SYNE1	SYNE1	novel_not_in_catalog	YES	25.6	21.1	19.59
PB.11497.17	Protein_PB.11497.17	SYNE1	SYNE1	novel_not_in_catalog	YES	45.18	50.49	156.69
PB.11497.23	Protein_PB.11497.23	SYNE1	SYNE1	incomplete-splice_match	YES	254.99	213.77	171.45
PB.11497.24	Protein_PB.11497.24	SYNE1	SYNE1	incomplete-splice_match	YES	92.98	100.01	122.52
PB.11497.4	Protein_PB.11497.4	SYNE1	SYNE1	full-splice_match	YES	795.09	698.03	870.71
PB.11497.6	Protein_PB.11497.6	SYNE1	SYNE1	full-splice_match	YES	248.85	48.27	77.23
PB.11497.9	Protein_PB.11497.9	SYNE1	SYNE1	full-splice_match	YES	190.5	307.46	256.95
PB.11499.1	Protein_PB.11499.1	MTRF1L	MTRF1L	full-splice_match	YES	45.47	49.11	26.05
PB.1150.1	Protein_PB.1150.1	BZW2	BZW2	novel_not_in_catalog	YES	1575.4	2237.79	2079.96
PB.1150.2	Protein_PB.1150.2	BZW2	BZW2	full-splice_match	YES	15.99	45.45	34.9
PB.1150.3	Protein_PB.1150.3	BZW2	BZW2	novel_not_in_catalog	YES	749.08	945.76	1006.64
PB.11507.1	Protein_PB.11507.1	CNKSR3	CNKSR3	full-splice_match	YES	57.63	61.54	69.68
PB.1151.1	Protein_PB.1151.1	TSPAN13	TSPAN13	full-splice_match	YES	308.83	230.06	164.6
PB.11511.2	Protein_PB.11511.2	TFB1M_LOC113259586	TFB1M_LOC113259586	full-splice_match	YES	69.71	59.21	65.39
PB.11511.3	Protein_PB.11511.3	TFB1M_LOC113259586	TFB1M_LOC113259586	fusion	YES	48.9	79.08	40.96
PB.11511.4	Protein_PB.11511.4	TFB1M_LOC113259586	TFB1M_LOC113259586	fusion	YES	101.7	93.69	86.23
PB.11515.1	Protein_PB.11515.1	TMEM242	TMEM242	full-splice_match	YES	416.56	437.74	303.28
PB.11515.2		TMEM242	TMEM242	novel_in_catalog	NO	122.6	160.83	136.69
PB.11520.2	Protein_PB.11520.2	SERAC1	SERAC1	full-splice_match	YES	21.73	21.92	8.49
PB.11520.4	Protein_PB.11520.4	SERAC1	SERAC1	novel_not_in_catalog	YES	23.45	44.14	3.13
PB.11521.1	Protein_PB.11521.1	DYNLT1	DYNLT1	full-splice_match	YES	81.93	78.73	59.94
PB.11522.1	Protein_PB.11522.1	EZR	EZR	novel_in_catalog	YES	96.67	40.25	82.61
PB.11522.2	Protein_PB.11522.2	EZR	EZR	novel_not_in_catalog	YES	67.41	45.97	79.7
PB.11527.2	Protein_PB.11527.2	SOD2_LOC113259616	SOD2_LOC113259616	fusion	YES	927.34	1044.58	789.71
PB.11527.3	Protein_PB.11527.3	SOD2_LOC113259616	SOD2_LOC113259616	fusion	YES	19.42	20.19	21.54
PB.11527.4	Protein_PB.11527.4	SOD2_LOC113259616	SOD2_LOC113259616	fusion	YES	2777.28	3301.52	2416.15
PB.11527.5	Protein_PB.11527.5	SOD2	SOD2	full-splice_match	YES	25.75	26.68	32.47
PB.11527.8	Protein_PB.11527.8	SOD2	SOD2	novel_in_catalog	YES	1561.84	1856.13	1436.72
PB.11529.1	Protein_PB.11529.1	TCP1	TCP1	novel_in_catalog	YES	19.82	26.35	31.48
PB.11529.6	Protein_PB.11529.6	TCP1	TCP1	full-splice_match	YES	2405.48	2586.33	3062.66
PB.1153.5	Protein_PB.1153.5	AHR	AHR	full-splice_match	YES	164.71	131.87	125.44
PB.1153.6	Protein_PB.1153.6	AHR	AHR	novel_not_in_catalog	YES	47.71	34.54	62.61
PB.11534.3	Protein_PB.11534.3	PRKN	PRKN	full-splice_match	YES	181.32	210.04	184.52
PB.11536.1		novelGene_PACRG_AS	novelGene_PACRG_AS	antisense	NO	127.09	195.73	38.1
PB.11536.2		novelGene_PACRG_AS	novelGene_PACRG_AS	antisense	NO	58.48	79.72	14.05
PB.11536.3		novelGene_PACRG_AS	novelGene_PACRG_AS	antisense	NO	28.19	44.57	7.28
PB.11546.1	Protein_PB.11546.1	SFT2D1	SFT2D1	full-splice_match	YES	50.07	54.9	64.82
PB.11547.1	Protein_PB.11547.1	MPC1	MPC1	full-splice_match	YES	1950.94	2431.4	1192.79
PB.11547.2	Protein_PB.11547.2	MPC1	MPC1	full-splice_match	YES	38.09	66.0	25.54
PB.11547.4		MPC1	MPC1	incomplete-splice_match	NO	22.96	12.31	14.93
PB.11549.1	Protein_PB.11549.1	RPS6KA2	RPS6KA2	full-splice_match	YES	43.17	46.8	50.77
PB.11549.6	Protein_PB.11549.6	RPS6KA2	RPS6KA2	novel_not_in_catalog	YES	78.54	57.83	22.41
PB.11549.7	Protein_PB.11549.7	RPS6KA2	RPS6KA2	novel_not_in_catalog	YES	53.97	60.84	58.4
PB.11552.1	Protein_PB.11552.1	RNASET2	RNASET2	full-splice_match	YES	225.83	222.1	154.32
PB.11565.2	Protein_PB.11565.2	CCDC82	CCDC82	full-splice_match	YES	16.26	15.23	19.23
PB.11566.2	Protein_PB.11566.2	MAML2	MAML2	full-splice_match	YES	20.54	18.8	29.32
PB.11568.2	Protein_PB.11568.2	MTMR2	MTMR2	full-splice_match	YES	19.52	13.71	22.02
PB.11569.2	Protein_PB.11569.2	FAM76B	FAM76B	full-splice_match	YES	11.09	12.9	23.32
PB.1157.1	Protein_PB.1157.1	HDAC9	HDAC9	full-splice_match	YES	37.74	35.23	47.38
PB.1157.10	Protein_PB.1157.10	HDAC9	HDAC9	novel_not_in_catalog	YES	24.16	20.63	68.62
PB.1157.12	Protein_PB.1157.12	HDAC9	HDAC9	novel_not_in_catalog	YES	15.8	9.23	22.15
PB.1157.5	Protein_PB.1157.5	HDAC9	HDAC9	novel_not_in_catalog	YES	20.92	6.52	4.31
PB.1157.7	Protein_PB.1157.7	HDAC9	HDAC9	novel_not_in_catalog	YES	74.75	55.54	38.91
PB.1157.9	Protein_PB.1157.9	HDAC9	HDAC9	novel_not_in_catalog	YES	21.8	29.72	42.31
PB.11570.1	Protein_PB.11570.1	SESN3	SESN3	full-splice_match	YES	117.37	126.14	429.91
PB.11570.2	Protein_PB.11570.2	SESN3	SESN3	full-splice_match	YES	116.93	57.65	203.77
PB.11571.1	Protein_PB.11571.1	CWC15	CWC15	full-splice_match	YES	81.99	76.59	67.85
PB.11571.3	Protein_PB.11571.3	CWC15	CWC15	novel_in_catalog	YES	125.86	137.97	161.66
PB.11571.5	Protein_PB.11571.5	CWC15	CWC15	full-splice_match	YES	22.82	26.23	17.31
PB.11571.6	Protein_PB.11571.6	CWC15	CWC15	full-splice_match	YES	18.06	22.83	16.34
PB.11571.8	Protein_PB.11571.8	CWC15	CWC15	full-splice_match	YES	25.62	26.31	43.63
PB.11573.1	Protein_PB.11573.1	MRE11	MRE11	full-splice_match	YES	39.31	41.33	32.81
PB.11573.2	Protein_PB.11573.2	MRE11	MRE11	full-splice_match	YES	30.58	22.01	41.07
PB.11573.7	Protein_PB.11573.7	MRE11	MRE11	full-splice_match	YES	9.88	0.4	24.37
PB.11577.18		novelGene_1297	novelGene_1297	intergenic	NO	29.93	23.18	24.31
PB.11577.5	Protein_PB.11577.5	LOC113259832_TAF1D	LOC113259832_TAF1D	fusion	YES	26.09	23.65	9.83
PB.11577.8	Protein_PB.11577.8	LOC113259832_TAF1D	LOC113259832_TAF1D	fusion	YES	31.87	23.27	40.84
PB.11582.2	Protein_PB.11582.2	LOC113259834_LOC113259835	LOC113259834_LOC113259835	fusion	YES	51.12	43.54	58.92
PB.11586.1	Protein_PB.11586.1	CHORDC1	CHORDC1	novel_in_catalog	YES	22.72	15.96	16.25
PB.11586.2	Protein_PB.11586.2	CHORDC1	CHORDC1	full-splice_match	YES	215.43	204.57	155.54
PB.11589.1	Protein_PB.11589.1	THYN1	THYN1	full-splice_match	YES	67.0	80.0	72.82
PB.11589.2	Protein_PB.11589.2	THYN1	THYN1	full-splice_match	YES	113.56	132.16	107.47
PB.11590.1	Protein_PB.11590.1	NCAPD3	NCAPD3	novel_in_catalog	YES	16.99	26.42	24.18
PB.11590.2	Protein_PB.11590.2	NCAPD3	NCAPD3	full-splice_match	YES	43.33	42.1	12.99
PB.11595.1	Protein_PB.11595.1	SNX19	SNX19	full-splice_match	YES	206.03	209.33	235.07
PB.11595.3	Protein_PB.11595.3	SNX19	SNX19	full-splice_match	YES	16.29	19.56	22.84
PB.11595.4	Protein_PB.11595.4	SNX19	SNX19	novel_in_catalog	YES	31.06	23.41	38.41
PB.11595.5	Protein_PB.11595.5	SNX19	SNX19	full-splice_match	YES	42.32	43.75	34.43
PB.11595.6		SNX19	SNX19	novel_not_in_catalog	NO	18.98	22.4	22.99
PB.11597.1	Protein_PB.11597.1	ADAMTS8	ADAMTS8	full-splice_match	YES	1346.76	870.99	197.66
PB.11598.1	Protein_PB.11598.1	ZBTB44	ZBTB44	full-splice_match	YES	120.43	111.68	130.8
PB.11598.2	Protein_PB.11598.2	ZBTB44	ZBTB44	full-splice_match	YES	61.27	23.94	64.04
PB.11598.3	Protein_PB.11598.3	ZBTB44	ZBTB44	full-splice_match	YES	211.45	261.38	307.05
PB.11601.1	Protein_PB.11601.1	PRDM10	PRDM10	full-splice_match	YES	28.98	32.01	28.64
PB.11602.1	Protein_PB.11602.1	NFRKB	NFRKB	full-splice_match	YES	25.2	27.66	69.4
PB.11602.2	Protein_PB.11602.2	NFRKB	NFRKB	full-splice_match	YES	42.33	24.24	14.6
PB.11602.6	Protein_PB.11602.6	NFRKB	NFRKB	novel_in_catalog	YES	32.79	25.16	42.66
PB.11604.2	Protein_PB.11604.2	ARHGAP32	ARHGAP32	full-splice_match	YES	38.75	22.26	50.14
PB.11609.3	Protein_PB.11609.3	ETS1	ETS1	novel_not_in_catalog	YES	19.5	7.85	3.24
PB.11609.4	Protein_PB.11609.4	ETS1	ETS1	full-splice_match	YES	45.92	27.96	35.57
PB.11609.5	Protein_PB.11609.5	ETS1	ETS1	full-splice_match	YES	363.26	257.78	251.65
PB.11609.6	Protein_PB.11609.6	ETS1	ETS1	incomplete-splice_match	YES	16.7	2.8	2.87
PB.11615.2	Protein_PB.11615.2	SRPRA	SRPRA	full-splice_match	YES	1044.99	1158.5	1106.92
PB.11615.23	Protein_PB.11615.23	SRPRA	SRPRA	incomplete-splice_match	YES	313.85	255.09	363.51
PB.11616.1	Protein_PB.11616.1	RPUSD4	RPUSD4	full-splice_match	YES	156.47	180.31	213.7
PB.11616.2	Protein_PB.11616.2	RPUSD4	RPUSD4	novel_not_in_catalog	YES	20.91	14.66	33.32
PB.11620.3	Protein_PB.11620.3	CDON	CDON	full-splice_match	YES	167.19	71.39	114.03
PB.11622.1	Protein_PB.11622.1	PUS3	PUS3	full-splice_match	YES	68.04	84.4	78.76
PB.11627.1	Protein_PB.11627.1	FEZ1	FEZ1	full-splice_match	YES	128.73	161.75	129.67
PB.11629.1	Protein_PB.11629.1	TMEM218	TMEM218	full-splice_match	YES	15.09	41.61	8.49
PB.11629.2	Protein_PB.11629.2	TMEM218	TMEM218	full-splice_match	YES	45.28	32.77	73.75
PB.11629.6	Protein_PB.11629.6	TMEM218	TMEM218	full-splice_match	YES	37.56	43.13	34.04
PB.11629.8	Protein_PB.11629.8	TMEM218	TMEM218	novel_not_in_catalog	YES	11.28	13.25	19.11
PB.11631.1	Protein_PB.11631.1	ROBO4	ROBO4	full-splice_match	YES	54.67	25.49	42.3
PB.11632.8	Protein_PB.11632.8	MSANTD2	MSANTD2	incomplete-splice_match	YES	12.89	11.22	16.98
PB.11633.4	Protein_PB.11633.4	ESAM	ESAM	full-splice_match	YES	138.71	103.65	114.38
PB.11635.1	Protein_PB.11635.1	SIAE	SIAE	full-splice_match	YES	62.78	55.4	55.45
PB.11635.2	Protein_PB.11635.2	SIAE	SIAE	novel_not_in_catalog	YES	23.75	47.53	47.61
PB.11669.5	Protein_PB.11669.5	ZNF202	ZNF202	full-splice_match	YES	22.91	22.96	24.08
PB.11670.1	Protein_PB.11670.1	SCN3B	SCN3B	full-splice_match	YES	6.86	9.0	36.73
PB.11671.2	Protein_PB.11671.2	CLMP	CLMP	incomplete-splice_match	YES	121.94	71.16	98.08
PB.11672.1	Protein_PB.11672.1	HSPA8	HSPA8	novel_not_in_catalog	YES	174.41	160.91	258.36
PB.11672.10	Protein_PB.11672.10	HSPA8	HSPA8	incomplete-splice_match	YES	11.55	10.66	21.8
PB.11672.11	Protein_PB.11672.11	HSPA8	HSPA8	novel_not_in_catalog	YES	131.81	165.96	208.4
PB.11672.15	Protein_PB.11672.15	HSPA8	HSPA8	novel_in_catalog	YES	13.37	14.36	16.86
PB.11672.2	Protein_PB.11672.2	HSPA8	HSPA8	full-splice_match	YES	13217.05	13074.1	8926.2
PB.11675.1		LOC113259936	LOC113259936	full-splice_match	NO	21.28	18.65	14.51
PB.11677.1	Protein_PB.11677.1	LOC113259937	LOC113259937	full-splice_match	YES	121.62	124.48	93.04
PB.1168.1	Protein_PB.1168.1	SP4	SP4	full-splice_match	YES	93.92	92.61	118.02
PB.11685.2	Protein_PB.11685.2	THY1	THY1	incomplete-splice_match	YES	104.79	37.65	76.46
PB.11685.5	Protein_PB.11685.5	THY1	THY1	full-splice_match	YES	172.8	119.39	307.73
PB.11685.6	Protein_PB.11685.6	THY1	THY1	full-splice_match	YES	197.12	40.04	52.56
PB.11686.2	Protein_PB.11686.2	USP2	USP2	novel_not_in_catalog	YES	605.06	670.56	476.3
PB.11686.5	Protein_PB.11686.5	USP2	USP2	full-splice_match	YES	285.58	369.04	273.4
PB.11688.1	Protein_PB.11688.1	C1QTNF5	C1QTNF5	full-splice_match	YES	49.65	20.58	44.61
PB.1169.1	Protein_PB.1169.1	DNAH11	DNAH11	full-splice_match	YES	46.0	27.57	11.37
PB.11690.1	Protein_PB.11690.1	MCAM	MCAM	full-splice_match	YES	123.53	55.42	49.5
PB.11690.2	Protein_PB.11690.2	MCAM	MCAM	full-splice_match	YES	256.97	204.95	186.58
PB.11694.5	Protein_PB.11694.5	HYOU1	HYOU1	full-splice_match	YES	44.47	76.46	50.28
PB.11694.6	Protein_PB.11694.6	HYOU1	HYOU1	novel_in_catalog	YES	85.6	43.68	66.34
PB.11695.3	Protein_PB.11695.3	SLC37A4	SLC37A4	full-splice_match	YES	63.83	37.35	39.84
PB.11695.6	Protein_PB.11695.6	SLC37A4	SLC37A4	novel_not_in_catalog	YES	122.83	101.11	48.08
PB.11695.9	Protein_PB.11695.9	SLC37A4	SLC37A4	novel_not_in_catalog	YES	17.43	11.57	18.09
PB.11696.1	Protein_PB.11696.1	RPS25	RPS25	full-splice_match	YES	5042.31	5236.48	6980.33
PB.11697.4	Protein_PB.11697.4	BCL9L	BCL9L	full-splice_match	YES	39.32	26.39	41.01
PB.11698.1	Protein_PB.11698.1	DDX6	DDX6	full-splice_match	YES	1662.63	1745.5	1639.56
PB.11698.2	Protein_PB.11698.2	DDX6	DDX6	full-splice_match	YES	171.27	180.92	185.46
PB.11698.3	Protein_PB.11698.3	DDX6	DDX6	full-splice_match	YES	138.24	149.7	115.15
PB.11698.5	Protein_PB.11698.5	DDX6	DDX6	incomplete-splice_match	YES	158.13	162.35	136.9
PB.11703.2	Protein_PB.11703.2	IFT46	IFT46	full-splice_match	YES	137.28	145.39	128.16
PB.11709.2	Protein_PB.11709.2	SCN4B	SCN4B	full-splice_match	YES	1376.06	1644.48	1022.6
PB.11709.3	Protein_PB.11709.3	SCN4B	SCN4B	incomplete-splice_match	YES	2496.66	3090.67	1928.71
PB.11712.4	Protein_PB.11712.4	FXYD6	FXYD6	full-splice_match	YES	53.32	21.2	36.54
PB.11712.5	Protein_PB.11712.5	FXYD6	FXYD6	full-splice_match	YES	90.83	69.1	84.77
PB.11715.4	Protein_PB.11715.4	BACE1	BACE1	full-splice_match	YES	88.53	76.54	101.17
PB.11716.1	Protein_PB.11716.1	PCSK7	PCSK7	novel_not_in_catalog	YES	11.37	7.8	18.53
PB.11716.10	Protein_PB.11716.10	PCSK7	PCSK7	novel_not_in_catalog	YES	20.13	1.49	11.36
PB.11716.2	Protein_PB.11716.2	PCSK7	PCSK7	full-splice_match	YES	29.37	42.44	19.85
PB.11716.3	Protein_PB.11716.3	PCSK7	PCSK7	novel_not_in_catalog	YES	15.3	15.97	20.13
PB.11716.5	Protein_PB.11716.5	PCSK7	PCSK7	incomplete-splice_match	YES	20.94	2.14	12.97
PB.11716.9	Protein_PB.11716.9	PCSK7	PCSK7	full-splice_match	YES	42.59	15.57	25.73
PB.11717.2	Protein_PB.11717.2	SIK3	SIK3	full-splice_match	YES	33.42	15.64	37.9
PB.11717.4	Protein_PB.11717.4	SIK3	SIK3	full-splice_match	YES	107.96	59.4	94.06
PB.11717.5	Protein_PB.11717.5	SIK3	SIK3	full-splice_match	YES	35.38	69.34	37.04
PB.11717.8	Protein_PB.11717.8	SIK3	SIK3	incomplete-splice_match	YES	32.74	24.3	35.09
PB.11718.1	Protein_PB.11718.1	APOA1	APOA1	novel_not_in_catalog	YES	106.78	79.63	41.34
PB.11718.3	Protein_PB.11718.3	APOA1	APOA1	full-splice_match	YES	63.42	58.48	36.49
PB.11720.23	Protein_PB.11720.23	ZPR1	ZPR1	full-splice_match	YES	364.6	370.93	473.25
PB.11721.1	Protein_PB.11721.1	BUD13	BUD13	full-splice_match	YES	68.32	59.61	61.49
PB.11722.1	Protein_PB.11722.1	CADM1	CADM1	full-splice_match	YES	6.95	34.52	6.54
PB.11722.2	Protein_PB.11722.2	CADM1	CADM1	full-splice_match	YES	66.83	45.82	92.09
PB.11725.1	Protein_PB.11725.1	CUNH11orf71	CUNH11orf71	full-splice_match	YES	13.06	16.56	20.74
PB.11727.1	Protein_PB.11727.1	USP28	USP28	novel_in_catalog	YES	792.05	731.06	874.85
PB.11727.14	Protein_PB.11727.14	USP28	USP28	novel_not_in_catalog	YES	35.65	50.26	53.34
PB.11727.2	Protein_PB.11727.2	USP28	USP28	novel_in_catalog	YES	75.53	60.48	98.85
PB.11727.3	Protein_PB.11727.3	USP28	USP28	novel_in_catalog	YES	15.91	20.73	66.13
PB.11727.7	Protein_PB.11727.7	USP28	USP28	novel_in_catalog	YES	387.33	212.58	425.82
PB.11727.8	Protein_PB.11727.8	USP28	USP28	full-splice_match	YES	2646.09	2886.27	2904.26
PB.11727.9	Protein_PB.11727.9	USP28	USP28	novel_not_in_catalog	YES	34.51	33.2	39.72
PB.11729.1	Protein_PB.11729.1	ZW10	ZW10	full-splice_match	YES	114.21	107.86	115.36
PB.1173.10	Protein_PB.1173.10	KLHL7	KLHL7	novel_in_catalog	YES	94.67	158.14	121.6
PB.1173.13	Protein_PB.1173.13	KLHL7	KLHL7	novel_in_catalog	YES	152.3	106.09	151.31
PB.1173.15	Protein_PB.1173.15	KLHL7	KLHL7	novel_not_in_catalog	YES	92.54	198.52	126.26
PB.1173.5	Protein_PB.1173.5	KLHL7	KLHL7	full-splice_match	YES	138.14	110.27	162.18
PB.1173.7	Protein_PB.1173.7	KLHL7	KLHL7	novel_not_in_catalog	YES	102.2	143.22	155.55
PB.1173.8	Protein_PB.1173.8	KLHL7	KLHL7	full-splice_match	YES	122.56	104.21	90.83
PB.11737.1		TIMM8B	TIMM8B	full-splice_match	NO	261.7	256.98	202.72
PB.1174.1	Protein_PB.1174.1	NUPL2	NUPL2	full-splice_match	YES	44.23	45.31	44.77
PB.11742.1	Protein_PB.11742.1	CRYAB	CRYAB	novel_not_in_catalog	YES	11285.96	14933.69	7582.87
PB.11742.2	Protein_PB.11742.2	CRYAB	CRYAB	full-splice_match	YES	17.55	22.26	5.31
PB.11742.3	Protein_PB.11742.3	CRYAB	CRYAB	incomplete-splice_match	YES	26.03	30.82	28.09
PB.11742.4	Protein_PB.11742.4	CRYAB	CRYAB	novel_in_catalog	YES	281.36	390.23	197.25
PB.11744.3	Protein_PB.11744.3	ALG9	ALG9	full-splice_match	YES	10.39	11.95	21.96
PB.11744.6	Protein_PB.11744.6	ALG9	ALG9	novel_not_in_catalog	YES	17.51	17.79	18.37
PB.11745.10	Protein_PB.11745.10	PPP2R1B	PPP2R1B	full-splice_match	YES	10.1	18.61	6.49
PB.11745.17	Protein_PB.11745.17	PPP2R1B	PPP2R1B	full-splice_match	YES	28.67	28.33	20.98
PB.11745.18	Protein_PB.11745.18	PPP2R1B	PPP2R1B	novel_not_in_catalog	YES	18.53	25.76	12.66
PB.11745.4	Protein_PB.11745.4	PPP2R1B	PPP2R1B	novel_not_in_catalog	YES	38.2	38.57	33.44
PB.11745.5	Protein_PB.11745.5	PPP2R1B	PPP2R1B	novel_not_in_catalog	YES	27.55	23.1	38.06
PB.11749.1	Protein_PB.11749.1	ARHGAP20	ARHGAP20	novel_not_in_catalog	YES	16.9	14.14	32.95
PB.11749.2	Protein_PB.11749.2	ARHGAP20	ARHGAP20	full-splice_match	YES	104.92	106.36	119.71
PB.11752.1		RDX	RDX	novel_not_in_catalog	NO	33.96	27.61	27.3
PB.11752.2	Protein_PB.11752.2	RDX	RDX	novel_not_in_catalog	YES	574.2	513.52	457.9
PB.11752.3	Protein_PB.11752.3	RDX	RDX	novel_not_in_catalog	YES	75.74	45.53	73.44
PB.11752.4	Protein_PB.11752.4	RDX	RDX	full-splice_match	YES	1376.76	1166.6	1124.31
PB.11752.5	Protein_PB.11752.5	RDX	RDX	full-splice_match	YES	99.34	76.91	95.09
PB.11757.6	Protein_PB.11757.6	EXPH5	EXPH5	full-splice_match	YES	14.81	13.19	17.46
PB.11758.1	Protein_PB.11758.1	KDELC2	KDELC2	full-splice_match	YES	316.35	299.16	360.32
PB.1176.2	Protein_PB.1176.2	GPNMB	GPNMB	novel_in_catalog	YES	99.96	51.04	90.11
PB.1176.4	Protein_PB.1176.4	GPNMB	GPNMB	novel_not_in_catalog	YES	86.34	60.53	104.73
PB.11760.3	Protein_PB.11760.3	LOC113260099	LOC113260099	novel_in_catalog	YES	146.98	170.97	202.2
PB.11760.4	Protein_PB.11760.4	LOC113260099	LOC113260099	incomplete-splice_match	YES	50.98	40.47	69.36
PB.11761.10		SLC35F2	SLC35F2	novel_not_in_catalog	NO	5097.39	2544.95	3427.14
PB.11761.9		SLC35F2	SLC35F2	novel_not_in_catalog	NO	444.84	212.02	584.47
PB.11763.2	Protein_PB.11763.2	ALKBH8	ALKBH8	novel_not_in_catalog	YES	53.95	56.67	51.68
PB.11764.1	Protein_PB.11764.1	CWF19L2	CWF19L2	full-splice_match	YES	50.29	46.88	62.85
PB.11764.2	Protein_PB.11764.2	CWF19L2	CWF19L2	full-splice_match	YES	178.24	140.45	187.3
PB.11764.6	Protein_PB.11764.6	CWF19L2	CWF19L2	novel_in_catalog	YES	11.09	24.62	22.57
PB.11764.7	Protein_PB.11764.7	CWF19L2	CWF19L2	incomplete-splice_match	YES	104.59	121.77	219.02
PB.11767.1	Protein_PB.11767.1	GUCY1A2	GUCY1A2	full-splice_match	YES	439.23	313.12	343.82
PB.11768.15	Protein_PB.11768.15	KBTBD3	KBTBD3	full-splice_match	YES	27.51	27.84	30.27
PB.1177.1	Protein_PB.1177.1	MALSU1	MALSU1	full-splice_match	YES	349.98	403.64	254.14
PB.11772.1	Protein_PB.11772.1	PDGFD	PDGFD	full-splice_match	YES	12.91	22.37	19.15
PB.11772.2	Protein_PB.11772.2	PDGFD	PDGFD	full-splice_match	YES	32.23	10.55	29.31
PB.11774.1		LOC113260130	LOC113260130	novel_not_in_catalog	NO	22.45	8.68	5.85
PB.11774.2		LOC113260130	LOC113260130	full-splice_match	NO	2.46	17.22	8.59
PB.11774.4		LOC113260130	LOC113260130	novel_not_in_catalog	NO	13.85	26.23	31.11
PB.11775.1	Protein_PB.11775.1	DCUN1D5	DCUN1D5	full-splice_match	YES	90.45	91.15	66.81
PB.11775.2	Protein_PB.11775.2	DCUN1D5	DCUN1D5	full-splice_match	YES	12.65	13.67	19.98
PB.11775.4	Protein_PB.11775.4	DCUN1D5	DCUN1D5	full-splice_match	YES	36.2	37.59	43.03
PB.11788.1	Protein_PB.11788.1	TMEM123	TMEM123	full-splice_match	YES	190.37	134.35	168.0
PB.11788.2	Protein_PB.11788.2	TMEM123	TMEM123	incomplete-splice_match	YES	19.08	17.29	6.74
PB.11797.1	Protein_PB.11797.1	ARHGAP42	ARHGAP42	full-splice_match	YES	44.76	24.55	42.63
PB.11806.1	Protein_PB.11806.1	JRKL	JRKL	full-splice_match	YES	14.79	20.04	23.64
PB.11806.2	Protein_PB.11806.2	JRKL	JRKL	full-splice_match	YES	23.67	26.11	37.61
PB.11809.2	Protein_PB.11809.2	CEP57	CEP57	full-splice_match	YES	139.29	144.64	107.57
PB.11810.1	Protein_PB.11810.1	ENDOD1	ENDOD1	full-splice_match	YES	658.62	581.99	528.38
PB.11815.1	Protein_PB.11815.1	AMOTL1	AMOTL1	novel_not_in_catalog	YES	58.44	92.8	126.75
PB.11815.2	Protein_PB.11815.2	AMOTL1	AMOTL1	full-splice_match	YES	508.34	352.05	439.4
PB.11815.3	Protein_PB.11815.3	AMOTL1	AMOTL1	full-splice_match	YES	60.7	50.21	66.3
PB.11815.4	Protein_PB.11815.4	AMOTL1	AMOTL1	novel_not_in_catalog	YES	136.51	125.39	163.44
PB.11815.7	Protein_PB.11815.7	AMOTL1	AMOTL1	novel_not_in_catalog	YES	1196.49	950.41	1059.73
PB.11815.8	Protein_PB.11815.8	AMOTL1	AMOTL1	novel_not_in_catalog	YES	382.64	244.8	417.75
PB.11815.9	Protein_PB.11815.9	AMOTL1	AMOTL1	novel_not_in_catalog	YES	126.48	115.09	164.16
PB.11819.1	Protein_PB.11819.1	ANKRD49	ANKRD49	full-splice_match	YES	64.1	60.31	44.68
PB.11822.1	Protein_PB.11822.1	PANX1	PANX1	full-splice_match	YES	79.88	77.84	119.91
PB.11824.1	Protein_PB.11824.1	MED17	MED17	novel_in_catalog	YES	41.06	46.44	36.67
PB.11824.2	Protein_PB.11824.2	MED17	MED17	full-splice_match	YES	42.02	48.85	41.77
PB.11825.21	Protein_PB.11825.21	CUNH11orf54	CUNH11orf54	novel_in_catalog	YES	13.8	17.7	12.36
PB.11826.3	Protein_PB.11826.3	CEP295	CEP295	full-splice_match	YES	98.11	72.6	62.71
PB.11826.5	Protein_PB.11826.5	CEP295	CEP295	full-splice_match	YES	105.04	117.55	125.43
PB.11826.6	Protein_PB.11826.6	CEP295	CEP295	full-splice_match	YES	228.86	296.23	291.18
PB.11826.8	Protein_PB.11826.8	CEP295	CEP295	novel_in_catalog	YES	9.1	15.56	22.94
PB.11833.1	Protein_PB.11833.1	FAT3	FAT3	full-splice_match	YES	17.27	5.41	10.29
PB.11842.1	Protein_PB.11842.1	ACAD8	ACAD8	full-splice_match	YES	39.97	48.68	26.37
PB.11842.3	Protein_PB.11842.3	ACAD8	ACAD8	novel_not_in_catalog	YES	62.17	54.77	46.06
PB.11842.4	Protein_PB.11842.4	ACAD8	ACAD8	full-splice_match	YES	93.57	98.17	33.72
PB.11842.5	Protein_PB.11842.5	ACAD8	ACAD8	novel_in_catalog	YES	19.97	15.24	16.83
PB.11842.6	Protein_PB.11842.6	ACAD8	ACAD8	novel_in_catalog	YES	45.3	46.27	34.16
PB.11843.3	Protein_PB.11843.3	VPS26B	VPS26B	incomplete-splice_match	YES	159.21	175.22	91.79
PB.11843.4	Protein_PB.11843.4	VPS26B	VPS26B	novel_not_in_catalog	YES	48.0	43.37	63.02
PB.11843.5	Protein_PB.11843.5	VPS26B	VPS26B	full-splice_match	YES	15.03	32.51	0.0
PB.11843.6	Protein_PB.11843.6	VPS26B	VPS26B	novel_not_in_catalog	YES	28.99	18.44	31.73
PB.11845.1	Protein_PB.11845.1	JAM3	JAM3	full-splice_match	YES	77.59	54.11	64.72
PB.11852.1	Protein_PB.11852.1	ADAMTS15	ADAMTS15	full-splice_match	YES	30.82	19.81	26.55
PB.11854.10	Protein_PB.11854.10	APLP2	APLP2	novel_not_in_catalog	YES	268.4	249.32	261.07
PB.11854.2	Protein_PB.11854.2	APLP2	APLP2	full-splice_match	YES	501.46	596.74	626.14
PB.11854.20	Protein_PB.11854.20	APLP2	APLP2	novel_not_in_catalog	YES	115.33	60.11	82.99
PB.11854.5	Protein_PB.11854.5	APLP2	APLP2	full-splice_match	YES	154.14	92.0	77.31
PB.11854.9	Protein_PB.11854.9	APLP2	APLP2	novel_not_in_catalog	YES	76.76	88.6	81.18
PB.11858.1	Protein_PB.11858.1	BARX2	BARX2	full-splice_match	YES	136.53	162.38	142.78
PB.11860.1	Protein_PB.11860.1	FLI1	FLI1	full-splice_match	YES	33.27	21.67	33.67
PB.11860.2	Protein_PB.11860.2	FLI1	FLI1	full-splice_match	YES	68.28	40.62	47.06
PB.11866.1	Protein_PB.11866.1	DCPS	DCPS	full-splice_match	YES	46.11	44.03	38.34
PB.11868.2	Protein_PB.11868.2	FOXRED1	FOXRED1	full-splice_match	YES	125.3	159.51	108.98
PB.11869.1	Protein_PB.11869.1	FAM118B	FAM118B	full-splice_match	YES	10.87	29.73	7.73
PB.11869.11	Protein_PB.11869.11	FAM118B	FAM118B	incomplete-splice_match	YES	14.72	15.53	24.6
PB.11869.2	Protein_PB.11869.2	FAM118B	FAM118B	full-splice_match	YES	73.11	67.99	37.5
PB.11869.3	Protein_PB.11869.3	FAM118B	FAM118B	full-splice_match	YES	38.03	49.26	31.77
PB.11869.4	Protein_PB.11869.4	FAM118B	FAM118B	full-splice_match	YES	91.55	82.3	38.3
PB.11869.5	Protein_PB.11869.5	FAM118B	FAM118B	full-splice_match	YES	15.46	15.68	33.08
PB.11869.6	Protein_PB.11869.6	FAM118B	FAM118B	novel_in_catalog	YES	42.84	49.59	76.55
PB.11877.2	Protein_PB.11877.2	novelGene_LOC113259900_AS	novelGene_LOC113259900_AS	antisense	YES	123.8	88.33	81.92
PB.11880.1	Protein_PB.11880.1	STT3A	STT3A	full-splice_match	YES	72.56	94.39	94.7
PB.11880.5	Protein_PB.11880.5	STT3A	STT3A	novel_in_catalog	YES	141.16	131.09	139.67
PB.11880.7	Protein_PB.11880.7	STT3A	STT3A	novel_in_catalog	YES	96.3	62.61	46.12
PB.11880.8	Protein_PB.11880.8	STT3A	STT3A	novel_not_in_catalog	YES	104.42	108.61	143.95
PB.11881.1	Protein_PB.11881.1	EI24	EI24	full-splice_match	YES	19.58	26.61	27.34
PB.11881.2	Protein_PB.11881.2	EI24	EI24	full-splice_match	YES	162.22	196.79	222.09
PB.11881.3	Protein_PB.11881.3	EI24	EI24	full-splice_match	YES	29.54	4.92	26.74
PB.11881.4	Protein_PB.11881.4	EI24	EI24	full-splice_match	YES	182.01	141.69	92.1
PB.11882.2	Protein_PB.11882.2	PKNOX2	PKNOX2	full-splice_match	YES	59.8	55.88	42.11
PB.11890.1	Protein_PB.11890.1	TBRG1	TBRG1	full-splice_match	YES	106.29	85.79	66.65
PB.11890.4	Protein_PB.11890.4	TBRG1	TBRG1	novel_in_catalog	YES	163.07	161.15	133.79
PB.11902.5	Protein_PB.11902.5	VWA5A	VWA5A	full-splice_match	YES	20.47	0.24	38.9
PB.1191.1	Protein_PB.1191.1	MPP6	MPP6	full-splice_match	YES	11.25	14.29	21.22
PB.11910.2	Protein_PB.11910.2	GRAMD1B	GRAMD1B	full-splice_match	YES	27.86	27.52	25.26
PB.11916.1	Protein_PB.11916.1	SORL1	SORL1	full-splice_match	YES	81.02	60.35	82.72
PB.11918.1	Protein_PB.11918.1	SC5D	SC5D	full-splice_match	YES	33.97	33.11	37.41
PB.11918.2	Protein_PB.11918.2	SC5D	SC5D	novel_in_catalog	YES	50.98	50.2	51.14
PB.11920.2	Protein_PB.11920.2	TBCEL	TBCEL	full-splice_match	YES	16.74	20.1	0.0
PB.11920.3	Protein_PB.11920.3	TBCEL	TBCEL	full-splice_match	YES	14.81	13.04	24.84
PB.11922.1	Protein_PB.11922.1	ARHGEF12	ARHGEF12	full-splice_match	YES	541.45	540.15	555.35
PB.11922.2	Protein_PB.11922.2	ARHGEF12	ARHGEF12	full-splice_match	YES	159.2	188.71	203.15
PB.11922.3	Protein_PB.11922.3	ARHGEF12	ARHGEF12	full-splice_match	YES	383.97	322.18	275.05
PB.11923.2	Protein_PB.11923.2	TMEM136	TMEM136	full-splice_match	YES	46.19	25.11	41.45
PB.11923.3	Protein_PB.11923.3	TMEM136	TMEM136	novel_not_in_catalog	YES	0.0	0.0	26.28
PB.11923.5	Protein_PB.11923.5	TMEM136	TMEM136	novel_not_in_catalog	YES	49.92	52.62	49.29
PB.11925.2	Protein_PB.11925.2	OAF	OAF	full-splice_match	YES	64.37	34.12	41.15
PB.11928.5		LOC113259955	LOC113259955	novel_not_in_catalog	NO	13.07	20.24	25.38
PB.11929.1	Protein_PB.11929.1	RNF26	RNF26	full-splice_match	YES	18.47	14.54	19.84
PB.11930.1	Protein_PB.11930.1	CBL	CBL	full-splice_match	YES	138.35	130.87	141.27
PB.11930.2	Protein_PB.11930.2	CBL	CBL	full-splice_match	YES	20.17	3.33	37.57
PB.11933.1	Protein_PB.11933.1	NLRX1	NLRX1	full-splice_match	YES	205.24	275.66	210.59
PB.11933.2	Protein_PB.11933.2	NLRX1	NLRX1	full-splice_match	YES	217.75	168.5	173.21
PB.11933.3	Protein_PB.11933.3	NLRX1	NLRX1	full-splice_match	YES	338.29	337.0	162.93
PB.11935.1	Protein_PB.11935.1	HINFP	HINFP	full-splice_match	YES	34.33	20.19	37.1
PB.11935.4	Protein_PB.11935.4	HINFP	HINFP	novel_not_in_catalog	YES	36.12	41.3	29.95
PB.11936.1	Protein_PB.11936.1	C2CD2L	C2CD2L	full-splice_match	YES	18.15	24.49	3.73
PB.11936.2	Protein_PB.11936.2	C2CD2L	C2CD2L	full-splice_match	YES	39.85	29.68	51.87
PB.11937.2	Protein_PB.11937.2	HMBS	HMBS	full-splice_match	YES	83.6	95.72	74.71
PB.11937.3	Protein_PB.11937.3	HMBS	HMBS	full-splice_match	YES	185.56	198.93	135.51
PB.11937.7	Protein_PB.11937.7	HMBS	HMBS	novel_not_in_catalog	YES	20.46	26.61	19.83
PB.11938.2	Protein_PB.11938.2	VPS11	VPS11	full-splice_match	YES	221.95	195.59	200.51
PB.11939.1	Protein_PB.11939.1	TRAPPC4	TRAPPC4	full-splice_match	YES	107.0	117.35	116.71
PB.11940.6	Protein_PB.11940.6	CCDC84	CCDC84	novel_not_in_catalog	YES	15.97	13.78	17.83
PB.11940.7	Protein_PB.11940.7	CCDC84	CCDC84	full-splice_match	YES	29.56	39.43	41.39
PB.11943.1	Protein_PB.11943.1	novelGene_1322	novelGene_1322	intergenic	YES	69.77	57.49	91.0
PB.11946.10	Protein_PB.11946.10	PHLDB1	PHLDB1	novel_in_catalog	YES	50.01	29.46	25.49
PB.11946.12	Protein_PB.11946.12	PHLDB1	PHLDB1	novel_not_in_catalog	YES	146.85	133.03	146.19
PB.11946.13	Protein_PB.11946.13	PHLDB1	PHLDB1	novel_not_in_catalog	YES	50.39	56.59	57.65
PB.11946.15	Protein_PB.11946.15	PHLDB1	PHLDB1	novel_in_catalog	YES	54.33	48.97	35.71
PB.11946.2	Protein_PB.11946.2	PHLDB1	PHLDB1	full-splice_match	YES	76.02	82.89	86.32
PB.11946.9	Protein_PB.11946.9	PHLDB1	PHLDB1	full-splice_match	YES	26.44	21.89	47.9
PB.11947.1	Protein_PB.11947.1	ARCN1	ARCN1	full-splice_match	YES	787.37	713.83	817.83
PB.11947.7	Protein_PB.11947.7	ARCN1	ARCN1	novel_not_in_catalog	YES	26.43	28.03	37.51
PB.1195.3		LOC113261709	LOC113261709	full-splice_match	NO	23.57	22.8	10.53
PB.11950.1	Protein_PB.11950.1	KMT2A	KMT2A	full-splice_match	YES	97.77	107.6	86.49
PB.11950.3	Protein_PB.11950.3	KMT2A	KMT2A	full-splice_match	YES	201.67	148.59	141.79
PB.11952.1	Protein_PB.11952.1	ATP5MG	ATP5MG	full-splice_match	YES	3169.5	3532.49	3096.07
PB.11952.2		ATP5MG	ATP5MG	novel_in_catalog	NO	22.43	22.46	21.31
PB.11953.2	Protein_PB.11953.2	UBE4A	UBE4A	full-splice_match	YES	321.17	315.5	403.53
PB.11953.3	Protein_PB.11953.3	UBE4A	UBE4A	novel_not_in_catalog	YES	101.8	113.5	146.03
PB.11958.5	Protein_PB.11958.5	CEP164	CEP164	full-splice_match	YES	23.46	6.04	27.05
PB.11958.6	Protein_PB.11958.6	CEP164	CEP164	full-splice_match	YES	191.24	179.11	177.66
PB.11960.1	Protein_PB.11960.1	RNF214	RNF214	full-splice_match	YES	89.72	81.52	104.9
PB.11960.2	Protein_PB.11960.2	RNF214	RNF214	full-splice_match	YES	25.14	27.64	20.18
PB.11961.1	Protein_PB.11961.1	TAGLN	TAGLN	full-splice_match	YES	534.21	326.85	531.45
PB.11962.4	Protein_PB.11962.4	SIDT2	SIDT2	full-splice_match	YES	24.74	25.41	10.03
PB.11963.1	Protein_PB.11963.1	PAFAH1B2	PAFAH1B2	full-splice_match	YES	67.64	45.21	67.42
PB.11963.2	Protein_PB.11963.2	PAFAH1B2	PAFAH1B2	novel_in_catalog	YES	61.78	72.23	54.42
PB.11963.3	Protein_PB.11963.3	PAFAH1B2	PAFAH1B2	novel_not_in_catalog	YES	47.54	92.8	101.69
PB.11963.5	Protein_PB.11963.5	PAFAH1B2	PAFAH1B2	novel_not_in_catalog	YES	134.0	131.48	128.44
PB.11963.6		PAFAH1B2	PAFAH1B2	novel_not_in_catalog	NO	8.9	12.47	19.97
PB.11971.1	Protein_PB.11971.1	REXO2	REXO2	full-splice_match	YES	180.97	191.89	134.12
PB.11972.1	Protein_PB.11972.1	RBM7	RBM7	full-splice_match	YES	71.23	77.51	77.88
PB.11973.1	Protein_PB.11973.1	NNMT	NNMT	full-splice_match	YES	21.55	5.37	8.85
PB.11974.1	Protein_PB.11974.1	ZBTB16	ZBTB16	full-splice_match	YES	50.07	86.93	48.0
PB.11974.2	Protein_PB.11974.2	ZBTB16	ZBTB16	full-splice_match	YES	542.05	579.81	555.6
PB.11974.3	Protein_PB.11974.3	ZBTB16	ZBTB16	incomplete-splice_match	YES	38.21	20.57	31.57
PB.11982.2	Protein_PB.11982.2	NCAM1	NCAM1	full-splice_match	YES	24.63	10.56	17.31
PB.11982.5	Protein_PB.11982.5	NCAM1	NCAM1	full-splice_match	YES	175.83	87.2	104.76
PB.11982.7	Protein_PB.11982.7	NCAM1	NCAM1	full-splice_match	YES	61.3	76.99	67.29
PB.11983.2	Protein_PB.11983.2	LOC113260058	LOC113260058	full-splice_match	YES	5.17	6.41	19.85
PB.11984.1	Protein_PB.11984.1	PTS	PTS	full-splice_match	YES	15.86	12.63	17.95
PB.11984.3	Protein_PB.11984.3	PTS	PTS	novel_not_in_catalog	YES	13.4	26.61	18.68
PB.11984.8		PTS	PTS	novel_not_in_catalog	NO	26.35	15.35	27.17
PB.11985.1	Protein_PB.11985.1	SDHD	SDHD	full-splice_match	YES	62.58	62.62	31.4
PB.11985.11	Protein_PB.11985.11	SDHD	SDHD	full-splice_match	YES	2329.33	2463.11	1737.62
PB.11985.12		SDHD	SDHD	full-splice_match	NO	126.63	143.18	98.1
PB.11985.13	Protein_PB.11985.13	SDHD	SDHD	novel_in_catalog	YES	30.82	29.67	22.0
PB.11985.4	Protein_PB.11985.4	SDHD	SDHD	novel_in_catalog	YES	222.92	232.1	196.71
PB.11985.8	Protein_PB.11985.8	SDHD	SDHD	novel_in_catalog	YES	90.34	89.83	68.06
PB.11985.9	Protein_PB.11985.9	SDHD	SDHD	incomplete-splice_match	YES	99.25	80.35	102.58
PB.11986.1	Protein_PB.11986.1	NKAPD1	NKAPD1	full-splice_match	YES	20.35	21.82	21.94
PB.11987.1	Protein_PB.11987.1	DLAT	DLAT	full-splice_match	YES	709.15	801.66	410.22
PB.11987.4	Protein_PB.11987.4	DLAT	DLAT	novel_in_catalog	YES	191.8	189.63	116.12
PB.11987.5	Protein_PB.11987.5	DLAT	DLAT	novel_not_in_catalog	YES	1166.49	1280.56	698.57
PB.11988.1	Protein_PB.11988.1	DIXDC1	DIXDC1	full-splice_match	YES	93.64	68.19	136.43
PB.11988.2	Protein_PB.11988.2	DIXDC1	DIXDC1	full-splice_match	YES	201.05	179.43	186.04
PB.11989.2	Protein_PB.11989.2	CUNH11orf52	CUNH11orf52	full-splice_match	YES	11.33	17.69	13.17
PB.11990.1	Protein_PB.11990.1	HSPB2	HSPB2	incomplete-splice_match	YES	123.9	173.22	161.0
PB.11990.2	Protein_PB.11990.2	HSPB2	HSPB2	full-splice_match	YES	701.37	796.37	660.9
PB.11993.1	Protein_PB.11993.1	SIK2	SIK2	full-splice_match	YES	365.2	309.51	261.24
PB.11994.2	Protein_PB.11994.2	LAYN	LAYN	novel_not_in_catalog	YES	19.85	13.58	12.28
PB.11999.1	Protein_PB.11999.1	FDX1	FDX1	full-splice_match	YES	111.94	129.93	90.22
PB.11999.2	Protein_PB.11999.2	FDX1	FDX1	novel_not_in_catalog	YES	93.3	120.9	81.26
PB.1200.1	Protein_PB.1200.1	CBX3	CBX3	novel_in_catalog	YES	368.28	398.61	342.35
PB.1200.4	Protein_PB.1200.4	CBX3	CBX3	full-splice_match	YES	89.37	99.61	90.75
PB.12004.2	Protein_PB.12004.2	ZC3H12C	ZC3H12C	full-splice_match	YES	171.46	87.08	188.57
PB.12004.3	Protein_PB.12004.3	ZC3H12C	ZC3H12C	full-splice_match	YES	60.61	57.73	122.92
PB.12009.1	Protein_PB.12009.1	DDX10	DDX10	full-splice_match	YES	69.11	65.77	104.51
PB.12010.1	Protein_PB.12010.1	ATM	ATM	full-splice_match	YES	228.2	206.38	203.3
PB.12011.1	Protein_PB.12011.1	ACAT1	ACAT1	full-splice_match	YES	1888.21	2223.93	1095.75
PB.12011.2	Protein_PB.12011.2	ACAT1	ACAT1	novel_not_in_catalog	YES	127.8	156.59	32.5
PB.12011.4	Protein_PB.12011.4	ACAT1	ACAT1	novel_not_in_catalog	YES	25.83	23.8	22.59
PB.12011.9	Protein_PB.12011.9	ACAT1	ACAT1	novel_in_catalog	YES	62.96	85.92	66.62
PB.12012.1	Protein_PB.12012.1	CUL5	CUL5	full-splice_match	YES	1352.69	1427.85	1307.28
PB.12020.1	Protein_PB.12020.1	AASDHPPT	AASDHPPT	full-splice_match	YES	113.08	125.67	144.21
PB.12030.2	Protein_PB.12030.2	DYNC2H1	DYNC2H1	full-splice_match	YES	10.57	8.24	39.66
PB.12030.3	Protein_PB.12030.3	DYNC2H1	DYNC2H1	full-splice_match	YES	94.22	64.01	76.48
PB.12033.1	Protein_PB.12033.1	BIRC2	BIRC2	novel_in_catalog	YES	30.39	24.54	18.36
PB.12033.3	Protein_PB.12033.3	BIRC2	BIRC2	novel_in_catalog	YES	119.28	121.88	128.37
PB.12033.4	Protein_PB.12033.4	BIRC2	BIRC2	full-splice_match	YES	42.4	33.56	41.04
PB.12033.7	Protein_PB.12033.7	BIRC2	BIRC2	novel_not_in_catalog	YES	94.5	110.17	87.07
PB.12033.9	Protein_PB.12033.9	BIRC2	BIRC2	incomplete-splice_match	YES	169.63	168.42	179.69
PB.12036.1	Protein_PB.12036.1	YAP1	YAP1	novel_not_in_catalog	YES	24.62	10.79	43.3
PB.12036.3	Protein_PB.12036.3	YAP1	YAP1	novel_not_in_catalog	YES	555.4	485.76	671.3
PB.12036.4	Protein_PB.12036.4	YAP1	YAP1	novel_not_in_catalog	YES	287.75	231.71	425.92
PB.12036.8	Protein_PB.12036.8	YAP1	YAP1	novel_not_in_catalog	YES	55.5	49.14	45.46
PB.12036.9	Protein_PB.12036.9	YAP1	YAP1	full-splice_match	YES	118.73	117.96	115.63
PB.12041.1	Protein_PB.12041.1	PTBP3	PTBP3	full-splice_match	YES	140.87	111.6	150.03
PB.12045.1	Protein_PB.12045.1	PTGR1	PTGR1	full-splice_match	YES	42.49	40.55	10.74
PB.12046.1	Protein_PB.12046.1	ECPAS	ECPAS	full-splice_match	YES	128.94	109.21	149.02
PB.12046.10	Protein_PB.12046.10	ECPAS	ECPAS	incomplete-splice_match	YES	157.58	395.04	444.56
PB.12046.11	Protein_PB.12046.11	ECPAS	ECPAS	incomplete-splice_match	YES	276.66	205.62	148.34
PB.12046.14	Protein_PB.12046.14	ECPAS	ECPAS	incomplete-splice_match	YES	182.09	220.67	129.18
PB.12046.17	Protein_PB.12046.17	ECPAS	ECPAS	incomplete-splice_match	YES	39.91	33.65	98.45
PB.12046.2	Protein_PB.12046.2	ECPAS	ECPAS	full-splice_match	YES	1150.47	1261.61	1401.52
PB.12046.3	Protein_PB.12046.3	ECPAS	ECPAS	full-splice_match	YES	3557.24	3507.97	3597.93
PB.12046.5	Protein_PB.12046.5	ECPAS	ECPAS	novel_not_in_catalog	YES	73.8	67.34	46.73
PB.12046.7	Protein_PB.12046.7	ECPAS	ECPAS	novel_not_in_catalog	YES	25.48	66.48	40.35
PB.12049.2	Protein_PB.12049.2	LPAR1	LPAR1	novel_not_in_catalog	YES	41.18	36.94	32.94
PB.1205.1	Protein_PB.1205.1	LOC113262064	LOC113262064	full-splice_match	YES	25.52	24.52	27.54
PB.12052.1	Protein_PB.12052.1	SVEP1	SVEP1	full-splice_match	YES	381.53	251.12	277.88
PB.12055.1	Protein_PB.12055.1	LOC113260332	LOC113260332	full-splice_match	YES	540.57	571.73	586.8
PB.12058.1	Protein_PB.12058.1	PTPN3	PTPN3	full-splice_match	YES	71.5	93.59	56.42
PB.12058.19	Protein_PB.12058.19	PTPN3	PTPN3	novel_not_in_catalog	YES	149.75	128.15	172.86
PB.12058.2	Protein_PB.12058.2	PTPN3	PTPN3	novel_in_catalog	YES	53.21	44.25	40.59
PB.12058.20	Protein_PB.12058.20	PTPN3	PTPN3	novel_not_in_catalog	YES	89.76	233.41	142.56
PB.12058.21	Protein_PB.12058.21	PTPN3	PTPN3	novel_not_in_catalog	YES	402.61	483.94	230.05
PB.12058.22	Protein_PB.12058.22	PTPN3	PTPN3	novel_not_in_catalog	YES	142.0	282.0	218.22
PB.12058.23	Protein_PB.12058.23	PTPN3	PTPN3	novel_not_in_catalog	YES	95.74	95.52	64.43
PB.12058.25	Protein_PB.12058.25	PTPN3	PTPN3	incomplete-splice_match	YES	701.81	1009.37	596.92
PB.12058.3	Protein_PB.12058.3	PTPN3	PTPN3	novel_not_in_catalog	YES	44.42	23.11	28.02
PB.12058.9	Protein_PB.12058.9	PTPN3	PTPN3	novel_not_in_catalog	YES	23.96	29.63	17.21
PB.1206.1		LOC113262073	LOC113262073	full-splice_match	NO	10.38	12.02	20.73
PB.12061.1	Protein_PB.12061.1	TMEM245	TMEM245	full-splice_match	YES	227.23	189.66	297.48
PB.12061.2	Protein_PB.12061.2	TMEM245	TMEM245	novel_not_in_catalog	YES	754.88	810.73	976.56
PB.12062.2	Protein_PB.12062.2	CTNNAL1	CTNNAL1	full-splice_match	YES	610.67	693.69	531.52
PB.12062.6	Protein_PB.12062.6	CTNNAL1	CTNNAL1	novel_in_catalog	YES	149.86	150.17	164.08
PB.12062.8	Protein_PB.12062.8	CTNNAL1	CTNNAL1	novel_in_catalog	YES	186.06	346.57	268.62
PB.12063.1	Protein_PB.12063.1	ELP1	ELP1	full-splice_match	YES	145.67	161.41	248.13
PB.12063.2	Protein_PB.12063.2	ELP1	ELP1	full-splice_match	YES	98.64	78.4	73.52
PB.12065.1	Protein_PB.12065.1	KLF4	KLF4	full-splice_match	YES	11.38	1.52	25.43
PB.12065.2	Protein_PB.12065.2	KLF4	KLF4	full-splice_match	YES	62.76	56.26	102.08
PB.12065.3	Protein_PB.12065.3	KLF4	KLF4	incomplete-splice_match	YES	28.93	25.74	44.81
PB.12068.1		novelGene_ZNF462_AS	novelGene_ZNF462_AS	antisense	NO	9.71	12.83	49.02
PB.12071.1	Protein_PB.12071.1	ABCA1	ABCA1	full-splice_match	YES	65.82	24.17	67.81
PB.12071.2	Protein_PB.12071.2	ABCA1	ABCA1	full-splice_match	YES	350.11	388.6	388.08
PB.12071.5	Protein_PB.12071.5	ABCA1	ABCA1	novel_not_in_catalog	YES	24.7	24.27	30.75
PB.12089.1	Protein_PB.12089.1	TMEM246	TMEM246	full-splice_match	YES	126.55	90.53	247.3
PB.12089.2	Protein_PB.12089.2	TMEM246	TMEM246	full-splice_match	YES	19.66	36.7	99.73
PB.12090.15	Protein_PB.12090.15	MRPL50	MRPL50	full-splice_match	YES	178.23	206.95	146.37
PB.12092.4	Protein_PB.12092.4	LOC113260385	LOC113260385	novel_not_in_catalog	YES	9.27	5.03	27.27
PB.12095.5	Protein_PB.12095.5	TEX10	TEX10	novel_not_in_catalog	YES	30.6	21.14	23.99
PB.12097.1	Protein_PB.12097.1	ERP44	ERP44	novel_in_catalog	YES	61.53	31.71	7.47
PB.12097.2	Protein_PB.12097.2	ERP44	ERP44	novel_in_catalog	YES	65.05	85.79	85.12
PB.12097.3	Protein_PB.12097.3	ERP44	ERP44	novel_not_in_catalog	YES	34.88	22.28	19.57
PB.12097.6	Protein_PB.12097.6	ERP44	ERP44	full-splice_match	YES	95.68	80.76	95.27
PB.12101.1	Protein_PB.12101.1	ALG2	ALG2	novel_not_in_catalog	YES	33.39	23.13	31.01
PB.12101.3	Protein_PB.12101.3	ALG2	ALG2	full-splice_match	YES	18.46	15.45	9.52
PB.12103.1	Protein_PB.12103.1	ANKS6	ANKS6	full-splice_match	YES	33.47	31.33	36.96
PB.12110.5	Protein_PB.12110.5	TRMO	TRMO	full-splice_match	YES	15.7	8.13	17.96
PB.12112.1	Protein_PB.12112.1	XPA	XPA	novel_not_in_catalog	YES	51.47	44.15	35.22
PB.12112.2	Protein_PB.12112.2	XPA	XPA	novel_not_in_catalog	YES	11.11	15.25	17.52
PB.12112.3	Protein_PB.12112.3	XPA	XPA	full-splice_match	YES	47.43	28.53	41.55
PB.12113.3	Protein_PB.12113.3	TSTD2	TSTD2	full-splice_match	YES	76.99	94.7	82.42
PB.12116.1	Protein_PB.12116.1	SHB	SHB	full-splice_match	YES	18.33	9.67	17.39
PB.12117.13	Protein_PB.12117.13	SLC25A51	SLC25A51	novel_in_catalog	YES	7.79	29.62	21.26
PB.12117.14	Protein_PB.12117.14	SLC25A51	SLC25A51	novel_in_catalog	YES	27.73	17.61	11.38
PB.12117.16	Protein_PB.12117.16	SLC25A51	SLC25A51	novel_in_catalog	YES	32.46	29.09	12.13
PB.12117.19	Protein_PB.12117.19	SLC25A51	SLC25A51	novel_in_catalog	YES	36.85	23.43	37.61
PB.12117.26	Protein_PB.12117.26	SLC25A51	SLC25A51	novel_in_catalog	YES	17.41	17.32	14.5
PB.12118.1	Protein_PB.12118.1	EXOSC3	EXOSC3	full-splice_match	YES	42.99	40.32	41.2
PB.12119.1	Protein_PB.12119.1	ZBTB5	ZBTB5	novel_not_in_catalog	YES	98.82	106.14	106.4
PB.1212.12	Protein_PB.1212.12	TAX1BP1	TAX1BP1	full-splice_match	YES	51.44	64.5	173.56
PB.1212.17	Protein_PB.1212.17	TAX1BP1	TAX1BP1	novel_not_in_catalog	YES	7.13	9.55	30.9
PB.1212.20	Protein_PB.1212.20	TAX1BP1	TAX1BP1	incomplete-splice_match	YES	195.4	231.49	148.04
PB.1212.21	Protein_PB.1212.21	TAX1BP1	TAX1BP1	incomplete-splice_match	YES	209.7	235.48	211.14
PB.1212.4	Protein_PB.1212.4	TAX1BP1	TAX1BP1	incomplete-splice_match	YES	62.14	143.04	121.78
PB.1212.6	Protein_PB.1212.6	TAX1BP1	TAX1BP1	incomplete-splice_match	YES	522.23	562.34	433.66
PB.12122.4	Protein_PB.12122.4	RNF38	RNF38	full-splice_match	YES	47.11	33.14	27.3
PB.12122.6	Protein_PB.12122.6	RNF38	RNF38	full-splice_match	YES	22.68	12.31	17.89
PB.12122.7	Protein_PB.12122.7	RNF38	RNF38	full-splice_match	YES	80.72	100.59	95.45
PB.12122.8	Protein_PB.12122.8	RNF38	RNF38	full-splice_match	YES	39.57	46.83	81.05
PB.12123.18	Protein_PB.12123.18	GNE	GNE	full-splice_match	YES	81.48	86.69	79.58
PB.12123.3	Protein_PB.12123.3	GNE	GNE	full-splice_match	YES	68.85	70.56	18.74
PB.12123.4	Protein_PB.12123.4	GNE	GNE	novel_in_catalog	YES	26.45	60.19	44.19
PB.12132.2	Protein_PB.12132.2	HINT2	HINT2	full-splice_match	YES	107.38	104.35	97.33
PB.12134.2	Protein_PB.12134.2	GBA2	GBA2	novel_in_catalog	YES	22.76	9.03	24.6
PB.12134.6	Protein_PB.12134.6	GBA2	GBA2	novel_in_catalog	YES	14.52	17.7	51.67
PB.12134.8	Protein_PB.12134.8	GBA2	GBA2	full-splice_match	YES	55.48	49.96	55.46
PB.12135.1	Protein_PB.12135.1	TLN1	TLN1	full-splice_match	YES	132.45	111.82	70.8
PB.12135.2	Protein_PB.12135.2	TLN1	TLN1	novel_in_catalog	YES	1233.06	958.72	1197.94
PB.12135.3	Protein_PB.12135.3	TLN1	TLN1	novel_not_in_catalog	YES	127.64	172.46	162.38
PB.12135.6	Protein_PB.12135.6	TLN1	TLN1	incomplete-splice_match	YES	62.59	73.83	94.42
PB.12135.7	Protein_PB.12135.7	TLN1	TLN1	full-splice_match	YES	19.49	5.44	28.49
PB.12136.1	Protein_PB.12136.1	TPM2	TPM2	full-splice_match	YES	50779.31	55435.47	54763.31
PB.12136.11	Protein_PB.12136.11	TPM2	TPM2	novel_in_catalog	YES	224.96	336.32	205.05
PB.12136.12	Protein_PB.12136.12	TPM2	TPM2	novel_in_catalog	YES	95.77	60.51	97.38
PB.12136.18	Protein_PB.12136.18	TPM2	TPM2	incomplete-splice_match	YES	42695.51	45834.8	47714.27
PB.12136.2	Protein_PB.12136.2	TPM2	TPM2	full-splice_match	YES	4566.23	4677.66	5888.23
PB.12136.3	Protein_PB.12136.3	TPM2	TPM2	full-splice_match	YES	40.74	21.61	41.43
PB.12136.4	Protein_PB.12136.4	TPM2	TPM2	full-splice_match	YES	4286.11	4211.61	6385.82
PB.12136.5	Protein_PB.12136.5	TPM2	TPM2	novel_in_catalog	YES	93.43	100.74	111.24
PB.12136.6	Protein_PB.12136.6	TPM2	TPM2	novel_not_in_catalog	YES	9873.93	10603.36	12896.11
PB.12136.7	Protein_PB.12136.7	TPM2	TPM2	novel_in_catalog	YES	12273.54	12352.47	13692.28
PB.12136.9	Protein_PB.12136.9	TPM2	TPM2	novel_not_in_catalog	YES	49.83	44.81	57.07
PB.1214.1	Protein_PB.1214.1	CREB5	CREB5	full-splice_match	YES	16.8	19.89	10.28
PB.1214.2	Protein_PB.1214.2	CREB5	CREB5	full-splice_match	YES	64.18	40.45	51.94
PB.1214.4	Protein_PB.1214.4	CREB5	CREB5	full-splice_match	YES	26.62	8.14	31.73
PB.12140.4	Protein_PB.12140.4	FAM214B	FAM214B	full-splice_match	YES	30.44	25.06	18.14
PB.12140.5	Protein_PB.12140.5	FAM214B	FAM214B	full-splice_match	YES	17.78	33.49	22.13
PB.12141.1	Protein_PB.12141.1	STOML2	STOML2	full-splice_match	YES	318.42	350.75	201.02
PB.12141.13	Protein_PB.12141.13	STOML2	STOML2	incomplete-splice_match	YES	31.51	32.82	23.56
PB.12142.11	Protein_PB.12142.11	PIGO	PIGO	novel_in_catalog	YES	47.34	34.88	35.79
PB.12142.14	Protein_PB.12142.14	PIGO	PIGO	novel_in_catalog	YES	17.68	23.34	21.47
PB.12142.17	Protein_PB.12142.17	PIGO	PIGO	novel_not_in_catalog	YES	3.63	18.34	12.0
PB.12142.19	Protein_PB.12142.19	PIGO	PIGO	full-splice_match	YES	15.9	24.51	5.56
PB.12142.4	Protein_PB.12142.4	PIGO	PIGO	novel_in_catalog	YES	28.91	17.57	15.73
PB.12144.11	Protein_PB.12144.11	VCP	VCP	novel_not_in_catalog	YES	100.14	77.27	81.02
PB.12144.12	Protein_PB.12144.12	VCP	VCP	novel_not_in_catalog	YES	593.8	595.83	545.46
PB.12144.13	Protein_PB.12144.13	VCP	VCP	incomplete-splice_match	YES	844.09	869.69	917.76
PB.12144.2	Protein_PB.12144.2	VCP	VCP	full-splice_match	YES	2684.41	3203.88	2798.93
PB.12150.1	Protein_PB.12150.1	CCL21	CCL21	full-splice_match	YES	84.33	21.51	51.38
PB.12152.1	Protein_PB.12152.1	LOC113260502	LOC113260502	full-splice_match	YES	13.98	15.48	22.01
PB.12153.2	Protein_PB.12153.2	SIGMAR1	SIGMAR1	full-splice_match	YES	57.31	55.67	58.43
PB.12155.5	Protein_PB.12155.5	DCTN3	DCTN3	full-splice_match	YES	286.86	332.36	316.53
PB.12156.1	Protein_PB.12156.1	RPP25L	RPP25L	full-splice_match	YES	116.31	121.03	121.68
PB.12157.4	Protein_PB.12157.4	CNTFR	CNTFR	full-splice_match	YES	18.47	3.42	8.76
PB.12158.1	Protein_PB.12158.1	ENHO	ENHO	full-splice_match	YES	18.62	13.38	17.23
PB.12159.2	Protein_PB.12159.2	FAM219A	FAM219A	full-splice_match	YES	20.75	7.84	3.73
PB.12159.3	Protein_PB.12159.3	FAM219A	FAM219A	full-splice_match	YES	28.68	8.58	32.96
PB.12159.4	Protein_PB.12159.4	FAM219A	FAM219A	full-splice_match	YES	38.87	69.51	75.34
PB.12161.10	Protein_PB.12161.10	MYORG	MYORG	novel_not_in_catalog	YES	22.04	7.44	19.13
PB.12161.8	Protein_PB.12161.8	MYORG	MYORG	full-splice_match	YES	292.3	282.15	289.55
PB.12163.1	Protein_PB.12163.1	DCAF12	DCAF12	full-splice_match	YES	140.01	141.9	99.5
PB.12163.4	Protein_PB.12163.4	DCAF12	DCAF12	novel_in_catalog	YES	15.93	7.0	26.84
PB.12164.5	Protein_PB.12164.5	UBAP2	UBAP2	novel_in_catalog	YES	28.98	11.54	45.15
PB.12164.6	Protein_PB.12164.6	UBAP2	UBAP2	full-splice_match	YES	78.28	50.17	74.38
PB.12167.1	Protein_PB.12167.1	NOL6	NOL6	full-splice_match	YES	108.46	127.35	105.18
PB.12167.4	Protein_PB.12167.4	NOL6	NOL6	novel_in_catalog	YES	25.73	5.26	18.67
PB.12169.1	Protein_PB.12169.1	AQP7	AQP7	novel_not_in_catalog	YES	1.86	28.12	49.61
PB.12169.12	Protein_PB.12169.12	AQP7	AQP7	full-splice_match	YES	145.65	326.4	132.53
PB.12169.2	Protein_PB.12169.2	AQP7	AQP7	full-splice_match	YES	333.12	782.56	589.34
PB.12170.1	Protein_PB.12170.1	BAG1	BAG1	full-splice_match	YES	241.1	220.62	234.32
PB.12170.2	Protein_PB.12170.2	BAG1	BAG1	incomplete-splice_match	YES	947.51	904.64	932.05
PB.12173.1	Protein_PB.12173.1	B4GALT1	B4GALT1	novel_not_in_catalog	YES	20.97	26.4	28.38
PB.12173.2	Protein_PB.12173.2	B4GALT1	B4GALT1	full-splice_match	YES	147.71	117.31	129.91
PB.12174.1	Protein_PB.12174.1	SMU1	SMU1	full-splice_match	YES	37.08	31.63	41.6
PB.12174.3	Protein_PB.12174.3	SMU1	SMU1	novel_not_in_catalog	YES	103.57	90.51	110.36
PB.12174.4	Protein_PB.12174.4	SMU1	SMU1	novel_not_in_catalog	YES	77.5	101.58	81.25
PB.12174.5	Protein_PB.12174.5	SMU1	SMU1	novel_in_catalog	YES	61.16	60.46	49.48
PB.12178.1	Protein_PB.12178.1	NDUFB6	NDUFB6	full-splice_match	YES	591.11	728.24	625.6
PB.12178.2		NDUFB6	NDUFB6	full-splice_match	NO	378.18	467.45	300.4
PB.12179.1	Protein_PB.12179.1	TOPORS	TOPORS	novel_not_in_catalog	YES	222.72	169.45	195.61
PB.12179.2	Protein_PB.12179.2	TOPORS	TOPORS	full-splice_match	YES	60.0	67.88	80.13
PB.12179.3	Protein_PB.12179.3	TOPORS	TOPORS	incomplete-splice_match	YES	108.77	139.7	114.12
PB.12180.2	Protein_PB.12180.2	DDX58	DDX58	full-splice_match	YES	22.95	6.63	17.69
PB.12190.11	Protein_PB.12190.11	CUNH9orf72	CUNH9orf72	novel_in_catalog	YES	28.25	21.23	42.74
PB.12190.3	Protein_PB.12190.3	CUNH9orf72	CUNH9orf72	full-splice_match	YES	10.03	24.51	18.41
PB.12190.5	Protein_PB.12190.5	CUNH9orf72	CUNH9orf72	full-splice_match	YES	40.74	49.26	23.8
PB.12190.8	Protein_PB.12190.8	CUNH9orf72	CUNH9orf72	full-splice_match	YES	39.84	22.82	21.73
PB.12191.4	Protein_PB.12191.4	MOB3B	MOB3B	full-splice_match	YES	17.15	17.44	22.3
PB.12195.1	Protein_PB.12195.1	PLAA	PLAA	full-splice_match	YES	63.2	81.34	59.79
PB.12195.3	Protein_PB.12195.3	PLAA	PLAA	novel_not_in_catalog	YES	125.4	120.56	94.34
PB.12195.4	Protein_PB.12195.4	PLAA	PLAA	full-splice_match	YES	26.71	35.03	28.04
PB.12195.5	Protein_PB.12195.5	PLAA	PLAA	incomplete-splice_match	YES	267.16	329.05	265.3
PB.12196.1	Protein_PB.12196.1	CAAP1	CAAP1	full-splice_match	YES	54.01	57.29	50.43
PB.1220.1	Protein_PB.1220.1	WIPF3	WIPF3	full-splice_match	YES	85.43	81.38	99.85
PB.1221.1	Protein_PB.1221.1	PLEKHA8	PLEKHA8	full-splice_match	YES	127.69	105.29	132.84
PB.1221.2	Protein_PB.1221.2	PLEKHA8	PLEKHA8	full-splice_match	YES	8.86	16.78	10.28
PB.12216.1	Protein_PB.12216.1	CDKN2B	CDKN2B	full-splice_match	YES	24.53	17.46	34.89
PB.1222.1	Protein_PB.1222.1	MTURN	MTURN	full-splice_match	YES	230.62	219.03	321.9
PB.12221.1	Protein_PB.12221.1	KLHL9	KLHL9	full-splice_match	YES	292.15	276.16	292.41
PB.12226.3	Protein_PB.12226.3	HACD4	HACD4	full-splice_match	YES	18.04	16.65	27.21
PB.12227.2	Protein_PB.12227.2	MLLT3	MLLT3	full-splice_match	YES	62.38	68.63	119.44
PB.12233.1	Protein_PB.12233.1	RPS6	RPS6	full-splice_match	YES	8720.47	8818.8	11488.39
PB.12234.1	Protein_PB.12234.1	PLIN2	PLIN2	full-splice_match	YES	43.13	81.38	170.62
PB.12234.13	Protein_PB.12234.13	PLIN2	PLIN2	novel_not_in_catalog	YES	16.53	29.0	39.75
PB.12234.16	Protein_PB.12234.16	PLIN2	PLIN2	full-splice_match	YES	219.96	364.85	233.38
PB.12234.2	Protein_PB.12234.2	PLIN2	PLIN2	full-splice_match	YES	87.86	78.29	83.15
PB.12234.3	Protein_PB.12234.3	PLIN2	PLIN2	full-splice_match	YES	50.97	87.45	105.36
PB.12234.5	Protein_PB.12234.5	PLIN2	PLIN2	incomplete-splice_match	YES	42.84	60.55	47.94
PB.12235.1	Protein_PB.12235.1	HAUS6	HAUS6	full-splice_match	YES	24.0	31.06	41.29
PB.12235.2	Protein_PB.12235.2	HAUS6	HAUS6	novel_not_in_catalog	YES	25.31	26.36	5.14
PB.12235.3	Protein_PB.12235.3	HAUS6	HAUS6	novel_in_catalog	YES	28.05	33.66	28.4
PB.12235.4	Protein_PB.12235.4	HAUS6	HAUS6	incomplete-splice_match	YES	103.59	104.27	98.74
PB.12237.1	Protein_PB.12237.1	LOC113260597	LOC113260597	novel_not_in_catalog	YES	20.58	13.83	18.63
PB.1224.1	Protein_PB.1224.1	ZNRF2	ZNRF2	full-splice_match	YES	79.45	76.75	110.51
PB.12241.2	Protein_PB.12241.2	BNC2	BNC2	full-splice_match	YES	53.74	14.48	78.84
PB.12241.5	Protein_PB.12241.5	BNC2	BNC2	full-splice_match	YES	21.43	17.43	20.74
PB.12244.5	Protein_PB.12244.5	PSIP1	PSIP1	full-splice_match	YES	20.67	9.7	18.73
PB.12244.6	Protein_PB.12244.6	PSIP1	PSIP1	incomplete-splice_match	YES	176.71	158.7	178.46
PB.12244.8	Protein_PB.12244.8	PSIP1	PSIP1	incomplete-splice_match	YES	114.38	113.53	116.39
PB.12247.1	Protein_PB.12247.1	FREM1	FREM1	full-splice_match	YES	17.87	10.05	8.8
PB.12247.2	Protein_PB.12247.2	FREM1	FREM1	full-splice_match	YES	15.68	11.04	21.48
PB.12249.3	Protein_PB.12249.3	ZDHHC21	ZDHHC21	full-splice_match	YES	62.48	59.26	69.7
PB.12252.2	Protein_PB.12252.2	NFIB	NFIB	full-splice_match	YES	80.48	74.83	93.29
PB.12252.3	Protein_PB.12252.3	NFIB	NFIB	full-splice_match	YES	141.4	29.05	197.66
PB.12252.4	Protein_PB.12252.4	NFIB	NFIB	full-splice_match	YES	93.63	105.69	67.26
PB.12252.5	Protein_PB.12252.5	NFIB	NFIB	full-splice_match	YES	224.95	242.88	201.25
PB.12252.6	Protein_PB.12252.6	NFIB	NFIB	full-splice_match	YES	1231.95	1285.74	1087.52
PB.12255.10	Protein_PB.12255.10	MPDZ	MPDZ	full-splice_match	YES	86.92	61.6	73.74
PB.12255.12	Protein_PB.12255.12	MPDZ	MPDZ	incomplete-splice_match	YES	72.46	91.5	72.31
PB.12255.13	Protein_PB.12255.13	MPDZ	MPDZ	novel_not_in_catalog	YES	45.88	46.86	33.24
PB.12255.14	Protein_PB.12255.14	MPDZ	MPDZ	novel_not_in_catalog	YES	81.2	84.98	67.49
PB.12255.15	Protein_PB.12255.15	MPDZ	MPDZ	novel_not_in_catalog	YES	22.0	33.51	18.68
PB.12255.20	Protein_PB.12255.20	MPDZ	MPDZ	incomplete-splice_match	YES	22.98	18.39	22.94
PB.12255.4	Protein_PB.12255.4	MPDZ	MPDZ	full-splice_match	YES	53.69	34.09	18.17
PB.12255.5	Protein_PB.12255.5	MPDZ	MPDZ	full-splice_match	YES	44.47	76.84	93.87
PB.12255.7	Protein_PB.12255.7	MPDZ	MPDZ	full-splice_match	YES	86.7	106.93	37.89
PB.1226.1	Protein_PB.1226.1	GARS	GARS	full-splice_match	YES	374.97	324.57	447.8
PB.12261.8	Protein_PB.12261.8	PTPRD	PTPRD	full-splice_match	YES	30.48	24.15	19.82
PB.12263.1	Protein_PB.12263.1	LOC113260619_DMAC1	LOC113260619_DMAC1	fusion	YES	266.52	299.29	296.05
PB.12263.2	Protein_PB.12263.2	DMAC1	DMAC1	full-splice_match	YES	54.67	52.41	43.11
PB.12269.3	Protein_PB.12269.3	RANBP6	RANBP6	full-splice_match	YES	151.05	118.93	109.17
PB.12269.4	Protein_PB.12269.4	RANBP6	RANBP6	full-splice_match	YES	22.66	58.24	70.43
PB.1227.1	Protein_PB.1227.1	MINDY4	MINDY4	full-splice_match	YES	18.95	17.28	10.74
PB.12270.1	Protein_PB.12270.1	KIAA2026	KIAA2026	full-splice_match	YES	233.18	217.54	224.74
PB.12271.1	Protein_PB.12271.1	UGCG	UGCG	full-splice_match	YES	109.55	139.23	113.41
PB.12272.2		GNG10	GNG10	full-splice_match	NO	210.93	203.72	227.72
PB.12273.1	Protein_PB.12273.1	LOC113260316	LOC113260316	full-splice_match	YES	47.51	49.72	50.13
PB.12278.1	Protein_PB.12278.1	MUSK	MUSK	full-splice_match	YES	45.76	60.42	38.8
PB.12278.2	Protein_PB.12278.2	MUSK	MUSK	full-splice_match	YES	20.7	17.07	25.32
PB.12282.1	Protein_PB.12282.1	AKAP2	AKAP2	novel_in_catalog	YES	275.35	273.52	243.24
PB.12282.12	Protein_PB.12282.12	AKAP2	AKAP2	full-splice_match	YES	12.44	7.14	20.61
PB.12282.2	Protein_PB.12282.2	AKAP2	AKAP2	full-splice_match	YES	145.18	57.88	67.6
PB.12282.3	Protein_PB.12282.3	AKAP2	AKAP2	novel_in_catalog	YES	190.64	113.79	139.45
PB.12282.7	Protein_PB.12282.7	AKAP2	AKAP2	full-splice_match	YES	120.23	85.27	61.51
PB.12284.1	Protein_PB.12284.1	novelGene_PTPN3_AS	novelGene_PTPN3_AS	antisense	YES	47.3	36.75	55.23
PB.12286.1	Protein_PB.12286.1	FAM206A	FAM206A	full-splice_match	YES	33.85	48.66	36.98
PB.12286.2	Protein_PB.12286.2	FAM206A	FAM206A	full-splice_match	YES	25.71	18.22	17.82
PB.12290.1	Protein_PB.12290.1	LOC113260261	LOC113260261	full-splice_match	YES	158.82	151.89	164.49
PB.12293.1	Protein_PB.12293.1	RAD23B	RAD23B	full-splice_match	YES	895.13	1013.64	1125.41
PB.12293.2	Protein_PB.12293.2	RAD23B	RAD23B	full-splice_match	YES	735.59	745.08	764.09
PB.12294.3	Protein_PB.12294.3	ZNF462	ZNF462	full-splice_match	YES	20.54	10.58	42.51
PB.12294.4	Protein_PB.12294.4	ZNF462	ZNF462	full-splice_match	YES	78.12	33.94	79.64
PB.12294.6	Protein_PB.12294.6	ZNF462	ZNF462	full-splice_match	YES	51.08	29.06	62.05
PB.12294.8	Protein_PB.12294.8	ZNF462	ZNF462	full-splice_match	YES	27.53	31.56	64.48
PB.12295.1	Protein_PB.12295.1	TMEM38B	TMEM38B	full-splice_match	YES	193.41	161.79	137.31
PB.12295.4	Protein_PB.12295.4	TMEM38B	TMEM38B	full-splice_match	YES	43.76	26.52	18.24
PB.12296.1	Protein_PB.12296.1	FKTN	FKTN	full-splice_match	YES	23.46	8.88	17.26
PB.12296.10	Protein_PB.12296.10	FKTN	FKTN	incomplete-splice_match	YES	15.57	30.57	30.72
PB.12296.5	Protein_PB.12296.5	FKTN	FKTN	full-splice_match	YES	13.04	13.54	18.55
PB.12296.8	Protein_PB.12296.8	FKTN	FKTN	novel_not_in_catalog	YES	14.06	8.59	22.04
PB.12296.9	Protein_PB.12296.9	FKTN	FKTN	novel_not_in_catalog	YES	31.1	27.01	6.09
PB.12297.2	Protein_PB.12297.2	FSD1L	FSD1L	novel_not_in_catalog	YES	576.52	610.79	676.8
PB.12297.3	Protein_PB.12297.3	FSD1L	FSD1L	novel_in_catalog	YES	251.87	284.75	296.4
PB.12297.4	Protein_PB.12297.4	FSD1L	FSD1L	novel_not_in_catalog	YES	17.58	15.32	31.86
PB.12298.3	Protein_PB.12298.3	SLC44A1	SLC44A1	incomplete-splice_match	YES	16.28	18.72	38.42
PB.12298.4	Protein_PB.12298.4	SLC44A1	SLC44A1	full-splice_match	YES	132.05	108.63	101.31
PB.12298.5	Protein_PB.12298.5	SLC44A1	SLC44A1	full-splice_match	YES	87.7	53.97	50.98
PB.1230.1	Protein_PB.1230.1	AQP1	AQP1	full-splice_match	YES	1402.5	784.82	788.09
PB.12300.1	Protein_PB.12300.1	LOC113260369	LOC113260369	full-splice_match	YES	64.26	78.31	38.17
PB.12300.4	Protein_PB.12300.4	LOC113260369	LOC113260369	novel_not_in_catalog	YES	41.29	32.9	44.18
PB.12308.1	Protein_PB.12308.1	SMC2	SMC2	full-splice_match	YES	37.85	41.85	40.43
PB.12313.1	Protein_PB.12313.1	RNF20	RNF20	full-splice_match	YES	347.66	324.44	361.41
PB.12313.7	Protein_PB.12313.7	RNF20	RNF20	novel_not_in_catalog	YES	12.81	31.65	22.4
PB.12313.9	Protein_PB.12313.9	RNF20	RNF20	incomplete-splice_match	YES	36.95	21.23	31.44
PB.12316.1	Protein_PB.12316.1	ZNF189	ZNF189	full-splice_match	YES	111.89	111.96	132.6
PB.12316.3	Protein_PB.12316.3	ZNF189	ZNF189	full-splice_match	YES	54.84	18.16	38.49
PB.12316.4	Protein_PB.12316.4	ZNF189	ZNF189	full-splice_match	YES	20.47	38.14	38.11
PB.12318.1	Protein_PB.12318.1	CAVIN4	CAVIN4	full-splice_match	YES	1623.04	1905.16	2239.76
PB.12320.1	Protein_PB.12320.1	MSANTD3	MSANTD3	full-splice_match	YES	97.91	118.08	203.49
PB.12321.3	Protein_PB.12321.3	INVS	INVS	full-splice_match	YES	52.02	53.85	44.64
PB.12321.4	Protein_PB.12321.4	INVS	INVS	full-splice_match	YES	6.59	12.71	25.41
PB.12322.12	Protein_PB.12322.12	STX17	STX17	novel_in_catalog	YES	44.62	37.21	39.78
PB.12322.13	Protein_PB.12322.13	STX17	STX17	novel_in_catalog	YES	80.96	80.53	79.98
PB.12322.14	Protein_PB.12322.14	STX17	STX17	novel_not_in_catalog	YES	26.03	29.19	47.32
PB.12322.15	Protein_PB.12322.15	STX17	STX17	novel_not_in_catalog	YES	33.71	20.84	17.84
PB.12323.1	Protein_PB.12323.1	NR4A3	NR4A3	full-splice_match	YES	27.98	21.48	15.19
PB.12325.1		novelGene_1347	novelGene_1347	intergenic	NO	171.22	84.2	103.2
PB.12326.1	Protein_PB.12326.1	SEC61B	SEC61B	full-splice_match	YES	56.22	51.75	61.82
PB.12327.1	Protein_PB.12327.1	TGFBR1	TGFBR1	full-splice_match	YES	65.42	41.68	60.76
PB.12327.2	Protein_PB.12327.2	TGFBR1	TGFBR1	full-splice_match	YES	215.87	195.46	232.3
PB.12328.2	Protein_PB.12328.2	COL15A1	COL15A1	full-splice_match	YES	197.88	135.79	32.58
PB.12328.3	Protein_PB.12328.3	COL15A1	COL15A1	full-splice_match	YES	212.14	164.34	70.28
PB.12328.4	Protein_PB.12328.4	COL15A1	COL15A1	novel_not_in_catalog	YES	156.7	51.69	10.96
PB.12328.8	Protein_PB.12328.8	COL15A1	COL15A1	novel_not_in_catalog	YES	73.54	48.38	20.51
PB.12329.1	Protein_PB.12329.1	GALNT12	GALNT12	full-splice_match	YES	40.94	24.57	31.11
PB.12332.2	Protein_PB.12332.2	NANS	NANS	full-splice_match	YES	205.17	168.28	179.69
PB.12333.1	Protein_PB.12333.1	ANP32B	ANP32B	full-splice_match	YES	105.9	87.24	122.46
PB.12336.4	Protein_PB.12336.4	NCBP1	NCBP1	full-splice_match	YES	75.24	75.24	36.99
PB.12336.9	Protein_PB.12336.9	NCBP1	NCBP1	full-splice_match	YES	37.58	48.33	22.62
PB.12337.1	Protein_PB.12337.1	TMOD1	TMOD1	full-splice_match	YES	21.13	5.82	14.45
PB.12337.3	Protein_PB.12337.3	TMOD1	TMOD1	full-splice_match	YES	1204.22	1010.79	680.73
PB.12338.4	Protein_PB.12338.4	TDRD7	TDRD7	full-splice_match	YES	68.94	47.08	50.93
PB.12343.1	Protein_PB.12343.1	DCAF10	DCAF10	full-splice_match	YES	265.44	259.04	313.39
PB.12343.2	Protein_PB.12343.2	DCAF10	DCAF10	incomplete-splice_match	YES	41.77	54.52	66.29
PB.12344.5	Protein_PB.12344.5	TRMT10B	TRMT10B	full-splice_match	YES	6.66	10.19	20.82
PB.12346.5	Protein_PB.12346.5	POLR1E	POLR1E	full-splice_match	YES	115.74	113.91	187.35
PB.12347.1	Protein_PB.12347.1	GRHPR	GRHPR	full-splice_match	YES	148.44	89.97	96.66
PB.12347.5	Protein_PB.12347.5	GRHPR	GRHPR	novel_in_catalog	YES	100.1	113.44	113.98
PB.12347.8	Protein_PB.12347.8	GRHPR	GRHPR	novel_not_in_catalog	YES	98.27	113.43	102.49
PB.12348.2	Protein_PB.12348.2	ZCCHC7	ZCCHC7	full-splice_match	YES	76.66	64.84	71.58
PB.12353.1	Protein_PB.12353.1	CLTA	CLTA	full-splice_match	YES	183.35	176.25	183.08
PB.12353.4	Protein_PB.12353.4	CLTA	CLTA	novel_not_in_catalog	YES	29.48	25.98	27.87
PB.12355.2	Protein_PB.12355.2	GLIPR2	GLIPR2	full-splice_match	YES	99.63	44.48	73.76
PB.12356.2	Protein_PB.12356.2	RECK	RECK	full-splice_match	YES	44.93	28.61	34.3
PB.12358.1	Protein_PB.12358.1	SPAAR_HRCT1	SPAAR_HRCT1	fusion	YES	34.94	25.84	31.0
PB.12358.2	Protein_PB.12358.2	SPAAR	SPAAR	full-splice_match	YES	44.55	34.68	34.16
PB.12359.8	Protein_PB.12359.8	TMEM8B	TMEM8B	novel_not_in_catalog	YES	18.93	9.67	20.63
PB.1236.1	Protein_PB.1236.1	AVL9	AVL9	full-splice_match	YES	130.12	112.91	120.54
PB.1236.2	Protein_PB.1236.2	AVL9	AVL9	incomplete-splice_match	YES	18.52	25.38	19.66
PB.12360.1	Protein_PB.12360.1	NPR2	NPR2	full-splice_match	YES	50.54	43.59	24.28
PB.12361.11	Protein_PB.12361.11	RGP1	RGP1	full-splice_match	YES	12.52	13.05	20.18
PB.12361.13	Protein_PB.12361.13	CREB3	CREB3	novel_not_in_catalog	YES	9.66	7.58	22.47
PB.12361.14	Protein_PB.12361.14	CREB3	CREB3	full-splice_match	YES	96.68	63.89	72.88
PB.12361.16	Protein_PB.12361.16	CREB3	CREB3	novel_not_in_catalog	YES	48.29	52.9	74.57
PB.12361.18	Protein_PB.12361.18	CREB3	CREB3	novel_not_in_catalog	YES	22.08	25.68	28.8
PB.12361.6	Protein_PB.12361.6	RGP1	RGP1	novel_in_catalog	YES	15.12	24.95	15.88
PB.12361.8	Protein_PB.12361.8	RGP1	RGP1	novel_in_catalog	YES	39.03	48.31	53.58
PB.12363.1	Protein_PB.12363.1	CA9	CA9	full-splice_match	YES	21.33	26.21	21.93
PB.12364.1	Protein_PB.12364.1	CCDC107	CCDC107	full-splice_match	YES	21.45	18.59	38.73
PB.12365.1	Protein_PB.12365.1	TESK1	TESK1	full-splice_match	YES	82.25	71.57	120.15
PB.12366.11	Protein_PB.12366.11	RUSC2	RUSC2	novel_in_catalog	YES	23.71	9.74	19.6
PB.12366.12	Protein_PB.12366.12	RUSC2	RUSC2	novel_not_in_catalog	YES	188.75	192.55	74.95
PB.12366.13	Protein_PB.12366.13	RUSC2	RUSC2	novel_not_in_catalog	YES	74.78	39.56	47.41
PB.12366.15	Protein_PB.12366.15	RUSC2	RUSC2	full-splice_match	YES	52.59	28.99	30.67
PB.12366.18	Protein_PB.12366.18	RUSC2	RUSC2	full-splice_match	YES	92.84	111.6	91.78
PB.12367.1	Protein_PB.12367.1	LOC113260484	LOC113260484	full-splice_match	YES	13.55	18.2	9.09
PB.12370.6	Protein_PB.12370.6	UNC13B	UNC13B	full-splice_match	YES	48.84	65.58	40.1
PB.12370.7	Protein_PB.12370.7	UNC13B	UNC13B	full-splice_match	YES	38.73	4.84	33.92
PB.12374.2	Protein_PB.12374.2	DNAJB5	DNAJB5	novel_not_in_catalog	YES	590.94	439.97	485.13
PB.12374.3	Protein_PB.12374.3	DNAJB5	DNAJB5	novel_in_catalog	YES	213.79	159.56	135.94
PB.12375.1	Protein_PB.12375.1	PHF24	PHF24	full-splice_match	YES	6.9	10.25	19.29
PB.12376.11	Protein_PB.12376.11	IL11RA	IL11RA	novel_not_in_catalog	YES	67.52	63.07	24.33
PB.12376.13	Protein_PB.12376.13	IL11RA	IL11RA	novel_not_in_catalog	YES	238.1	293.21	160.67
PB.12376.14	Protein_PB.12376.14	IL11RA	IL11RA	novel_not_in_catalog	YES	23.23	31.79	57.47
PB.12376.2	Protein_PB.12376.2	IL11RA	IL11RA	novel_not_in_catalog	YES	38.14	46.98	26.73
PB.12376.23	Protein_PB.12376.23	GALT	GALT	full-splice_match	YES	29.2	28.72	24.82
PB.12376.3	Protein_PB.12376.3	IL11RA	IL11RA	novel_not_in_catalog	YES	23.86	42.78	28.96
PB.12376.8	Protein_PB.12376.8	IL11RA	IL11RA	novel_not_in_catalog	YES	24.62	19.08	23.2
PB.12379.2	Protein_PB.12379.2	NUDT2	NUDT2	full-splice_match	YES	89.0	101.51	77.37
PB.1238.1	Protein_PB.1238.1	FKBP9	FKBP9	full-splice_match	YES	648.74	441.81	459.96
PB.12380.1	Protein_PB.12380.1	UBAP1	UBAP1	full-splice_match	YES	292.92	316.99	337.56
PB.12380.5	Protein_PB.12380.5	UBAP1	UBAP1	novel_in_catalog	YES	39.72	44.54	47.02
PB.12382.1	Protein_PB.12382.1	UBE2R2	UBE2R2	full-splice_match	YES	491.54	509.84	472.82
PB.12384.1	Protein_PB.12384.1	NFX1	NFX1	full-splice_match	YES	147.85	103.14	89.17
PB.12384.14	Protein_PB.12384.14	NFX1	NFX1	novel_not_in_catalog	YES	60.76	37.09	86.61
PB.12384.2	Protein_PB.12384.2	NFX1	NFX1	full-splice_match	YES	77.3	67.63	86.24
PB.12384.4	Protein_PB.12384.4	NFX1	NFX1	novel_not_in_catalog	YES	11.99	55.22	20.66
PB.12384.6	Protein_PB.12384.6	NFX1	NFX1	novel_in_catalog	YES	26.99	17.47	17.17
PB.12385.1	Protein_PB.12385.1	CHMP5	CHMP5	full-splice_match	YES	261.28	270.99	341.37
PB.12385.2	Protein_PB.12385.2	CHMP5	CHMP5	novel_not_in_catalog	YES	20.2	10.27	9.76
PB.12385.3	Protein_PB.12385.3	CHMP5	CHMP5	novel_in_catalog	YES	46.82	75.78	43.93
PB.12385.4	Protein_PB.12385.4	CHMP5	CHMP5	novel_not_in_catalog	YES	39.79	52.69	50.75
PB.12387.1	Protein_PB.12387.1	DNAJA1	DNAJA1	full-splice_match	YES	224.16	203.14	181.48
PB.12389.1	Protein_PB.12389.1	SMIM27	SMIM27	full-splice_match	YES	73.24	91.38	86.26
PB.12390.13	Protein_PB.12390.13	ACO1	ACO1	novel_not_in_catalog	YES	42.9	64.23	23.0
PB.12390.4	Protein_PB.12390.4	ACO1	ACO1	novel_not_in_catalog	YES	130.47	106.8	99.93
PB.12390.5	Protein_PB.12390.5	ACO1	ACO1	novel_in_catalog	YES	36.67	41.03	42.46
PB.12390.6	Protein_PB.12390.6	ACO1	ACO1	novel_not_in_catalog	YES	39.41	16.51	38.16
PB.12390.7	Protein_PB.12390.7	ACO1	ACO1	novel_in_catalog	YES	90.23	119.53	67.97
PB.1240.6	Protein_PB.1240.6	BBS9	BBS9	novel_not_in_catalog	YES	26.45	6.49	19.05
PB.12400.1	Protein_PB.12400.1	TEK	TEK	novel_in_catalog	YES	149.01	108.4	111.85
PB.12400.3	Protein_PB.12400.3	TEK	TEK	full-splice_match	YES	49.84	24.88	39.91
PB.12400.4	Protein_PB.12400.4	TEK	TEK	full-splice_match	YES	88.48	83.69	81.05
PB.12400.5	Protein_PB.12400.5	TEK	TEK	novel_in_catalog	YES	152.67	119.67	76.59
PB.12405.1	Protein_PB.12405.1	DMRTA1	DMRTA1	full-splice_match	YES	21.44	18.81	12.94
PB.12409.3	Protein_PB.12409.3	MTAP	MTAP	full-splice_match	YES	84.46	103.1	88.19
PB.12413.2	Protein_PB.12413.2	LOC113260579	LOC113260579	full-splice_match	YES	93.16	88.45	105.35
PB.12413.4	Protein_PB.12413.4	LOC113260579	LOC113260579	novel_not_in_catalog	YES	24.95	16.55	29.51
PB.12414.3	Protein_PB.12414.3	FOCAD	FOCAD	full-splice_match	YES	300.82	279.76	197.69
PB.12419.1	Protein_PB.12419.1	ACER2	ACER2	full-splice_match	YES	27.47	12.56	28.96
PB.12420.1	Protein_PB.12420.1	DENND4C	DENND4C	full-splice_match	YES	41.98	97.38	64.44
PB.12420.6	Protein_PB.12420.6	DENND4C	DENND4C	full-splice_match	YES	154.43	159.29	68.76
PB.12420.7	Protein_PB.12420.7	DENND4C	DENND4C	novel_not_in_catalog	YES	206.92	153.4	164.16
PB.12422.1	Protein_PB.12422.1	RRAGA	RRAGA	full-splice_match	YES	366.58	394.65	379.12
PB.12423.2	Protein_PB.12423.2	ADAMTSL1	ADAMTSL1	full-splice_match	YES	38.23	32.12	36.73
PB.12425.1	Protein_PB.12425.1	CNTLN	CNTLN	full-splice_match	YES	23.26	11.57	41.31
PB.12425.2	Protein_PB.12425.2	CNTLN	CNTLN	full-splice_match	YES	21.25	26.9	19.11
PB.12425.6	Protein_PB.12425.6	CNTLN	CNTLN	incomplete-splice_match	YES	16.85	15.15	19.78
PB.12430.3	Protein_PB.12430.3	CCDC171	CCDC171	full-splice_match	YES	36.25	34.91	37.3
PB.12432.2	Protein_PB.12432.2	SNAPC3	SNAPC3	full-splice_match	YES	26.7	27.77	19.92
PB.12432.3	Protein_PB.12432.3	SNAPC3	SNAPC3	novel_not_in_catalog	YES	35.54	31.2	32.71
PB.12432.4	Protein_PB.12432.4	SNAPC3	SNAPC3	incomplete-splice_match	YES	40.84	40.31	22.37
PB.12434.1		LOC113260612	LOC113260612	novel_not_in_catalog	NO	38.67	32.88	11.41
PB.12434.7		LOC113260612	LOC113260612	novel_not_in_catalog	NO	14.88	26.05	4.88
PB.12434.8		LOC113260612	LOC113260612	novel_not_in_catalog	NO	13.63	18.69	7.1
PB.12436.1	Protein_PB.12436.1	LURAP1L	LURAP1L	full-splice_match	YES	48.91	29.45	24.17
PB.1244.4	Protein_PB.1244.4	BMPER	BMPER	full-splice_match	YES	18.51	9.36	11.6
PB.12442.1	Protein_PB.12442.1	LOC113260620	LOC113260620	full-splice_match	YES	57.75	50.4	66.09
PB.12444.1	Protein_PB.12444.1	UHRF2	UHRF2	full-splice_match	YES	19.01	12.78	9.68
PB.12444.4	Protein_PB.12444.4	UHRF2	UHRF2	full-splice_match	YES	21.7	17.79	18.26
PB.12446.10	Protein_PB.12446.10	IL33	IL33	full-splice_match	YES	41.83	31.56	44.43
PB.12446.11	Protein_PB.12446.11	IL33	IL33	novel_not_in_catalog	YES	12.1	13.75	20.59
PB.12449.1	Protein_PB.12449.1	LRRC14B	LRRC14B	full-splice_match	YES	123.42	130.41	84.78
PB.12449.2	Protein_PB.12449.2	LRRC14B	LRRC14B	novel_not_in_catalog	YES	187.89	192.04	168.22
PB.12450.1	Protein_PB.12450.1	SDHA	SDHA	novel_not_in_catalog	YES	15.13	19.47	19.71
PB.12450.12	Protein_PB.12450.12	SDHA	SDHA	novel_in_catalog	YES	19.37	22.17	24.32
PB.12450.17	Protein_PB.12450.17	SDHA	SDHA	novel_in_catalog	YES	81.18	35.53	64.06
PB.12450.18	Protein_PB.12450.18	SDHA	SDHA	full-splice_match	YES	405.0	565.11	307.99
PB.12450.19	Protein_PB.12450.19	SDHA	SDHA	novel_not_in_catalog	YES	2615.63	2862.23	1945.6
PB.12450.20	Protein_PB.12450.20	SDHA	SDHA	incomplete-splice_match	YES	2482.71	2520.35	1663.31
PB.12450.4	Protein_PB.12450.4	SDHA	SDHA	novel_in_catalog	YES	104.3	209.45	218.61
PB.12450.7	Protein_PB.12450.7	SDHA	SDHA	full-splice_match	YES	271.59	245.83	137.44
PB.12450.9	Protein_PB.12450.9	SDHA	SDHA	novel_not_in_catalog	YES	828.33	838.81	653.96
PB.12451.1	Protein_PB.12451.1	PDCD6	PDCD6	full-splice_match	YES	90.86	87.2	79.67
PB.12453.3	Protein_PB.12453.3	EXOC3	EXOC3	novel_not_in_catalog	YES	433.94	474.28	412.78
PB.12453.7	Protein_PB.12453.7	EXOC3	EXOC3	novel_not_in_catalog	YES	209.18	248.61	190.4
PB.12453.9	Protein_PB.12453.9	EXOC3	EXOC3	full-splice_match	YES	124.29	146.15	134.94
PB.12461.2	Protein_PB.12461.2	NDUFS6	NDUFS6	full-splice_match	YES	996.85	1024.78	704.86
PB.12461.3	Protein_PB.12461.3	NDUFS6	NDUFS6	incomplete-splice_match	YES	65.73	64.83	63.1
PB.12468.1	Protein_PB.12468.1	ICE1	ICE1	full-splice_match	YES	332.45	321.02	360.0
PB.12468.2	Protein_PB.12468.2	ICE1	ICE1	incomplete-splice_match	YES	44.99	45.31	44.24
PB.12469.1	Protein_PB.12469.1	UBE2QL1	UBE2QL1	full-splice_match	YES	669.31	763.78	805.16
PB.12472.1	Protein_PB.12472.1	TENT4A	TENT4A	full-splice_match	YES	177.44	153.71	196.47
PB.12473.1	Protein_PB.12473.1	ADCY2	ADCY2	full-splice_match	YES	1641.58	1715.63	1184.04
PB.12473.2	Protein_PB.12473.2	ADCY2	ADCY2	novel_not_in_catalog	YES	43.36	37.4	58.5
PB.12473.3	Protein_PB.12473.3	ADCY2	ADCY2	incomplete-splice_match	YES	160.71	260.47	155.76
PB.12474.11	Protein_PB.12474.11	MTRR	MTRR	full-splice_match	YES	36.75	46.19	24.67
PB.12474.7	Protein_PB.12474.7	MTRR	MTRR	novel_in_catalog	YES	10.34	7.41	18.74
PB.12477.1	Protein_PB.12477.1	CCT5	CCT5	full-splice_match	YES	593.91	605.9	549.35
PB.12477.4	Protein_PB.12477.4	CCT5	CCT5	novel_in_catalog	YES	231.43	248.38	216.23
PB.12478.1	Protein_PB.12478.1	MARCH6	MARCH6	novel_not_in_catalog	YES	162.08	140.53	167.92
PB.12478.2	Protein_PB.12478.2	MARCH6	MARCH6	novel_in_catalog	YES	21.05	6.2	16.29
PB.12478.4	Protein_PB.12478.4	MARCH6	MARCH6	full-splice_match	YES	1005.65	1077.89	1011.54
PB.12478.5	Protein_PB.12478.5	MARCH6	MARCH6	full-splice_match	YES	42.08	50.99	32.68
PB.12478.6	Protein_PB.12478.6	MARCH6	MARCH6	novel_not_in_catalog	YES	412.41	458.75	432.07
PB.12478.8	Protein_PB.12478.8	MARCH6	MARCH6	incomplete-splice_match	YES	151.34	124.74	133.46
PB.1248.10	Protein_PB.1248.10	SEPT7	SEPT7	full-splice_match	YES	143.19	114.82	133.29
PB.1248.15	Protein_PB.1248.15	SEPT7	SEPT7	novel_in_catalog	YES	164.1	143.84	125.93
PB.1248.8	Protein_PB.1248.8	SEPT7	SEPT7	novel_in_catalog	YES	43.85	74.36	114.72
PB.1248.9	Protein_PB.1248.9	SEPT7	SEPT7	full-splice_match	YES	217.69	181.83	207.44
PB.12481.1	Protein_PB.12481.1	ANKRD33B	ANKRD33B	full-splice_match	YES	177.25	165.97	118.8
PB.12481.2	Protein_PB.12481.2	ANKRD33B	ANKRD33B	full-splice_match	YES	69.26	60.2	42.36
PB.12482.1		novelGene_DAP_AS	novelGene_DAP_AS	antisense	NO	59.22	57.79	31.42
PB.12489.1	Protein_PB.12489.1	TRIO	TRIO	full-splice_match	YES	387.31	331.75	435.21
PB.12489.3	Protein_PB.12489.3	TRIO	TRIO	full-splice_match	YES	137.22	139.55	151.23
PB.12490.1	Protein_PB.12490.1	OTULINL	OTULINL	full-splice_match	YES	31.01	30.18	24.87
PB.12493.1	Protein_PB.12493.1	OTULIN	OTULIN	full-splice_match	YES	94.8	109.96	71.56
PB.12493.2	Protein_PB.12493.2	OTULIN	OTULIN	full-splice_match	YES	54.47	82.21	65.89
PB.12493.3	Protein_PB.12493.3	OTULIN	OTULIN	novel_in_catalog	YES	15.48	8.88	21.74
PB.12493.4	Protein_PB.12493.4	OTULIN	OTULIN	incomplete-splice_match	YES	47.97	47.59	55.98
PB.12494.1	Protein_PB.12494.1	FBXL7	FBXL7	full-splice_match	YES	33.94	23.22	27.58
PB.12494.2	Protein_PB.12494.2	FBXL7	FBXL7	incomplete-splice_match	YES	16.97	7.03	9.72
PB.1251.12	Protein_PB.1251.12	EEPD1	EEPD1	novel_not_in_catalog	YES	52.91	67.99	73.08
PB.1251.2	Protein_PB.1251.2	EEPD1	EEPD1	full-splice_match	YES	8.49	17.17	7.09
PB.1251.7	Protein_PB.1251.7	EEPD1	EEPD1	full-splice_match	YES	205.54	243.24	333.57
PB.12510.11	Protein_PB.12510.11	CUNH5orf22	CUNH5orf22	full-splice_match	YES	47.06	54.94	38.86
PB.12510.13	Protein_PB.12510.13	CUNH5orf22	CUNH5orf22	full-splice_match	YES	59.31	48.41	67.83
PB.12510.2	Protein_PB.12510.2	CUNH5orf22	CUNH5orf22	novel_not_in_catalog	YES	35.05	38.91	21.6
PB.12510.3	Protein_PB.12510.3	CUNH5orf22	CUNH5orf22	novel_not_in_catalog	YES	3.54	16.76	35.2
PB.12510.4	Protein_PB.12510.4	CUNH5orf22	CUNH5orf22	novel_not_in_catalog	YES	21.21	32.42	33.67
PB.12510.6	Protein_PB.12510.6	CUNH5orf22	CUNH5orf22	novel_in_catalog	YES	6.44	19.93	24.53
PB.12512.1	Protein_PB.12512.1	PDZD2	PDZD2	full-splice_match	YES	527.79	460.24	553.01
PB.12512.2	Protein_PB.12512.2	PDZD2	PDZD2	full-splice_match	YES	26.44	17.61	19.53
PB.12512.3	Protein_PB.12512.3	PDZD2	PDZD2	full-splice_match	YES	33.74	26.61	21.64
PB.12512.4	Protein_PB.12512.4	PDZD2	PDZD2	novel_not_in_catalog	YES	32.23	16.51	21.41
PB.12512.9	Protein_PB.12512.9	PDZD2	PDZD2	incomplete-splice_match	YES	26.49	35.69	35.06
PB.12514.1	Protein_PB.12514.1	SUB1	SUB1	full-splice_match	YES	1244.86	1226.51	1476.46
PB.12515.2	Protein_PB.12515.2	NPR3	NPR3	novel_not_in_catalog	YES	52.48	56.78	40.58
PB.12515.3	Protein_PB.12515.3	NPR3	NPR3	novel_not_in_catalog	YES	143.76	140.81	117.05
PB.12515.5	Protein_PB.12515.5	NPR3	NPR3	full-splice_match	YES	121.79	97.02	73.8
PB.12515.7	Protein_PB.12515.7	NPR3	NPR3	novel_not_in_catalog	YES	20.08	16.28	23.66
PB.12516.13	Protein_PB.12516.13	TARS	TARS	novel_not_in_catalog	YES	44.57	33.84	28.75
PB.12516.19	Protein_PB.12516.19	TARS	TARS	incomplete-splice_match	YES	195.47	229.91	173.05
PB.12516.5	Protein_PB.12516.5	TARS	TARS	incomplete-splice_match	YES	239.41	262.58	201.7
PB.1252.1		LOC113262771	LOC113262771	full-splice_match	NO	11.01	16.48	28.21
PB.12521.1	Protein_PB.12521.1	RAI14	RAI14	full-splice_match	YES	39.13	2.15	36.32
PB.12521.10	Protein_PB.12521.10	RAI14	RAI14	novel_not_in_catalog	YES	59.81	63.4	331.43
PB.12521.11	Protein_PB.12521.11	RAI14	RAI14	novel_not_in_catalog	YES	18.63	24.28	45.88
PB.12521.12	Protein_PB.12521.12	RAI14	RAI14	novel_not_in_catalog	YES	54.09	40.45	123.21
PB.12521.2	Protein_PB.12521.2	RAI14	RAI14	incomplete-splice_match	YES	2.91	21.06	12.07
PB.12521.4	Protein_PB.12521.4	RAI14	RAI14	novel_in_catalog	YES	86.98	36.08	25.2
PB.12521.5	Protein_PB.12521.5	RAI14	RAI14	novel_in_catalog	YES	62.91	53.38	143.69
PB.12521.7	Protein_PB.12521.7	RAI14	RAI14	novel_not_in_catalog	YES	67.83	95.32	29.3
PB.12523.1	Protein_PB.12523.1	BRIX1	BRIX1	novel_in_catalog	YES	42.79	41.71	50.03
PB.12523.2	Protein_PB.12523.2	BRIX1	BRIX1	full-splice_match	YES	44.81	48.13	51.08
PB.12524.1	Protein_PB.12524.1	DNAJC21	DNAJC21	full-splice_match	YES	811.72	882.95	835.98
PB.12530.1	Protein_PB.12530.1	SKP2	SKP2	full-splice_match	YES	40.6	39.88	38.78
PB.12531.4	Protein_PB.12531.4	SLC1A3	SLC1A3	full-splice_match	YES	77.68	62.95	70.55
PB.12534.1	Protein_PB.12534.1	NIPBL	NIPBL	full-splice_match	YES	22.55	17.85	64.98
PB.12534.2	Protein_PB.12534.2	NIPBL	NIPBL	full-splice_match	YES	212.1	190.63	174.41
PB.12534.6	Protein_PB.12534.6	NIPBL	NIPBL	incomplete-splice_match	YES	59.98	56.05	84.03
PB.12534.7	Protein_PB.12534.7	NIPBL	NIPBL	incomplete-splice_match	YES	48.53	25.79	42.87
PB.12534.8	Protein_PB.12534.8	NIPBL	NIPBL	incomplete-splice_match	YES	89.64	119.92	94.45
PB.12536.1	Protein_PB.12536.1	WDR70	WDR70	full-splice_match	YES	152.15	155.91	160.6
PB.12539.1	Protein_PB.12539.1	EGFLAM	EGFLAM	full-splice_match	YES	138.94	110.84	102.99
PB.12541.7	Protein_PB.12541.7	OSMR	OSMR	incomplete-splice_match	YES	20.08	12.02	12.11
PB.12544.1	Protein_PB.12544.1	PTGER4	PTGER4	full-splice_match	YES	45.47	37.85	55.03
PB.12545.1	Protein_PB.12545.1	CARD6	CARD6	full-splice_match	YES	46.74	33.02	32.46
PB.12546.4	Protein_PB.12546.4	C7	C7	incomplete-splice_match	YES	51.04	24.04	31.84
PB.12550.1	Protein_PB.12550.1	CUNH5orf51	CUNH5orf51	full-splice_match	YES	30.5	24.64	27.82
PB.12553.10	Protein_PB.12553.10	GHR	GHR	novel_not_in_catalog	YES	38.48	28.87	40.48
PB.12553.14	Protein_PB.12553.14	GHR	GHR	novel_not_in_catalog	YES	20.46	0.46	0.0
PB.12553.16	Protein_PB.12553.16	GHR	GHR	novel_not_in_catalog	YES	38.01	11.24	15.49
PB.12553.17	Protein_PB.12553.17	GHR	GHR	incomplete-splice_match	YES	82.95	56.13	97.43
PB.12553.19	Protein_PB.12553.19	GHR	GHR	incomplete-splice_match	YES	663.25	813.06	630.71
PB.12553.3	Protein_PB.12553.3	GHR	GHR	novel_not_in_catalog	YES	38.87	24.8	21.96
PB.12553.4	Protein_PB.12553.4	GHR	GHR	full-splice_match	YES	587.54	600.58	460.72
PB.12553.5	Protein_PB.12553.5	GHR	GHR	full-splice_match	YES	156.98	137.99	65.3
PB.12553.6	Protein_PB.12553.6	GHR	GHR	full-splice_match	YES	37.0	40.04	26.15
PB.12553.7	Protein_PB.12553.7	GHR	GHR	novel_in_catalog	YES	22.0	2.4	3.93
PB.12553.8	Protein_PB.12553.8	GHR	GHR	novel_in_catalog	YES	0.0	19.6	9.87
PB.12556.2	Protein_PB.12556.2	ZNF131	ZNF131	full-splice_match	YES	21.33	28.22	25.54
PB.12556.3	Protein_PB.12556.3	ZNF131	ZNF131	full-splice_match	YES	34.78	20.85	23.87
PB.12556.9	Protein_PB.12556.9	ZNF131	ZNF131	full-splice_match	YES	41.73	27.32	28.25
PB.12558.1	Protein_PB.12558.1	NNT	NNT	full-splice_match	YES	75.12	128.09	64.74
PB.12558.10	Protein_PB.12558.10	NNT	NNT	incomplete-splice_match	YES	522.04	803.82	439.23
PB.12558.12	Protein_PB.12558.12	NNT	NNT	incomplete-splice_match	YES	1114.85	1614.83	833.29
PB.12558.2	Protein_PB.12558.2	NNT	NNT	novel_not_in_catalog	YES	19.42	25.8	29.2
PB.12558.3	Protein_PB.12558.3	NNT	NNT	full-splice_match	YES	197.71	257.24	130.27
PB.12558.5	Protein_PB.12558.5	NNT	NNT	incomplete-splice_match	YES	1876.01	2756.21	1534.72
PB.12558.8	Protein_PB.12558.8	NNT	NNT	full-splice_match	YES	190.8	217.97	189.22
PB.12558.9	Protein_PB.12558.9	NNT	NNT	incomplete-splice_match	YES	904.26	1461.31	750.53
PB.12559.1	Protein_PB.12559.1	MRPS30	MRPS30	novel_in_catalog	YES	64.14	90.41	50.31
PB.12559.3	Protein_PB.12559.3	MRPS30	MRPS30	novel_in_catalog	YES	173.21	173.81	141.78
PB.12559.4	Protein_PB.12559.4	MRPS30	MRPS30	full-splice_match	YES	48.15	65.22	54.38
PB.12567.1	Protein_PB.12567.1	CCDC127	CCDC127	full-splice_match	YES	200.06	225.01	222.94
PB.12567.2	Protein_PB.12567.2	CCDC127	CCDC127	novel_not_in_catalog	YES	48.97	45.23	57.12
PB.12567.3	Protein_PB.12567.3	CCDC127	CCDC127	full-splice_match	YES	12.19	17.95	7.2
PB.12569.1	Protein_PB.12569.1	TPPP	TPPP	full-splice_match	YES	279.65	193.78	192.27
PB.12571.1	Protein_PB.12571.1	BRD9	BRD9	full-splice_match	YES	233.42	297.94	322.26
PB.12571.2	Protein_PB.12571.2	BRD9	BRD9	full-splice_match	YES	184.96	211.29	192.64
PB.12572.1	Protein_PB.12572.1	SLC12A7	SLC12A7	novel_in_catalog	YES	16.98	4.58	18.89
PB.12572.7	Protein_PB.12572.7	SLC12A7	SLC12A7	full-splice_match	YES	43.07	29.85	24.15
PB.12574.3	Protein_PB.12574.3	CLPTM1L	CLPTM1L	full-splice_match	YES	105.84	101.28	94.27
PB.12574.6	Protein_PB.12574.6	CLPTM1L	CLPTM1L	incomplete-splice_match	YES	5.0	7.48	17.47
PB.12574.7	Protein_PB.12574.7	CLPTM1L	CLPTM1L	novel_not_in_catalog	YES	43.45	57.76	53.49
PB.12574.8	Protein_PB.12574.8	CLPTM1L	CLPTM1L	full-splice_match	YES	24.4	23.52	36.96
PB.12576.1	Protein_PB.12576.1	LPCAT1	LPCAT1	full-splice_match	YES	61.3	42.9	49.13
PB.12577.1	Protein_PB.12577.1	MRPL36	MRPL36	novel_not_in_catalog	YES	11.59	10.47	18.79
PB.12577.2	Protein_PB.12577.2	MRPL36	MRPL36	full-splice_match	YES	133.64	136.52	102.63
PB.1258.3	Protein_PB.1258.3	DNAJB9	DNAJB9	full-splice_match	YES	22.85	35.45	34.14
PB.1258.4	Protein_PB.1258.4	DNAJB9	DNAJB9	full-splice_match	YES	122.54	152.1	131.08
PB.12584.4	Protein_PB.12584.4	MED10	MED10	full-splice_match	YES	36.74	57.43	57.28
PB.12584.8	Protein_PB.12584.8	MED10	MED10	full-splice_match	YES	109.39	124.45	113.91
PB.12586.1	Protein_PB.12586.1	NSUN2	NSUN2	full-splice_match	YES	165.45	195.86	157.19
PB.12586.2	Protein_PB.12586.2	NSUN2	NSUN2	incomplete-splice_match	YES	66.91	67.44	73.7
PB.12589.2	Protein_PB.12589.2	FASTKD3	FASTKD3	full-splice_match	YES	25.47	18.98	15.38
PB.12589.4	Protein_PB.12589.4	FASTKD3	FASTKD3	novel_not_in_catalog	YES	81.15	84.4	55.92
PB.12591.1	Protein_PB.12591.1	SEMA5A	SEMA5A	full-splice_match	YES	17.66	3.16	9.47
PB.12596.1	Protein_PB.12596.1	FAM173B	FAM173B	full-splice_match	YES	27.94	24.39	23.61
PB.12596.2	Protein_PB.12596.2	FAM173B	FAM173B	full-splice_match	YES	20.39	27.33	9.99
PB.12597.1	Protein_PB.12597.1	CMBL	CMBL	novel_not_in_catalog	YES	113.23	78.59	97.48
PB.12597.10	Protein_PB.12597.10	CMBL	CMBL	full-splice_match	YES	1351.47	1243.76	1438.28
PB.12597.12	Protein_PB.12597.12	CMBL	CMBL	full-splice_match	YES	558.76	422.63	704.63
PB.12597.2	Protein_PB.12597.2	CMBL	CMBL	full-splice_match	YES	80.0	121.28	39.34
PB.12597.6	Protein_PB.12597.6	CMBL	CMBL	novel_not_in_catalog	YES	116.58	90.6	95.71
PB.12601.5	Protein_PB.12601.5	DAP	DAP	full-splice_match	YES	32.87	16.46	35.52
PB.12612.1	Protein_PB.12612.1	ANKH	ANKH	full-splice_match	YES	684.55	676.01	614.4
PB.12612.2	Protein_PB.12612.2	ANKH	ANKH	novel_not_in_catalog	YES	204.48	137.42	153.38
PB.12615.1	Protein_PB.12615.1	ZNF622	ZNF622	full-splice_match	YES	202.24	216.26	222.91
PB.12616.1	Protein_PB.12616.1	RETREG1	RETREG1	novel_not_in_catalog	YES	1540.23	2726.89	1415.67
PB.12616.2	Protein_PB.12616.2	RETREG1	RETREG1	full-splice_match	YES	71.02	46.71	13.36
PB.12616.4	Protein_PB.12616.4	RETREG1	RETREG1	full-splice_match	YES	14.45	19.61	28.41
PB.12616.5	Protein_PB.12616.5	RETREG1	RETREG1	novel_not_in_catalog	YES	444.87	853.12	443.17
PB.12616.8	Protein_PB.12616.8	RETREG1	RETREG1	novel_not_in_catalog	YES	56.59	91.33	59.86
PB.12617.1	Protein_PB.12617.1	MYO10	MYO10	full-splice_match	YES	284.95	207.42	164.69
PB.12630.10	Protein_PB.12630.10	DROSHA	DROSHA	novel_in_catalog	YES	35.28	50.41	31.33
PB.12630.7	Protein_PB.12630.7	DROSHA	DROSHA	full-splice_match	YES	23.1	18.96	29.95
PB.12631.1	Protein_PB.12631.1	GOLPH3	GOLPH3	full-splice_match	YES	460.3	435.86	357.19
PB.12631.2	Protein_PB.12631.2	GOLPH3	GOLPH3	novel_in_catalog	YES	36.65	46.52	29.19
PB.12633.2	Protein_PB.12633.2	MTMR12	MTMR12	full-splice_match	YES	46.95	30.91	50.46
PB.12634.3	Protein_PB.12634.3	ZFR	ZFR	full-splice_match	YES	353.77	405.34	411.08
PB.12634.5	Protein_PB.12634.5	ZFR	ZFR	full-splice_match	YES	143.18	139.4	178.25
PB.12634.7	Protein_PB.12634.7	ZFR	ZFR	incomplete-splice_match	YES	23.24	15.9	5.85
PB.12637.1	Protein_PB.12637.1	ADAMTS12	ADAMTS12	full-splice_match	YES	34.47	16.59	17.31
PB.12639.1	Protein_PB.12639.1	AMACR	AMACR	full-splice_match	YES	558.02	648.06	426.0
PB.12639.2	Protein_PB.12639.2	AMACR	AMACR	novel_not_in_catalog	YES	1353.27	1643.82	1009.48
PB.12640.1	Protein_PB.12640.1	C1QTNF3	C1QTNF3	full-splice_match	YES	49.87	19.43	31.57
PB.12640.2	Protein_PB.12640.2	C1QTNF3	C1QTNF3	full-splice_match	YES	47.17	23.23	22.9
PB.12644.2	Protein_PB.12644.2	RAD1	RAD1	novel_not_in_catalog	YES	32.1	39.87	25.11
PB.12644.4	Protein_PB.12644.4	RAD1	RAD1	novel_in_catalog	YES	54.6	63.66	43.8
PB.1265.1	Protein_PB.1265.1	ZNF277	ZNF277	novel_not_in_catalog	YES	14.83	12.39	19.32
PB.1265.2	Protein_PB.1265.2	ZNF277	ZNF277	full-splice_match	YES	225.87	220.77	278.82
PB.1265.3	Protein_PB.1265.3	ZNF277	ZNF277	full-splice_match	YES	138.61	132.88	113.66
PB.12651.1	Protein_PB.12651.1	LMBRD2	LMBRD2	full-splice_match	YES	52.43	25.77	49.95
PB.12651.2	Protein_PB.12651.2	LMBRD2	LMBRD2	full-splice_match	YES	74.8	182.01	101.76
PB.12651.4	Protein_PB.12651.4	LMBRD2	LMBRD2	full-splice_match	YES	13.57	32.15	9.72
PB.12651.5	Protein_PB.12651.5	LMBRD2	LMBRD2	novel_not_in_catalog	YES	66.89	81.18	69.3
PB.12651.7	Protein_PB.12651.7	LMBRD2	LMBRD2	full-splice_match	YES	60.98	73.18	58.45
PB.12652.2	Protein_PB.12652.2	NADK2	NADK2	full-splice_match	YES	27.51	25.21	25.78
PB.12652.4	Protein_PB.12652.4	NADK2	NADK2	full-splice_match	YES	105.14	114.92	100.0
PB.12656.2	Protein_PB.12656.2	CPLANE1	CPLANE1	full-splice_match	YES	87.08	101.6	93.56
PB.12656.5	Protein_PB.12656.5	CPLANE1	CPLANE1	full-splice_match	YES	15.02	9.05	34.48
PB.12656.8	Protein_PB.12656.8	CPLANE1	CPLANE1	full-splice_match	YES	100.66	64.85	37.24
PB.12658.1	Protein_PB.12658.1	NUP155	NUP155	novel_in_catalog	YES	58.06	40.87	46.73
PB.12658.2	Protein_PB.12658.2	NUP155	NUP155	full-splice_match	YES	153.62	186.26	171.1
PB.1266.12	Protein_PB.1266.12	IFRD1_LSMEM1	IFRD1_LSMEM1	fusion	YES	128.76	69.92	91.43
PB.1266.13	Protein_PB.1266.13	IFRD1_LSMEM1	IFRD1_LSMEM1	fusion	YES	13.38	25.96	17.35
PB.1266.15	Protein_PB.1266.15	LSMEM1	LSMEM1	novel_not_in_catalog	YES	275.24	283.55	223.82
PB.1266.16	Protein_PB.1266.16	LSMEM1	LSMEM1	novel_not_in_catalog	YES	216.05	192.31	193.05
PB.1266.5	Protein_PB.1266.5	IFRD1	IFRD1	novel_in_catalog	YES	73.58	61.22	90.13
PB.1266.7	Protein_PB.1266.7	IFRD1_LSMEM1	IFRD1_LSMEM1	fusion	YES	9.13	4.0	18.15
PB.1266.9	Protein_PB.1266.9	IFRD1_LSMEM1	IFRD1_LSMEM1	fusion	YES	28.33	17.02	16.34
PB.12664.1	Protein_PB.12664.1	LIFR	LIFR	full-splice_match	YES	491.55	499.72	411.1
PB.12664.3	Protein_PB.12664.3	LIFR	LIFR	full-splice_match	YES	164.24	150.4	328.34
PB.12664.4	Protein_PB.12664.4	LIFR	LIFR	incomplete-splice_match	YES	146.64	132.87	139.49
PB.12668.2	Protein_PB.12668.2	RICTOR	RICTOR	full-splice_match	YES	23.03	18.69	29.4
PB.12668.3	Protein_PB.12668.3	RICTOR	RICTOR	full-splice_match	YES	18.41	18.22	24.22
PB.12668.5	Protein_PB.12668.5	RICTOR	RICTOR	full-splice_match	YES	70.61	142.44	121.24
PB.12668.6	Protein_PB.12668.6	RICTOR	RICTOR	full-splice_match	YES	332.32	295.6	225.36
PB.12668.8	Protein_PB.12668.8	RICTOR	RICTOR	incomplete-splice_match	YES	73.78	78.81	115.83
PB.12668.9	Protein_PB.12668.9	RICTOR	RICTOR	incomplete-splice_match	YES	31.27	43.21	18.64
PB.12671.1	Protein_PB.12671.1	DAB2	DAB2	full-splice_match	YES	61.49	54.8	54.47
PB.12671.3	Protein_PB.12671.3	DAB2	DAB2	novel_not_in_catalog	YES	26.58	18.9	14.5
PB.12676.1	Protein_PB.12676.1	TTC33	TTC33	full-splice_match	YES	44.73	50.03	58.32
PB.12676.10	Protein_PB.12676.10	TTC33	TTC33	novel_not_in_catalog	YES	53.67	25.84	21.92
PB.12676.2	Protein_PB.12676.2	TTC33	TTC33	novel_not_in_catalog	YES	71.4	73.55	72.78
PB.12676.4	Protein_PB.12676.4	TTC33	TTC33	full-splice_match	YES	120.33	151.31	203.08
PB.12676.7	Protein_PB.12676.7	TTC33	TTC33	full-splice_match	YES	19.96	7.81	34.42
PB.12676.8	Protein_PB.12676.8	TTC33	TTC33	novel_in_catalog	YES	25.11	36.59	46.85
PB.12676.9	Protein_PB.12676.9	TTC33	TTC33	full-splice_match	YES	11.65	24.81	20.47
PB.12677.10	Protein_PB.12677.10	PRKAA1	PRKAA1	novel_in_catalog	YES	65.15	62.99	82.02
PB.12677.5	Protein_PB.12677.5	PRKAA1	PRKAA1	full-splice_match	YES	18.3	8.39	4.94
PB.12677.6	Protein_PB.12677.6	PRKAA1	PRKAA1	novel_in_catalog	YES	43.35	31.28	54.13
PB.12679.1		RPL37	RPL37	full-splice_match	NO	4251.08	4372.91	5724.65
PB.12685.10	Protein_PB.12685.10	OXCT1	OXCT1	novel_not_in_catalog	YES	98.57	152.08	8.59
PB.12685.4	Protein_PB.12685.4	OXCT1	OXCT1	novel_not_in_catalog	YES	175.62	254.45	27.85
PB.12685.7	Protein_PB.12685.7	OXCT1	OXCT1	novel_not_in_catalog	YES	104.41	154.17	11.26
PB.12685.8	Protein_PB.12685.8	OXCT1	OXCT1	novel_in_catalog	YES	68.34	60.68	15.76
PB.12685.9	Protein_PB.12685.9	OXCT1	OXCT1	novel_in_catalog	YES	23.43	33.7	14.58
PB.12692.1	Protein_PB.12692.1	SELENOP	SELENOP	full-splice_match	YES	1277.17	1334.76	1139.65
PB.12692.2	Protein_PB.12692.2	SELENOP	SELENOP	novel_not_in_catalog	YES	26.7	21.38	19.95
PB.12692.4	Protein_PB.12692.4	SELENOP	SELENOP	novel_in_catalog	YES	26.3	17.7	26.6
PB.12692.6	Protein_PB.12692.6	SELENOP	SELENOP	novel_not_in_catalog	YES	559.44	511.1	405.75
PB.12697.1	Protein_PB.12697.1	HMGCS1	HMGCS1	full-splice_match	YES	142.08	139.52	164.3
PB.12698.1	Protein_PB.12698.1	CCL28	CCL28	full-splice_match	YES	21.8	17.9	31.16
PB.12701.2	Protein_PB.12701.2	PAIP1	PAIP1	full-splice_match	YES	765.5	817.44	618.38
PB.12701.3	Protein_PB.12701.3	PAIP1	PAIP1	full-splice_match	YES	223.83	210.09	176.31
PB.12701.4	Protein_PB.12701.4	PAIP1	PAIP1	full-splice_match	YES	46.14	48.12	31.45
PB.12709.1	Protein_PB.12709.1	EMB	EMB	full-splice_match	YES	17.97	20.52	24.98
PB.12713.1		LOC113261047	LOC113261047	novel_not_in_catalog	NO	10.24	13.74	28.62
PB.12713.10		LOC113261047	LOC113261047	novel_in_catalog	NO	19.63	14.6	9.96
PB.12713.5		LOC113261047	LOC113261047	incomplete-splice_match	NO	74.89	56.7	77.5
PB.12713.7		LOC113261047	LOC113261047	full-splice_match	NO	36.47	22.2	74.62
PB.12714.1	Protein_PB.12714.1	SYNCRIP	SYNCRIP	full-splice_match	YES	88.08	107.48	70.51
PB.12714.2	Protein_PB.12714.2	SYNCRIP	SYNCRIP	novel_in_catalog	YES	38.86	65.52	136.64
PB.12714.3	Protein_PB.12714.3	SYNCRIP	SYNCRIP	full-splice_match	YES	456.18	368.41	523.74
PB.12714.4	Protein_PB.12714.4	SYNCRIP	SYNCRIP	full-splice_match	YES	27.52	7.75	0.28
PB.12714.5	Protein_PB.12714.5	SYNCRIP	SYNCRIP	full-splice_match	YES	94.44	63.94	131.79
PB.12715.10	Protein_PB.12715.10	SNX14	SNX14	novel_not_in_catalog	YES	31.07	7.48	28.14
PB.12715.14	Protein_PB.12715.14	SNX14	SNX14	novel_in_catalog	YES	27.28	32.27	25.13
PB.12715.17	Protein_PB.12715.17	SNX14	SNX14	novel_not_in_catalog	YES	23.24	46.81	5.93
PB.12715.19	Protein_PB.12715.19	SNX14	SNX14	novel_not_in_catalog	YES	58.98	107.78	98.95
PB.12715.25	Protein_PB.12715.25	SNX14	SNX14	full-splice_match	YES	63.42	84.77	104.95
PB.12715.27	Protein_PB.12715.27	SNX14	SNX14	novel_in_catalog	YES	19.01	21.32	20.24
PB.12715.28	Protein_PB.12715.28	SNX14	SNX14	incomplete-splice_match	YES	115.85	117.19	253.36
PB.12715.3	Protein_PB.12715.3	SNX14	SNX14	novel_not_in_catalog	YES	26.61	43.94	33.13
PB.12715.5	Protein_PB.12715.5	SNX14	SNX14	novel_in_catalog	YES	77.89	84.91	98.82
PB.12715.6	Protein_PB.12715.6	SNX14	SNX14	novel_in_catalog	YES	47.99	55.85	38.49
PB.12717.2	Protein_PB.12717.2	TBX18	TBX18	incomplete-splice_match	YES	37.82	23.81	32.92
PB.12718.4	Protein_PB.12718.4	CEP162	CEP162	novel_not_in_catalog	YES	4.84	10.47	19.12
PB.12721.1	Protein_PB.12721.1	ME1	ME1	full-splice_match	YES	274.49	390.77	259.93
PB.12721.3	Protein_PB.12721.3	ME1	ME1	incomplete-splice_match	YES	128.12	286.65	128.17
PB.12721.4	Protein_PB.12721.4	ME1	ME1	incomplete-splice_match	YES	263.81	226.33	310.87
PB.12722.1	Protein_PB.12722.1	PGM3	PGM3	full-splice_match	YES	24.38	18.96	15.22
PB.12722.9	Protein_PB.12722.9	PGM3	PGM3	full-splice_match	YES	12.71	20.24	12.76
PB.12723.1	Protein_PB.12723.1	UBE3D	UBE3D	full-splice_match	YES	21.78	27.09	23.36
PB.12723.4	Protein_PB.12723.4	UBE3D	UBE3D	full-splice_match	YES	217.46	187.51	176.04
PB.12726.10	Protein_PB.12726.10	IBTK	IBTK	novel_not_in_catalog	YES	453.53	601.7	311.06
PB.12726.14	Protein_PB.12726.14	IBTK	IBTK	full-splice_match	YES	27.58	25.33	31.41
PB.12726.3	Protein_PB.12726.3	IBTK	IBTK	novel_not_in_catalog	YES	59.48	50.84	102.55
PB.12726.8	Protein_PB.12726.8	IBTK	IBTK	incomplete-splice_match	YES	321.87	345.82	242.68
PB.12726.9	Protein_PB.12726.9	IBTK	IBTK	novel_not_in_catalog	YES	243.97	248.1	147.25
PB.12727.1	Protein_PB.12727.1	TENT5A	TENT5A	full-splice_match	YES	70.03	47.21	91.74
PB.12734.1	Protein_PB.12734.1	HMGN3	HMGN3	full-splice_match	YES	176.82	221.88	215.05
PB.12736.1	Protein_PB.12736.1	PHIP	PHIP	full-splice_match	YES	180.1	140.37	153.32
PB.12736.3	Protein_PB.12736.3	PHIP	PHIP	full-splice_match	YES	283.26	305.2	409.08
PB.12738.1	Protein_PB.12738.1	LOC113261335	LOC113261335	full-splice_match	YES	141.09	156.48	155.58
PB.12738.2		LOC113261335	LOC113261335	novel_in_catalog	NO	373.4	349.5	597.75
PB.12751.2	Protein_PB.12751.2	FILIP1	FILIP1	full-splice_match	YES	1041.85	1049.12	1139.91
PB.12751.3	Protein_PB.12751.3	FILIP1	FILIP1	full-splice_match	YES	500.67	399.26	517.97
PB.12751.4	Protein_PB.12751.4	FILIP1	FILIP1	incomplete-splice_match	YES	536.54	495.79	544.13
PB.12752.10		LOC113261110	LOC113261110	full-splice_match	NO	786.38	1049.24	597.31
PB.12752.3	Protein_PB.12752.3	LOC113261110_TMEM30A	LOC113261110_TMEM30A	fusion	YES	180.11	210.18	209.38
PB.12752.4	Protein_PB.12752.4	TMEM30A	TMEM30A	novel_in_catalog	YES	72.22	42.08	30.97
PB.12752.7	Protein_PB.12752.7	TMEM30A	TMEM30A	incomplete-splice_match	YES	64.71	79.3	90.13
PB.12752.8	Protein_PB.12752.8	LOC113261110_TMEM30A	LOC113261110_TMEM30A	fusion	YES	138.1	140.18	140.79
PB.12753.1	Protein_PB.12753.1	COL12A1	COL12A1	full-splice_match	YES	324.21	126.18	130.42
PB.12753.4	Protein_PB.12753.4	COL12A1	COL12A1	novel_in_catalog	YES	491.97	241.23	469.26
PB.12754.1	Protein_PB.12754.1	SLC17A5	SLC17A5	full-splice_match	YES	43.98	36.67	46.02
PB.12755.1	Protein_PB.12755.1	EEF1A1	EEF1A1	novel_not_in_catalog	YES	6451.98	4816.71	5235.68
PB.12755.2	Protein_PB.12755.2	EEF1A1	EEF1A1	novel_not_in_catalog	YES	1334.3	969.62	883.2
PB.12755.3	Protein_PB.12755.3	EEF1A1	EEF1A1	full-splice_match	YES	1744.17	1288.12	1930.02
PB.1276.1	Protein_PB.1276.1	MDFIC	MDFIC	full-splice_match	YES	77.38	56.66	80.46
PB.12761.2	Protein_PB.12761.2	LOC113261125	LOC113261125	full-splice_match	YES	24.86	28.72	25.04
PB.12765.1	Protein_PB.12765.1	LMBRD1	LMBRD1	full-splice_match	YES	28.23	22.33	20.19
PB.12765.2	Protein_PB.12765.2	LMBRD1	LMBRD1	novel_in_catalog	YES	23.24	42.17	41.16
PB.12765.3	Protein_PB.12765.3	LMBRD1	LMBRD1	novel_not_in_catalog	YES	124.19	118.19	133.76
PB.12765.4	Protein_PB.12765.4	LMBRD1	LMBRD1	novel_in_catalog	YES	101.31	125.62	89.76
PB.12770.1	Protein_PB.12770.1	EYS	EYS	novel_in_catalog	YES	15.75	19.01	10.44
PB.12778.1	Protein_PB.12778.1	DST	DST	full-splice_match	YES	31.62	9.65	20.67
PB.12778.12	Protein_PB.12778.12	DST	DST	full-splice_match	YES	15.53	15.68	47.92
PB.12778.18	Protein_PB.12778.18	DST	DST	full-splice_match	YES	1295.68	731.15	983.78
PB.12778.24	Protein_PB.12778.24	DST	DST	novel_not_in_catalog	YES	84.09	78.34	39.04
PB.12778.27	Protein_PB.12778.27	DST	DST	full-splice_match	YES	6967.6	7057.12	6204.78
PB.12778.32	Protein_PB.12778.32	DST	DST	novel_not_in_catalog	YES	162.7	204.45	78.8
PB.12778.35	Protein_PB.12778.35	DST	DST	novel_not_in_catalog	YES	358.64	131.54	208.71
PB.12778.37	Protein_PB.12778.37	DST	DST	novel_not_in_catalog	YES	162.5	442.65	367.61
PB.12778.39	Protein_PB.12778.39	DST	DST	novel_not_in_catalog	YES	140.32	29.18	98.6
PB.12778.40	Protein_PB.12778.40	DST	DST	full-splice_match	YES	92.47	42.77	60.08
PB.12778.45	Protein_PB.12778.45	DST	DST	full-splice_match	YES	676.26	736.95	629.21
PB.12778.54	Protein_PB.12778.54	DST	DST	full-splice_match	YES	5.66	28.51	0.0
PB.12778.57	Protein_PB.12778.57	DST	DST	full-splice_match	YES	32.29	51.94	49.33
PB.12778.58	Protein_PB.12778.58	DST	DST	incomplete-splice_match	YES	504.14	422.4	515.07
PB.12778.59	Protein_PB.12778.59	DST	DST	incomplete-splice_match	YES	74.71	41.95	31.41
PB.12778.6	Protein_PB.12778.6	DST	DST	full-splice_match	YES	319.8	135.9	190.23
PB.12778.60	Protein_PB.12778.60	DST	DST	incomplete-splice_match	YES	30.67	22.97	36.39
PB.12778.61	Protein_PB.12778.61	DST	DST	incomplete-splice_match	YES	353.61	194.89	290.55
PB.12778.65	Protein_PB.12778.65	DST	DST	novel_not_in_catalog	YES	54.92	34.67	62.11
PB.12778.68	Protein_PB.12778.68	DST	DST	incomplete-splice_match	YES	85.91	24.9	64.05
PB.12778.69	Protein_PB.12778.69	DST	DST	incomplete-splice_match	YES	183.43	141.79	211.5
PB.12778.70	Protein_PB.12778.70	DST	DST	incomplete-splice_match	YES	47.94	64.55	34.93
PB.12778.73	Protein_PB.12778.73	DST	DST	incomplete-splice_match	YES	52.19	58.86	60.3
PB.12778.8	Protein_PB.12778.8	DST	DST	full-splice_match	YES	0.87	26.63	68.79
PB.12783.1	Protein_PB.12783.1	BMP5	BMP5	novel_not_in_catalog	YES	27.48	28.21	20.74
PB.12783.2	Protein_PB.12783.2	BMP5	BMP5	full-splice_match	YES	96.3	85.65	76.74
PB.12784.6	Protein_PB.12784.6	HMGCLL1	HMGCLL1	full-splice_match	YES	9.75	9.94	17.93
PB.12788.10	Protein_PB.12788.10	KLHL31	KLHL31	novel_not_in_catalog	YES	3391.93	3335.72	1629.99
PB.12788.3	Protein_PB.12788.3	KLHL31	KLHL31	full-splice_match	YES	217.97	271.85	186.98
PB.12788.4	Protein_PB.12788.4	KLHL31	KLHL31	full-splice_match	YES	2091.04	2032.12	1291.63
PB.12788.5	Protein_PB.12788.5	KLHL31	KLHL31	incomplete-splice_match	YES	268.14	324.14	260.19
PB.12788.6	Protein_PB.12788.6	KLHL31	KLHL31	incomplete-splice_match	YES	351.7	307.65	195.5
PB.12788.7	Protein_PB.12788.7	KLHL31	KLHL31	novel_not_in_catalog	YES	308.39	275.48	358.49
PB.12790.1	Protein_PB.12790.1	GCLC	GCLC	full-splice_match	YES	217.34	330.67	137.66
PB.12790.2	Protein_PB.12790.2	GCLC	GCLC	novel_in_catalog	YES	45.08	16.8	12.01
PB.12790.3	Protein_PB.12790.3	GCLC	GCLC	novel_not_in_catalog	YES	46.02	20.17	18.83
PB.12792.28	Protein_PB.12792.28	ELOVL5	ELOVL5	full-splice_match	YES	81.36	42.71	40.06
PB.12795.2	Protein_PB.12795.2	ICK	ICK	full-splice_match	YES	23.32	31.99	46.03
PB.12795.4	Protein_PB.12795.4	ICK	ICK	novel_not_in_catalog	YES	64.75	71.93	58.43
PB.12797.1	Protein_PB.12797.1	GSTA4	GSTA4	full-splice_match	YES	140.4	92.48	107.24
PB.12798.2	Protein_PB.12798.2	LOC113261185	LOC113261185	novel_not_in_catalog	YES	97.17	201.14	118.33
PB.12798.7	Protein_PB.12798.7	LOC113261185	LOC113261185	full-splice_match	YES	22.48	70.32	40.49
PB.1280.2	Protein_PB.1280.2	TES	TES	full-splice_match	YES	114.52	95.47	109.95
PB.12803.3	Protein_PB.12803.3	TRAM2	TRAM2	full-splice_match	YES	85.99	49.78	71.12
PB.12804.1	Protein_PB.12804.1	MCM3	MCM3	full-splice_match	YES	50.84	48.93	59.48
PB.1281.1	Protein_PB.1281.1	CAV2	CAV2	full-splice_match	YES	318.08	256.76	224.76
PB.1281.4	Protein_PB.1281.4	CAV2	CAV2	incomplete-splice_match	YES	9.4	6.82	17.85
PB.12823.1	Protein_PB.12823.1	MUT	MUT	full-splice_match	YES	30.82	19.32	23.36
PB.12823.10	Protein_PB.12823.10	MUT	MUT	incomplete-splice_match	YES	374.97	532.09	134.38
PB.12823.3	Protein_PB.12823.3	MUT	MUT	full-splice_match	YES	21.37	36.91	4.04
PB.12823.4	Protein_PB.12823.4	MUT	MUT	novel_not_in_catalog	YES	36.6	32.47	2.31
PB.12823.7	Protein_PB.12823.7	MUT	MUT	novel_not_in_catalog	YES	501.23	598.13	211.18
PB.12823.8	Protein_PB.12823.8	MUT	MUT	novel_not_in_catalog	YES	62.21	91.99	52.19
PB.12823.9	Protein_PB.12823.9	MUT	MUT	novel_not_in_catalog	YES	20.87	24.64	10.09
PB.1283.1	Protein_PB.1283.1	CAV1	CAV1	full-splice_match	YES	1078.37	725.63	585.77
PB.1283.10	Protein_PB.1283.10	CAV1	CAV1	incomplete-splice_match	YES	436.72	377.84	387.22
PB.1283.2	Protein_PB.1283.2	CAV1	CAV1	novel_not_in_catalog	YES	56.17	28.82	77.0
PB.1283.3		CAV1	CAV1	novel_not_in_catalog	NO	26.56	16.79	16.34
PB.1283.6	Protein_PB.1283.6	CAV1	CAV1	full-splice_match	YES	31.98	14.26	34.82
PB.12832.1	Protein_PB.12832.1	TNFRSF21	TNFRSF21	full-splice_match	YES	33.12	28.21	23.32
PB.12834.11	Protein_PB.12834.11	ADGRF5	ADGRF5	novel_in_catalog	YES	16.18	16.37	23.77
PB.12834.12	Protein_PB.12834.12	ADGRF5	ADGRF5	novel_in_catalog	YES	40.7	26.01	36.44
PB.12834.4	Protein_PB.12834.4	ADGRF5	ADGRF5	full-splice_match	YES	312.25	284.12	184.2
PB.12834.7	Protein_PB.12834.7	ADGRF5	ADGRF5	novel_in_catalog	YES	17.9	60.55	37.93
PB.12834.9	Protein_PB.12834.9	ADGRF5	ADGRF5	novel_in_catalog	YES	1110.1	936.37	762.37
PB.12835.1	Protein_PB.12835.1	PLA2G7	PLA2G7	novel_not_in_catalog	YES	14.14	24.43	22.38
PB.12835.3	Protein_PB.12835.3	PLA2G7	PLA2G7	full-splice_match	YES	0.0	16.52	30.55
PB.12836.5	Protein_PB.12836.5	LOC113261234	LOC113261234	novel_not_in_catalog	YES	16.63	16.7	8.65
PB.12837.1	Protein_PB.12837.1	RCAN2	RCAN2	novel_not_in_catalog	YES	38.76	35.92	35.05
PB.12837.2	Protein_PB.12837.2	RCAN2	RCAN2	novel_not_in_catalog	YES	464.27	772.2	508.07
PB.12837.3	Protein_PB.12837.3	RCAN2	RCAN2	full-splice_match	YES	374.02	650.76	417.1
PB.12839.1	Protein_PB.12839.1	ENPP5	ENPP5	full-splice_match	YES	259.37	455.0	139.92
PB.12839.2	Protein_PB.12839.2	ENPP5	ENPP5	novel_not_in_catalog	YES	69.17	18.55	45.99
PB.12839.6	Protein_PB.12839.6	ENPP5	ENPP5	novel_not_in_catalog	YES	5.51	77.35	8.3
PB.1284.1	Protein_PB.1284.1	MET	MET	full-splice_match	YES	46.13	43.96	69.02
PB.1284.3	Protein_PB.1284.3	MET	MET	novel_not_in_catalog	YES	275.19	307.21	283.1
PB.1284.4	Protein_PB.1284.4	MET	MET	incomplete-splice_match	YES	43.94	48.36	53.4
PB.12840.2	Protein_PB.12840.2	CLIC5	CLIC5	novel_not_in_catalog	YES	38.63	64.37	61.11
PB.12840.4	Protein_PB.12840.4	CLIC5	CLIC5	novel_not_in_catalog	YES	1902.6	1941.26	1621.19
PB.12840.5	Protein_PB.12840.5	CLIC5	CLIC5	full-splice_match	YES	2238.05	2418.5	1985.76
PB.12840.6	Protein_PB.12840.6	CLIC5	CLIC5	novel_not_in_catalog	YES	60.16	44.32	46.06
PB.12840.8	Protein_PB.12840.8	CLIC5	CLIC5	novel_not_in_catalog	YES	7.95	22.96	25.58
PB.12841.1	Protein_PB.12841.1	SUPT3H	SUPT3H	full-splice_match	YES	15.01	13.1	25.43
PB.12844.2	Protein_PB.12844.2	AARS2	AARS2	full-splice_match	YES	82.04	101.32	77.34
PB.12846.2	Protein_PB.12846.2	NFKBIE	NFKBIE	incomplete-splice_match	YES	18.16	12.64	18.21
PB.12847.1	Protein_PB.12847.1	SLC35B2	SLC35B2	full-splice_match	YES	27.37	30.36	18.97
PB.12847.3	Protein_PB.12847.3	SLC35B2	SLC35B2	full-splice_match	YES	75.21	68.11	89.67
PB.12848.1	Protein_PB.12848.1	novelGene_1457	novelGene_1457	intergenic	YES	10.66	11.1	18.57
PB.1285.1	Protein_PB.1285.1	CAPZA2	CAPZA2	novel_in_catalog	YES	1159.56	1164.39	1092.28
PB.1285.2	Protein_PB.1285.2	CAPZA2	CAPZA2	full-splice_match	YES	516.2	513.88	454.41
PB.12851.1	Protein_PB.12851.1	MRPL14	MRPL14	full-splice_match	YES	315.76	358.52	311.58
PB.12854.1	Protein_PB.12854.1	MRPS18A	MRPS18A	full-splice_match	YES	194.72	198.23	145.13
PB.12855.1	Protein_PB.12855.1	GTPBP2	GTPBP2	full-splice_match	YES	10.35	3.68	16.18
PB.12855.2	Protein_PB.12855.2	GTPBP2	GTPBP2	full-splice_match	YES	96.64	109.76	94.25
PB.12855.3	Protein_PB.12855.3	GTPBP2	GTPBP2	incomplete-splice_match	YES	23.29	19.52	49.89
PB.12856.1	Protein_PB.12856.1	XPO5	XPO5	full-splice_match	YES	48.66	23.8	60.25
PB.12856.2	Protein_PB.12856.2	XPO5	XPO5	full-splice_match	YES	87.04	103.39	76.1
PB.12857.4	Protein_PB.12857.4	YIPF3	YIPF3	full-splice_match	YES	248.97	259.92	243.76
PB.1286.7	Protein_PB.1286.7	ST7	ST7	full-splice_match	YES	13.71	38.13	40.59
PB.1286.8	Protein_PB.1286.8	ST7	ST7	novel_in_catalog	YES	8.6	23.78	30.56
PB.1286.9	Protein_PB.1286.9	ST7	ST7	novel_in_catalog	YES	20.5	10.67	4.43
PB.12860.1	Protein_PB.12860.1	ZNF318	ZNF318	full-splice_match	YES	204.87	212.55	282.38
PB.12864.1	Protein_PB.12864.1	MRPL2	MRPL2	full-splice_match	YES	220.34	268.75	170.35
PB.12865.1	Protein_PB.12865.1	CUL7	CUL7	novel_in_catalog	YES	443.34	386.61	393.88
PB.12865.3	Protein_PB.12865.3	CUL7	CUL7	novel_in_catalog	YES	28.08	11.28	45.26
PB.12866.1	Protein_PB.12866.1	MEA1	MEA1	full-splice_match	YES	158.47	182.41	185.63
PB.12867.1	Protein_PB.12867.1	PEX6	PEX6	full-splice_match	YES	236.26	228.9	214.37
PB.12869.1	Protein_PB.12869.1	TBCC	TBCC	full-splice_match	YES	73.24	66.32	83.0
PB.12872.2	Protein_PB.12872.2	MRPS10	MRPS10	novel_in_catalog	YES	86.11	98.07	90.17
PB.12872.4	Protein_PB.12872.4	MRPS10	MRPS10	novel_not_in_catalog	YES	106.81	137.27	114.86
PB.12872.5	Protein_PB.12872.5	MRPS10	MRPS10	full-splice_match	YES	251.55	251.02	128.07
PB.12872.6	Protein_PB.12872.6	MRPS10	MRPS10	novel_not_in_catalog	YES	67.24	62.42	105.82
PB.12875.3	Protein_PB.12875.3	CCND3	CCND3	full-splice_match	YES	25.27	22.09	13.68
PB.12878.1	Protein_PB.12878.1	MED20	MED20	full-splice_match	YES	58.57	63.52	61.84
PB.12882.2	Protein_PB.12882.2	FRS3	FRS3	full-splice_match	YES	44.9	62.2	55.36
PB.12884.1	Protein_PB.12884.1	TFEB	TFEB	full-splice_match	YES	294.09	296.22	275.8
PB.12884.3	Protein_PB.12884.3	TFEB	TFEB	novel_not_in_catalog	YES	35.24	30.05	54.2
PB.12892.1	Protein_PB.12892.1	OARD1	OARD1	full-splice_match	YES	127.68	112.96	77.49
PB.12892.10		OARD1	OARD1	novel_in_catalog	NO	33.09	26.74	6.99
PB.12892.13	Protein_PB.12892.13	OARD1	OARD1	incomplete-splice_match	YES	23.24	13.62	4.3
PB.12892.15	Protein_PB.12892.15	OARD1	OARD1	full-splice_match	YES	146.42	165.46	140.5
PB.12892.2	Protein_PB.12892.2	OARD1	OARD1	incomplete-splice_match	YES	2.85	7.86	17.13
PB.12899.2	Protein_PB.12899.2	NT5E	NT5E	full-splice_match	YES	99.47	51.51	49.16
PB.12899.3	Protein_PB.12899.3	NT5E	NT5E	full-splice_match	YES	308.82	182.89	255.24
PB.1290.1	Protein_PB.1290.1	LSM8	LSM8	full-splice_match	YES	114.61	126.2	114.92
PB.12904.1	Protein_PB.12904.1	LOC113261057	LOC113261057	full-splice_match	YES	27.33	20.54	11.39
PB.12909.1	Protein_PB.12909.1	RWDD2A	RWDD2A	full-splice_match	YES	17.54	21.69	14.87
PB.12911.3	Protein_PB.12911.3	DOP1A	DOP1A	full-splice_match	YES	48.63	18.59	26.18
PB.12911.4	Protein_PB.12911.4	DOP1A	DOP1A	full-splice_match	YES	25.27	27.01	29.72
PB.12911.5	Protein_PB.12911.5	DOP1A	DOP1A	novel_not_in_catalog	YES	112.05	120.16	104.67
PB.12918.2		LOC113261074	LOC113261074	novel_in_catalog	NO	72.49	83.12	41.04
PB.12922.11	Protein_PB.12922.11	BCKDHB	BCKDHB	full-splice_match	YES	241.56	303.52	73.28
PB.12922.5	Protein_PB.12922.5	BCKDHB	BCKDHB	novel_in_catalog	YES	32.17	39.5	35.18
PB.12922.6	Protein_PB.12922.6	BCKDHB	BCKDHB	novel_not_in_catalog	YES	13.78	19.49	12.47
PB.12926.2	Protein_PB.12926.2	SH3BGRL2	SH3BGRL2	incomplete-splice_match	YES	19.52	9.81	21.91
PB.12931.1	Protein_PB.12931.1	IRAK1BP1	IRAK1BP1	full-splice_match	YES	61.35	65.94	56.73
PB.12942.16	Protein_PB.12942.16	MYO6	MYO6	novel_not_in_catalog	YES	36.14	32.05	25.97
PB.12942.2	Protein_PB.12942.2	MYO6	MYO6	incomplete-splice_match	YES	17.59	7.34	13.4
PB.12942.8	Protein_PB.12942.8	MYO6	MYO6	full-splice_match	YES	42.73	35.99	47.16
PB.12942.9	Protein_PB.12942.9	MYO6	MYO6	full-splice_match	YES	30.87	29.63	14.89
PB.12944.1	Protein_PB.12944.1	SENP6	SENP6	full-splice_match	YES	100.7	98.41	94.77
PB.12944.2	Protein_PB.12944.2	SENP6	SENP6	full-splice_match	YES	196.89	176.89	248.84
PB.12944.3	Protein_PB.12944.3	SENP6	SENP6	full-splice_match	YES	37.11	36.75	18.81
PB.12944.5	Protein_PB.12944.5	SENP6	SENP6	full-splice_match	YES	24.91	20.85	35.46
PB.12944.7	Protein_PB.12944.7	SENP6	SENP6	full-splice_match	YES	35.94	37.15	10.36
PB.12944.9	Protein_PB.12944.9	SENP6	SENP6	full-splice_match	YES	34.55	42.52	52.2
PB.12947.1	Protein_PB.12947.1	CD109	CD109	full-splice_match	YES	30.6	7.5	25.14
PB.12947.2	Protein_PB.12947.2	CD109	CD109	full-splice_match	YES	170.73	65.92	190.96
PB.12949.1	Protein_PB.12949.1	MTO1	MTO1	full-splice_match	YES	52.17	70.86	29.19
PB.12949.3	Protein_PB.12949.3	MTO1	MTO1	full-splice_match	YES	8.17	8.42	18.4
PB.12949.5	Protein_PB.12949.5	MTO1	MTO1	novel_not_in_catalog	YES	301.97	401.82	201.22
PB.12954.1	Protein_PB.12954.1	KCNQ5	KCNQ5	full-splice_match	YES	98.45	72.66	168.11
PB.12954.2	Protein_PB.12954.2	KCNQ5	KCNQ5	novel_not_in_catalog	YES	19.29	13.82	41.25
PB.12959.1	Protein_PB.12959.1	OGFRL1	OGFRL1	full-splice_match	YES	22.39	26.63	28.83
PB.12959.3	Protein_PB.12959.3	OGFRL1	OGFRL1	full-splice_match	YES	69.05	67.51	96.26
PB.1296.4	Protein_PB.1296.4	ING3	ING3	full-splice_match	YES	63.38	60.98	50.85
PB.12961.1	Protein_PB.12961.1	SMAP1	SMAP1	full-splice_match	YES	21.97	19.38	21.51
PB.12961.3	Protein_PB.12961.3	SMAP1	SMAP1	full-splice_match	YES	75.49	71.4	52.95
PB.12964.1	Protein_PB.12964.1	SDHAF4	SDHAF4	full-splice_match	YES	20.98	17.54	12.93
PB.12964.2	Protein_PB.12964.2	SDHAF4	SDHAF4	full-splice_match	YES	113.72	146.28	140.67
PB.12965.12	Protein_PB.12965.12	FAM135A	FAM135A	full-splice_match	YES	42.27	41.69	27.44
PB.12965.4	Protein_PB.12965.4	FAM135A	FAM135A	novel_in_catalog	YES	13.88	9.23	38.99
PB.12965.5	Protein_PB.12965.5	FAM135A	FAM135A	novel_in_catalog	YES	43.53	56.09	55.35
PB.12965.8	Protein_PB.12965.8	FAM135A	FAM135A	full-splice_match	YES	23.18	25.29	18.01
PB.1297.1	Protein_PB.1297.1	CPED1	CPED1	incomplete-splice_match	YES	26.88	27.28	38.54
PB.1297.11	Protein_PB.1297.11	CPED1	CPED1	novel_in_catalog	YES	19.89	37.02	17.16
PB.1297.13	Protein_PB.1297.13	CPED1	CPED1	novel_not_in_catalog	YES	16.86	37.59	31.25
PB.1297.3	Protein_PB.1297.3	CPED1	CPED1	full-splice_match	YES	81.61	123.75	88.64
PB.1297.4	Protein_PB.1297.4	CPED1	CPED1	full-splice_match	YES	334.95	298.62	297.59
PB.1297.6	Protein_PB.1297.6	CPED1	CPED1	novel_not_in_catalog	YES	52.49	24.26	32.91
PB.1297.7	Protein_PB.1297.7	CPED1	CPED1	novel_not_in_catalog	YES	128.27	120.3	71.79
PB.1297.9	Protein_PB.1297.9	CPED1	CPED1	incomplete-splice_match	YES	22.17	9.85	12.24
PB.12979.11	Protein_PB.12979.11	PHF3	PHF3	incomplete-splice_match	YES	14.48	21.2	21.39
PB.12979.2	Protein_PB.12979.2	PHF3	PHF3	full-splice_match	YES	188.99	335.37	291.98
PB.12979.4	Protein_PB.12979.4	PHF3	PHF3	full-splice_match	YES	635.72	625.79	548.25
PB.12979.5	Protein_PB.12979.5	PHF3	PHF3	full-splice_match	YES	63.14	92.3	58.51
PB.12979.6	Protein_PB.12979.6	PHF3	PHF3	incomplete-splice_match	YES	71.68	96.06	77.88
PB.12979.8	Protein_PB.12979.8	PHF3	PHF3	incomplete-splice_match	YES	57.62	20.27	16.16
PB.12979.9	Protein_PB.12979.9	PHF3	PHF3	incomplete-splice_match	YES	28.27	35.94	47.23
PB.12980.1	Protein_PB.12980.1	PTP4A1	PTP4A1	full-splice_match	YES	35.19	32.59	36.87
PB.12980.2	Protein_PB.12980.2	PTP4A1	PTP4A1	full-splice_match	YES	16.61	21.74	30.28
PB.12980.6	Protein_PB.12980.6	PTP4A1	PTP4A1	novel_not_in_catalog	YES	239.55	252.16	295.21
PB.12980.7		PTP4A1	PTP4A1	novel_not_in_catalog	NO	32.92	19.41	26.44
PB.12983.2	Protein_PB.12983.2	PRIM2	PRIM2	full-splice_match	YES	40.92	49.27	32.55
PB.12986.1	Protein_PB.12986.1	RAB23	RAB23	full-splice_match	YES	45.61	24.81	27.49
PB.12986.2	Protein_PB.12986.2	BAG2_RAB23	BAG2_RAB23	fusion	YES	25.06	33.67	26.48
PB.12986.3	Protein_PB.12986.3	BAG2	BAG2	full-splice_match	YES	286.31	422.16	225.24
PB.12986.4	Protein_PB.12986.4	BAG2	BAG2	full-splice_match	YES	35.14	55.38	25.42
PB.12987.1	Protein_PB.12987.1	ZNF451	ZNF451	full-splice_match	YES	174.67	180.97	200.64
PB.12987.2	Protein_PB.12987.2	ZNF451	ZNF451	full-splice_match	YES	94.38	82.44	90.22
PB.12988.1	Protein_PB.12988.1	KIAA1586	KIAA1586	novel_not_in_catalog	YES	13.09	19.4	17.95
PB.12988.2	Protein_PB.12988.2	KIAA1586	KIAA1586	full-splice_match	YES	33.4	32.35	29.64
PB.13000.10	Protein_PB.13000.10	MLIP	MLIP	novel_not_in_catalog	YES	11.96	6.2	39.52
PB.13000.11	Protein_PB.13000.11	MLIP	MLIP	novel_not_in_catalog	YES	35.6	44.76	30.4
PB.13000.12	Protein_PB.13000.12	MLIP	MLIP	novel_not_in_catalog	YES	0.0	18.82	32.75
PB.13000.14	Protein_PB.13000.14	MLIP	MLIP	novel_not_in_catalog	YES	19.46	16.18	14.15
PB.13000.16	Protein_PB.13000.16	MLIP	MLIP	novel_not_in_catalog	YES	27.8	28.92	64.59
PB.13000.17	Protein_PB.13000.17	MLIP	MLIP	incomplete-splice_match	YES	8.11	13.08	19.19
PB.13000.2	Protein_PB.13000.2	MLIP	MLIP	novel_not_in_catalog	YES	30.17	17.68	17.25
PB.13000.6	Protein_PB.13000.6	MLIP	MLIP	novel_not_in_catalog	YES	10.79	24.84	9.2
PB.13001.1	Protein_PB.13001.1	LRRC1	LRRC1	full-splice_match	YES	16.83	13.05	18.79
PB.13005.1	Protein_PB.13005.1	FBXO9	FBXO9	full-splice_match	YES	143.42	122.95	186.8
PB.13005.13	Protein_PB.13005.13	FBXO9	FBXO9	novel_in_catalog	YES	22.83	24.33	18.66
PB.13005.14	Protein_PB.13005.14	FBXO9	FBXO9	full-splice_match	YES	16.94	15.29	29.27
PB.13005.4	Protein_PB.13005.4	FBXO9	FBXO9	novel_not_in_catalog	YES	79.53	88.38	110.42
PB.13005.7	Protein_PB.13005.7	FBXO9	FBXO9	novel_not_in_catalog	YES	79.14	77.44	36.95
PB.13005.8	Protein_PB.13005.8	FBXO9	FBXO9	full-splice_match	YES	4.21	5.06	19.09
PB.13008.1	Protein_PB.13008.1	EFHC1	EFHC1	full-splice_match	YES	11.6	18.46	2.47
PB.13009.1	Protein_PB.13009.1	PAQR8	PAQR8	full-splice_match	YES	28.15	18.2	27.96
PB.13018.3	Protein_PB.13018.3	CENPQ	CENPQ	full-splice_match	YES	22.98	18.58	13.0
PB.13024.1	Protein_PB.13024.1	CD2AP	CD2AP	full-splice_match	YES	139.52	108.38	121.97
PB.1303.1	Protein_PB.1303.1	ASB15	ASB15	novel_not_in_catalog	YES	65.84	47.64	77.98
PB.1303.2	Protein_PB.1303.2	ASB15	ASB15	novel_not_in_catalog	YES	75.4	48.25	130.61
PB.1303.3	Protein_PB.1303.3	ASB15	ASB15	novel_not_in_catalog	YES	2.04	8.16	34.46
PB.1303.4	Protein_PB.1303.4	ASB15	ASB15	novel_not_in_catalog	YES	56.55	49.73	28.8
PB.1303.6	Protein_PB.1303.6	ASB15	ASB15	full-splice_match	YES	80.75	72.52	92.15
PB.13031.2	Protein_PB.13031.2	ENPP4	ENPP4	full-splice_match	YES	371.24	375.57	407.04
PB.13031.5	Protein_PB.13031.5	ENPP4	ENPP4	novel_in_catalog	YES	32.8	25.72	24.84
PB.13034.1	Protein_PB.13034.1	CDC5L	CDC5L	full-splice_match	YES	167.52	180.33	170.43
PB.13034.3	Protein_PB.13034.3	CDC5L	CDC5L	incomplete-splice_match	YES	270.84	289.03	289.17
PB.13034.4	Protein_PB.13034.4	CDC5L	CDC5L	incomplete-splice_match	YES	8.99	18.67	8.94
PB.13036.1	Protein_PB.13036.1	TMEM151B	TMEM151B	full-splice_match	YES	22.78	17.56	20.95
PB.13037.1	Protein_PB.13037.1	HSP90AB1	HSP90AB1	full-splice_match	YES	9742.39	9887.26	11662.29
PB.13037.2	Protein_PB.13037.2	HSP90AB1	HSP90AB1	novel_in_catalog	YES	6.98	14.86	18.31
PB.13037.4	Protein_PB.13037.4	HSP90AB1	HSP90AB1	novel_not_in_catalog	YES	94.32	64.77	39.84
PB.13037.5	Protein_PB.13037.5	HSP90AB1	HSP90AB1	novel_not_in_catalog	YES	17.82	12.31	13.47
PB.13037.6	Protein_PB.13037.6	HSP90AB1	HSP90AB1	novel_not_in_catalog	YES	70.47	56.13	137.98
PB.13037.7	Protein_PB.13037.7	HSP90AB1	HSP90AB1	incomplete-splice_match	YES	452.89	541.46	579.92
PB.13038.1	Protein_PB.13038.1	SLC29A1	SLC29A1	novel_not_in_catalog	YES	36.3	73.68	70.21
PB.13038.19	Protein_PB.13038.19	SLC29A1	SLC29A1	novel_in_catalog	YES	93.96	89.97	74.13
PB.13038.21	Protein_PB.13038.21	SLC29A1	SLC29A1	full-splice_match	YES	57.84	35.99	19.67
PB.13038.38	Protein_PB.13038.38	SLC29A1	SLC29A1	full-splice_match	YES	50.81	21.17	18.48
PB.13038.50	Protein_PB.13038.50	SLC29A1	SLC29A1	novel_not_in_catalog	YES	18.17	19.03	18.37
PB.13038.61	Protein_PB.13038.61	SLC29A1	SLC29A1	novel_not_in_catalog	YES	59.93	74.81	58.22
PB.13038.9	Protein_PB.13038.9	SLC29A1	SLC29A1	full-splice_match	YES	837.07	653.76	543.7
PB.1304.1		novelGene_204	novelGene_204	intergenic	NO	26.77	42.39	80.75
PB.13041.11	Protein_PB.13041.11	TMEM63B	TMEM63B	novel_not_in_catalog	YES	19.27	5.77	8.66
PB.13041.3	Protein_PB.13041.3	TMEM63B	TMEM63B	full-splice_match	YES	24.53	17.36	60.93
PB.13041.5	Protein_PB.13041.5	TMEM63B	TMEM63B	full-splice_match	YES	22.86	63.14	24.51
PB.13041.8	Protein_PB.13041.8	TMEM63B	TMEM63B	novel_in_catalog	YES	40.06	29.56	9.97
PB.13044.1	Protein_PB.13044.1	VEGFA	VEGFA	full-splice_match	YES	679.61	497.07	617.38
PB.13046.3	Protein_PB.13046.3	MAD2L1BP	MAD2L1BP	full-splice_match	YES	40.17	35.5	47.71
PB.13047.4	Protein_PB.13047.4	POLH	POLH	full-splice_match	YES	13.71	26.89	45.96
PB.13048.1	Protein_PB.13048.1	POLR1C	POLR1C	full-splice_match	YES	24.54	23.49	20.5
PB.13048.2	Protein_PB.13048.2	POLR1C	POLR1C	full-splice_match	YES	67.83	72.94	57.76
PB.13049.10	Protein_PB.13049.10	TJAP1	TJAP1	novel_in_catalog	YES	19.14	17.16	17.5
PB.13049.12	Protein_PB.13049.12	TJAP1	TJAP1	novel_not_in_catalog	YES	22.67	13.04	13.32
PB.1305.1	Protein_PB.1305.1	LMOD2	LMOD2	full-splice_match	YES	41.57	54.62	72.16
PB.1305.2	Protein_PB.1305.2	LMOD2	LMOD2	novel_not_in_catalog	YES	9768.2	12941.11	11295.17
PB.1305.3	Protein_PB.1305.3	LMOD2	LMOD2	novel_not_in_catalog	YES	792.76	857.95	495.79
PB.13053.1	Protein_PB.13053.1	CUL9	CUL9	full-splice_match	YES	40.72	42.02	75.51
PB.13054.1	Protein_PB.13054.1	SRF	SRF	full-splice_match	YES	674.23	634.6	696.42
PB.13055.1	Protein_PB.13055.1	PTK7	PTK7	full-splice_match	YES	26.09	16.74	19.95
PB.13056.2	Protein_PB.13056.2	KLC4	KLC4	full-splice_match	YES	29.31	27.06	2.96
PB.13056.3	Protein_PB.13056.3	KLC4	KLC4	full-splice_match	YES	93.87	119.07	83.14
PB.13056.4	Protein_PB.13056.4	KLC4	KLC4	novel_in_catalog	YES	39.68	32.59	57.19
PB.13057.1	Protein_PB.13057.1	KLHDC3	KLHDC3	novel_not_in_catalog	YES	54.79	32.72	57.73
PB.13057.11	Protein_PB.13057.11	KLHDC3	KLHDC3	novel_not_in_catalog	YES	110.76	144.8	71.51
PB.13057.12	Protein_PB.13057.12	KLHDC3	KLHDC3	novel_not_in_catalog	YES	803.75	783.63	446.84
PB.13057.2	Protein_PB.13057.2	KLHDC3	KLHDC3	full-splice_match	YES	112.2	115.98	99.63
PB.13057.3	Protein_PB.13057.3	KLHDC3	KLHDC3	novel_not_in_catalog	YES	15.23	24.96	18.22
PB.13057.6	Protein_PB.13057.6	KLHDC3	KLHDC3	novel_in_catalog	YES	20.34	19.47	25.96
PB.13057.7	Protein_PB.13057.7	KLHDC3	KLHDC3	novel_in_catalog	YES	441.97	400.11	275.03
PB.13057.8	Protein_PB.13057.8	KLHDC3	KLHDC3	full-splice_match	YES	284.18	308.91	241.94
PB.13058.1	Protein_PB.13058.1	PPP2R5D	PPP2R5D	full-splice_match	YES	241.6	258.37	267.79
PB.13061.1	Protein_PB.13061.1	CNPY3	CNPY3	full-splice_match	YES	32.0	45.42	25.39
PB.13063.1	Protein_PB.13063.1	RPL7L1	RPL7L1	full-splice_match	YES	92.21	51.55	75.92
PB.13063.2	Protein_PB.13063.2	RPL7L1	RPL7L1	full-splice_match	YES	122.85	136.03	115.01
PB.13063.3	Protein_PB.13063.3	RPL7L1	RPL7L1	full-splice_match	YES	9.54	22.29	14.97
PB.13063.4	Protein_PB.13063.4	RPL7L1	RPL7L1	novel_in_catalog	YES	16.48	31.35	4.61
PB.13063.7	Protein_PB.13063.7	RPL7L1	RPL7L1	novel_in_catalog	YES	8.65	12.17	31.91
PB.13064.1	Protein_PB.13064.1	BICRAL	BICRAL	novel_not_in_catalog	YES	19.88	3.96	7.27
PB.13064.4	Protein_PB.13064.4	BICRAL	BICRAL	full-splice_match	YES	19.8	24.1	51.82
PB.13066.1	Protein_PB.13066.1	UBR2	UBR2	full-splice_match	YES	371.14	617.17	437.1
PB.13066.2	Protein_PB.13066.2	UBR2	UBR2	full-splice_match	YES	560.33	521.75	382.03
PB.13066.3	Protein_PB.13066.3	UBR2	UBR2	full-splice_match	YES	123.93	53.29	55.8
PB.13066.4	Protein_PB.13066.4	UBR2	UBR2	full-splice_match	YES	267.56	244.3	183.86
PB.13066.5	Protein_PB.13066.5	UBR2	UBR2	novel_in_catalog	YES	5.46	35.58	24.06
PB.13066.7	Protein_PB.13066.7	UBR2	UBR2	full-splice_match	YES	34.93	28.22	15.82
PB.13070.3	Protein_PB.13070.3	TAF8	TAF8	full-splice_match	YES	17.22	10.08	12.79
PB.13071.1	Protein_PB.13071.1	BYSL	BYSL	full-splice_match	YES	77.92	67.6	79.85
PB.13072.1	Protein_PB.13072.1	TOMM6	TOMM6	full-splice_match	YES	1030.61	1178.43	811.21
PB.13072.3	Protein_PB.13072.3	PRICKLE4_TOMM6	PRICKLE4_TOMM6	fusion	YES	27.86	18.99	47.04
PB.13077.2	Protein_PB.13077.2	NFYA	NFYA	full-splice_match	YES	8.15	17.52	6.11
PB.13078.1	Protein_PB.13078.1	APOBEC2	APOBEC2	full-splice_match	YES	3701.97	3707.98	4442.31
PB.13144.1	Protein_PB.13144.1	ZNF672	ZNF672	full-splice_match	YES	466.2	415.21	255.35
PB.13144.10	Protein_PB.13144.10	ZNF672	ZNF672	novel_not_in_catalog	YES	23.22	24.35	38.22
PB.13144.12	Protein_PB.13144.12	ZNF672	ZNF672	incomplete-splice_match	YES	36.07	16.72	38.39
PB.13144.4	Protein_PB.13144.4	ZNF672	ZNF672	full-splice_match	YES	473.16	576.39	817.13
PB.13144.5	Protein_PB.13144.5	ZNF672	ZNF672	novel_not_in_catalog	YES	32.79	30.09	49.64
PB.13144.9	Protein_PB.13144.9	ZNF672	ZNF672	novel_in_catalog	YES	2.11	2.91	38.73
PB.13151.1	Protein_PB.13151.1	BTNL9	BTNL9	full-splice_match	YES	86.27	52.37	22.72
PB.13151.2	Protein_PB.13151.2	BTNL9	BTNL9	incomplete-splice_match	YES	30.98	17.92	17.06
PB.13157.9	Protein_PB.13157.9	TRIM41	TRIM41	incomplete-splice_match	YES	183.25	179.04	207.99
PB.13161.1	Protein_PB.13161.1	LOC113261536	LOC113261536	full-splice_match	YES	724.29	1062.27	1131.67
PB.13164.1	Protein_PB.13164.1	LOC113261539	LOC113261539	novel_in_catalog	YES	69.49	207.2	198.27
PB.13164.10	Protein_PB.13164.10	LOC113261539	LOC113261539	novel_not_in_catalog	YES	14.41	19.46	47.67
PB.13164.2	Protein_PB.13164.2	LOC113261539	LOC113261539	novel_in_catalog	YES	22.21	17.99	35.16
PB.13164.3	Protein_PB.13164.3	LOC113261539	LOC113261539	novel_not_in_catalog	YES	145.71	469.11	223.69
PB.13164.5	Protein_PB.13164.5	LOC113261539	LOC113261539	novel_not_in_catalog	YES	37.52	72.18	103.28
PB.13164.6	Protein_PB.13164.6	LOC113261539	LOC113261539	full-splice_match	YES	21.85	27.96	27.9
PB.13170.1	Protein_PB.13170.1	FLT4	FLT4	full-splice_match	YES	70.29	36.39	51.13
PB.13173.5	Protein_PB.13173.5	GFPT2	GFPT2	full-splice_match	YES	120.54	70.24	113.34
PB.13174.1	Protein_PB.13174.1	MAPK9	MAPK9	novel_not_in_catalog	YES	166.24	151.61	186.15
PB.13174.2	Protein_PB.13174.2	MAPK9	MAPK9	full-splice_match	YES	57.98	54.4	63.06
PB.13174.3	Protein_PB.13174.3	MAPK9	MAPK9	full-splice_match	YES	33.03	34.9	34.27
PB.13174.4	Protein_PB.13174.4	MAPK9	MAPK9	full-splice_match	YES	42.58	92.12	44.25
PB.13174.5	Protein_PB.13174.5	MAPK9	MAPK9	novel_not_in_catalog	YES	31.81	30.36	45.06
PB.13176.1	Protein_PB.13176.1	RNF130	RNF130	full-splice_match	YES	493.6	538.73	567.71
PB.13178.1	Protein_PB.13178.1	TBC1D9B	TBC1D9B	full-splice_match	YES	304.14	253.62	263.17
PB.13180.1	Protein_PB.13180.1	MGAT4B	MGAT4B	full-splice_match	YES	129.37	102.67	102.75
PB.13182.5		LOC113261559	LOC113261559	full-splice_match	NO	13.15	19.35	15.22
PB.13183.11	Protein_PB.13183.11	HNRNPH1	HNRNPH1	novel_in_catalog	YES	7.72	22.04	12.44
PB.13183.24	Protein_PB.13183.24	HNRNPH1	HNRNPH1	full-splice_match	YES	658.39	686.41	622.89
PB.13183.28	Protein_PB.13183.28	HNRNPH1	HNRNPH1	novel_in_catalog	YES	13.08	24.19	26.17
PB.13183.29	Protein_PB.13183.29	HNRNPH1	HNRNPH1	full-splice_match	YES	21.64	14.68	28.68
PB.13183.3	Protein_PB.13183.3	HNRNPH1	HNRNPH1	full-splice_match	YES	170.01	156.8	173.68
PB.13183.33	Protein_PB.13183.33	HNRNPH1	HNRNPH1	full-splice_match	YES	108.28	111.23	44.14
PB.13183.4	Protein_PB.13183.4	HNRNPH1	HNRNPH1	full-splice_match	YES	35.17	24.03	16.58
PB.13183.40	Protein_PB.13183.40	LOC113261564_HNRNPH1	LOC113261564_HNRNPH1	fusion	YES	7.71	5.13	17.19
PB.13183.42	Protein_PB.13183.42	HNRNPH1	HNRNPH1	novel_in_catalog	YES	26.76	9.5	16.15
PB.13183.48	Protein_PB.13183.48	HNRNPH1	HNRNPH1	novel_in_catalog	YES	96.82	58.19	86.91
PB.13184.1	Protein_PB.13184.1	ADAMTS2	ADAMTS2	full-splice_match	YES	164.46	36.48	42.5
PB.1319.1	Protein_PB.1319.1	novelGene_207	novelGene_207	intergenic	YES	45.33	54.09	56.88
PB.1319.2	Protein_PB.1319.2	novelGene_208	novelGene_208	intergenic	YES	133.09	131.07	134.19
PB.13191.1	Protein_PB.13191.1	LOC113261567	LOC113261567	full-splice_match	YES	85.68	77.75	76.65
PB.13192.26	Protein_PB.13192.26	CLK4	CLK4	full-splice_match	YES	54.07	40.93	36.81
PB.13192.33	Protein_PB.13192.33	CLK4	CLK4	novel_not_in_catalog	YES	8.98	20.41	17.99
PB.13192.35	Protein_PB.13192.35	CLK4	CLK4	novel_not_in_catalog	YES	18.22	11.71	15.67
PB.13192.6	Protein_PB.13192.6	CLK4	CLK4	novel_in_catalog	YES	21.36	21.51	25.05
PB.13194.8	Protein_PB.13194.8	PHYKPL	PHYKPL	novel_not_in_catalog	YES	34.99	23.75	33.59
PB.13195.2	Protein_PB.13195.2	NHP2	NHP2	full-splice_match	YES	133.49	135.62	131.52
PB.13198.1	Protein_PB.13198.1	YTHDC2	YTHDC2	full-splice_match	YES	97.74	78.33	107.23
PB.13198.2	Protein_PB.13198.2	YTHDC2	YTHDC2	full-splice_match	YES	134.29	138.32	120.47
PB.13198.5	Protein_PB.13198.5	YTHDC2	YTHDC2	incomplete-splice_match	YES	39.97	60.04	59.3
PB.1320.1	Protein_PB.1320.1	ARF5	ARF5	full-splice_match	YES	173.05	199.66	150.95
PB.13209.1	Protein_PB.13209.1	AP3S1	AP3S1	full-splice_match	YES	28.35	18.28	24.35
PB.13210.1	Protein_PB.13210.1	LVRN	LVRN	full-splice_match	YES	34.72	36.68	29.63
PB.13213.1	Protein_PB.13213.1	COMMD10	COMMD10	novel_not_in_catalog	YES	30.69	47.95	29.68
PB.13213.3	Protein_PB.13213.3	COMMD10	COMMD10	novel_not_in_catalog	YES	71.28	78.27	55.36
PB.13213.4	Protein_PB.13213.4	COMMD10	COMMD10	novel_not_in_catalog	YES	20.86	13.02	24.05
PB.13213.6	Protein_PB.13213.6	COMMD10	COMMD10	novel_not_in_catalog	YES	10.49	9.9	20.43
PB.13218.1	Protein_PB.13218.1	DMXL1	DMXL1	full-splice_match	YES	942.61	985.37	951.89
PB.13218.2	Protein_PB.13218.2	DMXL1	DMXL1	full-splice_match	YES	102.82	167.86	135.87
PB.13218.5	Protein_PB.13218.5	DMXL1	DMXL1	novel_not_in_catalog	YES	95.93	103.97	102.6
PB.1322.1	Protein_PB.1322.1	SND1	SND1	novel_in_catalog	YES	34.64	64.99	26.43
PB.1322.11	Protein_PB.1322.11	SND1	SND1	incomplete-splice_match	YES	170.34	152.06	143.3
PB.1322.4	Protein_PB.1322.4	SND1	SND1	novel_in_catalog	YES	57.2	50.3	28.91
PB.1322.6	Protein_PB.1322.6	SND1	SND1	novel_in_catalog	YES	103.69	71.87	59.6
PB.1322.8	Protein_PB.1322.8	SND1	SND1	novel_in_catalog	YES	43.09	47.24	82.96
PB.13222.2	Protein_PB.13222.2	HSD17B4	HSD17B4	novel_in_catalog	YES	49.35	42.08	35.48
PB.13222.3	Protein_PB.13222.3	HSD17B4	HSD17B4	full-splice_match	YES	169.18	154.92	118.07
PB.13222.4	Protein_PB.13222.4	HSD17B4	HSD17B4	novel_in_catalog	YES	23.25	46.84	36.76
PB.13222.7	Protein_PB.13222.7	HSD17B4	HSD17B4	incomplete-splice_match	YES	215.21	216.74	209.37
PB.13233.2	Protein_PB.13233.2	SRFBP1	SRFBP1	full-splice_match	YES	88.75	97.84	89.14
PB.13237.2	Protein_PB.13237.2	SNCAIP	SNCAIP	full-splice_match	YES	27.77	6.1	11.71
PB.13237.4	Protein_PB.13237.4	SNCAIP	SNCAIP	novel_not_in_catalog	YES	10.97	11.65	17.41
PB.13239.1	Protein_PB.13239.1	SNX2	SNX2	novel_not_in_catalog	YES	95.12	89.68	104.25
PB.13239.3	Protein_PB.13239.3	SNX2	SNX2	full-splice_match	YES	11.41	10.94	17.81
PB.13239.5	Protein_PB.13239.5	SNX2	SNX2	novel_not_in_catalog	YES	233.26	223.44	226.92
PB.13240.1	Protein_PB.13240.1	SNX24	SNX24	full-splice_match	YES	51.37	46.1	62.75
PB.13242.1	Protein_PB.13242.1	CSNK1G3	CSNK1G3	full-splice_match	YES	21.47	27.45	47.49
PB.13242.2	Protein_PB.13242.2	CSNK1G3	CSNK1G3	full-splice_match	YES	34.04	23.23	9.56
PB.13246.3	Protein_PB.13246.3	GRAMD2B	GRAMD2B	full-splice_match	YES	231.63	273.28	264.27
PB.13246.4	Protein_PB.13246.4	GRAMD2B	GRAMD2B	incomplete-splice_match	YES	205.4	370.4	263.69
PB.13247.1	Protein_PB.13247.1	PHAX	PHAX	full-splice_match	YES	183.54	177.6	186.59
PB.13249.1	Protein_PB.13249.1	LMNB1	LMNB1	full-splice_match	YES	27.51	22.29	23.76
PB.1325.1	Protein_PB.1325.1	HILPDA	HILPDA	incomplete-splice_match	YES	32.74	32.29	42.32
PB.13250.1	Protein_PB.13250.1	MEGF10	MEGF10	novel_not_in_catalog	YES	12.4	9.48	27.55
PB.13250.3	Protein_PB.13250.3	MEGF10	MEGF10	novel_not_in_catalog	YES	157.58	137.5	86.28
PB.13250.4	Protein_PB.13250.4	MEGF10	MEGF10	novel_not_in_catalog	YES	103.89	149.31	65.22
PB.13250.5	Protein_PB.13250.5	MEGF10	MEGF10	novel_not_in_catalog	YES	26.58	63.5	30.76
PB.13252.3	Protein_PB.13252.3	PRRC1	PRRC1	full-splice_match	YES	130.03	105.63	144.45
PB.13252.4	Protein_PB.13252.4	PRRC1	PRRC1	novel_not_in_catalog	YES	24.21	19.83	6.46
PB.13253.2		CTXN3	CTXN3	novel_not_in_catalog	NO	25.6	29.72	20.19
PB.13255.1	Protein_PB.13255.1	SLC12A2	SLC12A2	full-splice_match	YES	409.12	420.88	339.31
PB.13257.6	Protein_PB.13257.6	ISOC1	ISOC1	full-splice_match	YES	114.28	140.88	120.93
PB.13257.9	Protein_PB.13257.9	ADAMTS19	ADAMTS19	full-splice_match	YES	49.58	57.12	78.85
PB.13261.3		LYRM7	LYRM7	novel_in_catalog	NO	19.04	27.34	13.34
PB.13261.4	Protein_PB.13261.4	LYRM7	LYRM7	full-splice_match	YES	27.38	30.3	24.44
PB.13261.8		LYRM7	LYRM7	novel_not_in_catalog	NO	30.1	20.52	40.37
PB.13263.18		CDC42SE2	CDC42SE2	novel_not_in_catalog	NO	24.32	24.61	23.61
PB.13263.7		CDC42SE2	CDC42SE2	full-splice_match	NO	6.48	17.23	32.67
PB.13267.2	Protein_PB.13267.2	PDLIM4	PDLIM4	full-splice_match	YES	27.89	16.69	21.81
PB.13268.7	Protein_PB.13268.7	LOC113261708	LOC113261708	full-splice_match	YES	41.19	39.18	26.88
PB.13269.6	Protein_PB.13269.6	LOC113261710	LOC113261710	novel_not_in_catalog	YES	25.49	30.18	21.1
PB.13269.9	Protein_PB.13269.9	LOC113261710	LOC113261710	novel_not_in_catalog	YES	14.88	5.63	17.36
PB.13270.1	Protein_PB.13270.1	novelGene_1503	novelGene_1503	intergenic	YES	63.78	65.47	98.68
PB.13272.4	Protein_PB.13272.4	RAD50	RAD50	incomplete-splice_match	YES	24.28	14.21	15.61
PB.13272.5	Protein_PB.13272.5	RAD50	RAD50	full-splice_match	YES	209.65	194.26	233.6
PB.13278.1	Protein_PB.13278.1	LEAP2_LOC113261724	LEAP2_LOC113261724	fusion	YES	73.15	70.8	71.39
PB.13278.15		LEAP2	LEAP2	full-splice_match	NO	56.53	54.26	48.57
PB.13278.16	Protein_PB.13278.16	LEAP2	LEAP2	incomplete-splice_match	YES	15.51	14.11	17.54
PB.13278.2		LOC113261724	LOC113261724	incomplete-splice_match	NO	210.11	242.19	169.09
PB.13278.5		LOC113261724	LOC113261724	full-splice_match	NO	2530.59	2930.01	1943.04
PB.13278.7	Protein_PB.13278.7	LEAP2_LOC113261724	LEAP2_LOC113261724	fusion	YES	105.81	113.71	111.43
PB.13278.8		LOC113261724	LOC113261724	full-splice_match	NO	1100.91	1270.85	777.84
PB.1328.1	Protein_PB.1328.1	CALU	CALU	full-splice_match	YES	397.4	349.79	469.04
PB.1328.10	Protein_PB.1328.10	CALU	CALU	novel_not_in_catalog	YES	31.7	17.11	23.59
PB.1328.3	Protein_PB.1328.3	CALU	CALU	novel_in_catalog	YES	19.69	21.44	26.83
PB.1328.7	Protein_PB.1328.7	CALU	CALU	novel_in_catalog	YES	149.89	223.07	189.48
PB.1328.8	Protein_PB.1328.8	CALU	CALU	novel_not_in_catalog	YES	459.3	542.58	476.03
PB.13280.2	Protein_PB.13280.2	HSPA4	HSPA4	incomplete-splice_match	YES	28.32	64.29	44.75
PB.13280.3	Protein_PB.13280.3	HSPA4	HSPA4	full-splice_match	YES	960.68	1081.97	695.43
PB.13280.5	Protein_PB.13280.5	HSPA4	HSPA4	novel_in_catalog	YES	762.56	792.32	802.47
PB.13280.9	Protein_PB.13280.9	HSPA4	HSPA4	novel_in_catalog	YES	218.01	210.74	163.07
PB.13284.1	Protein_PB.13284.1	UBE2B	UBE2B	novel_not_in_catalog	YES	466.99	601.35	491.17
PB.13284.2	Protein_PB.13284.2	UBE2B	UBE2B	full-splice_match	YES	381.05	471.71	379.48
PB.13286.5	Protein_PB.13286.5	JADE2	JADE2	novel_in_catalog	YES	21.51	24.73	69.1
PB.13286.7	Protein_PB.13286.7	JADE2	JADE2	novel_in_catalog	YES	4.13	21.04	37.87
PB.13286.8	Protein_PB.13286.8	JADE2	JADE2	full-splice_match	YES	51.45	24.8	22.88
PB.13287.1	Protein_PB.13287.1	SEC24A	SEC24A	full-splice_match	YES	96.74	91.7	110.99
PB.13287.2	Protein_PB.13287.2	SEC24A	SEC24A	novel_in_catalog	YES	41.92	31.77	14.94
PB.13287.3	Protein_PB.13287.3	SEC24A	SEC24A	novel_not_in_catalog	YES	61.92	66.58	129.22
PB.13288.1	Protein_PB.13288.1	CAMLG	CAMLG	full-splice_match	YES	242.37	258.66	207.45
PB.13289.10	Protein_PB.13289.10	DDX46	DDX46	incomplete-splice_match	YES	95.53	100.66	146.18
PB.13289.3	Protein_PB.13289.3	DDX46	DDX46	novel_in_catalog	YES	12.78	20.2	18.22
PB.13289.4	Protein_PB.13289.4	DDX46	DDX46	incomplete-splice_match	YES	68.21	55.59	103.88
PB.13289.5	Protein_PB.13289.5	DDX46	DDX46	incomplete-splice_match	YES	124.94	137.51	166.61
PB.13290.1	Protein_PB.13290.1	CUNH5orf24	CUNH5orf24	full-splice_match	YES	165.59	158.14	189.37
PB.13291.1	Protein_PB.13291.1	TXNDC15	TXNDC15	full-splice_match	YES	210.97	209.87	206.26
PB.13292.2	Protein_PB.13292.2	PCBD2	PCBD2	full-splice_match	YES	413.42	418.67	375.98
PB.13293.1	Protein_PB.13293.1	CATSPER3	CATSPER3	full-splice_match	YES	44.44	40.17	43.44
PB.13293.2	Protein_PB.13293.2	CATSPER3	CATSPER3	full-splice_match	YES	17.32	15.12	17.16
PB.13297.1	Protein_PB.13297.1	TGFBI	TGFBI	full-splice_match	YES	243.96	129.2	170.5
PB.13297.2	Protein_PB.13297.2	TGFBI	TGFBI	full-splice_match	YES	37.02	12.43	13.1
PB.13297.5	Protein_PB.13297.5	TGFBI	TGFBI	full-splice_match	YES	11.62	6.39	37.78
PB.13297.7	Protein_PB.13297.7	TGFBI	TGFBI	incomplete-splice_match	YES	180.19	96.91	116.44
PB.13298.1	Protein_PB.13298.1	SMAD5	SMAD5	full-splice_match	YES	245.44	211.04	221.55
PB.13298.2	Protein_PB.13298.2	SMAD5	SMAD5	full-splice_match	YES	70.22	106.84	110.54
PB.133.2	Protein_PB.133.2	CCT8	CCT8	novel_in_catalog	YES	28.84	28.49	39.42
PB.133.6	Protein_PB.133.6	CCT8	CCT8	novel_in_catalog	YES	165.59	105.36	163.64
PB.133.7	Protein_PB.133.7	CCT8	CCT8	incomplete-splice_match	YES	6.58	6.12	16.39
PB.133.8	Protein_PB.133.8	CCT8	CCT8	full-splice_match	YES	180.65	264.11	178.93
PB.133.9	Protein_PB.133.9	CCT8	CCT8	novel_in_catalog	YES	551.63	640.25	608.02
PB.1330.4	Protein_PB.1330.4	CCDC136	CCDC136	full-splice_match	YES	69.18	42.65	95.1
PB.13304.1	Protein_PB.13304.1	MYOT	MYOT	novel_not_in_catalog	YES	12974.31	19654.13	10726.02
PB.13304.10	Protein_PB.13304.10	MYOT	MYOT	novel_not_in_catalog	YES	29.36	54.27	36.18
PB.13304.12	Protein_PB.13304.12	MYOT	MYOT	novel_not_in_catalog	YES	80.42	195.82	198.63
PB.13304.13	Protein_PB.13304.13	MYOT	MYOT	novel_not_in_catalog	YES	20.22	37.05	61.48
PB.13304.14	Protein_PB.13304.14	MYOT	MYOT	novel_not_in_catalog	YES	163.56	278.55	226.38
PB.13304.15	Protein_PB.13304.15	MYOT	MYOT	novel_not_in_catalog	YES	5.64	9.27	112.75
PB.13304.18	Protein_PB.13304.18	MYOT	MYOT	novel_not_in_catalog	YES	55.75	54.74	44.19
PB.13304.2	Protein_PB.13304.2	MYOT	MYOT	novel_not_in_catalog	YES	2816.24	3155.44	1775.65
PB.13304.23	Protein_PB.13304.23	MYOT	MYOT	novel_not_in_catalog	YES	65.49	50.84	112.84
PB.13304.25	Protein_PB.13304.25	MYOT	MYOT	novel_not_in_catalog	YES	1227.41	1332.95	1122.46
PB.13304.28	Protein_PB.13304.28	MYOT	MYOT	novel_not_in_catalog	YES	5.03	5.58	27.14
PB.13304.3	Protein_PB.13304.3	MYOT	MYOT	novel_not_in_catalog	YES	6427.4	8910.34	5973.56
PB.13304.31	Protein_PB.13304.31	MYOT	MYOT	novel_not_in_catalog	YES	446.59	950.51	1272.81
PB.13304.33	Protein_PB.13304.33	MYOT	MYOT	novel_not_in_catalog	YES	176.54	339.41	258.06
PB.13304.34	Protein_PB.13304.34	MYOT	MYOT	novel_not_in_catalog	YES	50.34	152.05	276.98
PB.13304.35	Protein_PB.13304.35	MYOT	MYOT	novel_not_in_catalog	YES	399.01	254.69	181.27
PB.13304.36	Protein_PB.13304.36	MYOT	MYOT	novel_not_in_catalog	YES	11.1	10.87	17.93
PB.13304.38	Protein_PB.13304.38	MYOT	MYOT	novel_not_in_catalog	YES	32.95	34.21	145.82
PB.13304.39	Protein_PB.13304.39	MYOT	MYOT	novel_not_in_catalog	YES	34.01	59.54	336.28
PB.13304.41	Protein_PB.13304.41	MYOT	MYOT	novel_not_in_catalog	YES	13.42	20.65	22.1
PB.13304.45	Protein_PB.13304.45	MYOT	MYOT	novel_not_in_catalog	YES	1674.2	2698.87	1563.89
PB.13304.48	Protein_PB.13304.48	MYOT	MYOT	novel_not_in_catalog	YES	77.05	125.17	104.13
PB.13304.49	Protein_PB.13304.49	MYOT	MYOT	full-splice_match	YES	74.7	74.06	69.09
PB.13304.50	Protein_PB.13304.50	MYOT	MYOT	novel_not_in_catalog	YES	18.82	15.19	37.28
PB.13304.51		MYOT	MYOT	novel_in_catalog	NO	40.02	33.93	59.1
PB.13304.6	Protein_PB.13304.6	MYOT	MYOT	novel_not_in_catalog	YES	24.87	43.44	37.55
PB.13304.7	Protein_PB.13304.7	MYOT	MYOT	novel_not_in_catalog	YES	41.48	49.69	55.53
PB.13309.1	Protein_PB.13309.1	FAM53C	FAM53C	full-splice_match	YES	170.26	172.62	159.21
PB.13309.4	Protein_PB.13309.4	FAM53C	FAM53C	novel_in_catalog	YES	66.47	90.13	110.9
PB.1331.1	Protein_PB.1331.1	FLNC	FLNC	full-splice_match	YES	23440.04	21021.63	19357.53
PB.1331.12	Protein_PB.1331.12	FLNC	FLNC	novel_in_catalog	YES	41.41	28.16	31.93
PB.1331.2	Protein_PB.1331.2	FLNC	FLNC	full-splice_match	YES	278.03	261.92	256.85
PB.1331.3	Protein_PB.1331.3	FLNC	FLNC	incomplete-splice_match	YES	2795.41	2562.47	2926.61
PB.1331.6	Protein_PB.1331.6	FLNC	FLNC	novel_in_catalog	YES	53.96	40.47	87.05
PB.1331.8	Protein_PB.1331.8	FLNC	FLNC	novel_in_catalog	YES	123.17	348.9	119.79
PB.1331.9	Protein_PB.1331.9	FLNC	FLNC	incomplete-splice_match	YES	1076.91	1047.23	1148.8
PB.13310.1	Protein_PB.13310.1	KDM3B	KDM3B	full-splice_match	YES	327.8	261.41	357.17
PB.13310.2	Protein_PB.13310.2	KDM3B	KDM3B	full-splice_match	YES	63.96	148.49	130.61
PB.13310.3	Protein_PB.13310.3	KDM3B	KDM3B	incomplete-splice_match	YES	153.42	149.95	221.42
PB.13312.1	Protein_PB.13312.1	EGR1	EGR1	full-splice_match	YES	16.67	9.76	52.46
PB.13313.1	Protein_PB.13313.1	CTNNA1	CTNNA1	novel_not_in_catalog	YES	117.73	109.95	126.85
PB.13313.10	Protein_PB.13313.10	CTNNA1	CTNNA1	novel_in_catalog	YES	25.69	15.22	33.29
PB.13313.4	Protein_PB.13313.4	CTNNA1	CTNNA1	full-splice_match	YES	445.47	470.28	492.98
PB.13315.1		LOC113261800	LOC113261800	full-splice_match	NO	35.59	37.42	58.24
PB.13315.2		LOC113261800	LOC113261800	full-splice_match	NO	24.95	28.25	64.98
PB.13317.16	Protein_PB.13317.16	MATR3	MATR3	novel_in_catalog	YES	1264.28	1309.2	1254.44
PB.13317.17	Protein_PB.13317.17	MATR3	MATR3	novel_not_in_catalog	YES	81.92	100.05	72.9
PB.13317.35	Protein_PB.13317.35	MATR3	MATR3	incomplete-splice_match	YES	334.67	314.44	297.95
PB.13317.4	Protein_PB.13317.4	MATR3	MATR3	full-splice_match	YES	111.33	89.11	106.05
PB.13317.5	Protein_PB.13317.5	MATR3	MATR3	full-splice_match	YES	6.5	14.75	32.28
PB.13317.6	Protein_PB.13317.6	MATR3	MATR3	full-splice_match	YES	17.14	5.69	40.25
PB.13318.1	Protein_PB.13318.1	PAIP2	PAIP2	full-splice_match	YES	978.14	1023.34	968.83
PB.13318.2	Protein_PB.13318.2	PAIP2	PAIP2	full-splice_match	YES	416.47	460.53	407.64
PB.1332.1	Protein_PB.1332.1	ATP6V1F	ATP6V1F	full-splice_match	YES	72.28	84.8	82.65
PB.13321.1	Protein_PB.13321.1	UBE2D2	UBE2D2	full-splice_match	YES	265.56	262.53	236.65
PB.13321.2		UBE2D2	UBE2D2	novel_in_catalog	NO	172.91	204.17	155.62
PB.13322.1	Protein_PB.13322.1	CXXC5	CXXC5	full-splice_match	YES	73.38	49.1	99.28
PB.13322.2	Protein_PB.13322.2	CXXC5	CXXC5	full-splice_match	YES	149.13	119.97	197.94
PB.13324.14	Protein_PB.13324.14	PURA	PURA	full-splice_match	YES	141.1	148.69	71.07
PB.13324.18	Protein_PB.13324.18	PURA	PURA	full-splice_match	YES	517.89	675.91	318.34
PB.13324.3	Protein_PB.13324.3	PURA	PURA	full-splice_match	YES	41.43	23.42	48.48
PB.13324.8	Protein_PB.13324.8	PURA	PURA	full-splice_match	YES	164.24	212.58	107.52
PB.13325.1	Protein_PB.13325.1	IGIP	IGIP	full-splice_match	YES	21.22	19.17	28.87
PB.13327.1	Protein_PB.13327.1	LOC113261824	LOC113261824	full-splice_match	YES	22.15	41.11	46.56
PB.13327.2	Protein_PB.13327.2	LOC113261824	LOC113261824	full-splice_match	YES	18.39	14.0	22.82
PB.13327.3	Protein_PB.13327.3	LOC113261824	LOC113261824	full-splice_match	YES	427.82	388.58	294.15
PB.13327.4	Protein_PB.13327.4	LOC113261824	LOC113261824	full-splice_match	YES	67.67	105.42	212.56
PB.13327.8	Protein_PB.13327.8	EIF4EBP3_LOC113261824	EIF4EBP3_LOC113261824	fusion	YES	55.71	53.4	38.18
PB.13327.9	Protein_PB.13327.9	EIF4EBP3	EIF4EBP3	full-splice_match	YES	530.82	630.1	474.64
PB.13328.1	Protein_PB.13328.1	SLC35A4_LOC113261831	SLC35A4_LOC113261831	full-splice_match	YES	245.79	247.14	225.32
PB.13328.7	Protein_PB.13328.7	SLC35A4	SLC35A4	full-splice_match	YES	32.22	48.86	37.33
PB.13330.1	Protein_PB.13330.1	IK	IK	full-splice_match	YES	865.61	1003.41	758.5
PB.13330.11	Protein_PB.13330.11	IK	IK	incomplete-splice_match	YES	22.98	7.75	33.34
PB.13331.1	Protein_PB.13331.1	WDR55	WDR55	full-splice_match	YES	66.62	66.54	71.8
PB.13332.11	Protein_PB.13332.11	LOC113261837	LOC113261837	novel_in_catalog	YES	79.82	40.55	47.83
PB.13332.16	Protein_PB.13332.16	LOC113261837	LOC113261837	novel_not_in_catalog	YES	25.77	24.86	16.49
PB.13332.2	Protein_PB.13332.2	ZMAT2_LOC113261837	ZMAT2_LOC113261837	fusion	YES	508.13	539.25	429.18
PB.13332.28	Protein_PB.13332.28	LOC113261837	LOC113261837	novel_in_catalog	YES	59.78	64.58	50.72
PB.13332.29	Protein_PB.13332.29	ZMAT2	ZMAT2	incomplete-splice_match	YES	55.69	76.91	68.0
PB.13332.3	Protein_PB.13332.3	LOC113261837	LOC113261837	full-splice_match	YES	57.06	96.98	75.8
PB.13332.31	Protein_PB.13332.31	ZMAT2	ZMAT2	full-splice_match	YES	95.87	82.23	107.49
PB.13332.32	Protein_PB.13332.32	ZMAT2	ZMAT2	novel_not_in_catalog	YES	126.41	114.72	137.4
PB.13340.1	Protein_PB.13340.1	LOC113261503	LOC113261503	full-splice_match	YES	26.47	19.36	18.95
PB.13341.1	Protein_PB.13341.1	LOC113261504	LOC113261504	full-splice_match	YES	36.97	21.85	27.94
PB.13342.1	Protein_PB.13342.1	LOC113261505	LOC113261505	full-splice_match	YES	42.76	27.49	34.55
PB.1335.3	Protein_PB.1335.3	TSPAN33	TSPAN33	full-splice_match	YES	8.11	17.89	40.53
PB.1336.1	Protein_PB.1336.1	SMO	SMO	full-splice_match	YES	42.43	38.38	36.32
PB.1338.1	Protein_PB.1338.1	AHCYL2	AHCYL2	full-splice_match	YES	410.88	438.13	453.39
PB.1338.2	Protein_PB.1338.2	AHCYL2	AHCYL2	full-splice_match	YES	140.22	100.91	194.93
PB.1338.5	Protein_PB.1338.5	AHCYL2	AHCYL2	full-splice_match	YES	115.81	76.05	362.02
PB.134.1	Protein_PB.134.1	RWDD2B	RWDD2B	full-splice_match	YES	59.13	53.6	52.6
PB.1340.1	Protein_PB.1340.1	STRIP2	STRIP2	full-splice_match	YES	82.2	67.87	159.22
PB.1340.3	Protein_PB.1340.3	STRIP2	STRIP2	novel_not_in_catalog	YES	8.78	14.55	31.33
PB.1340.4	Protein_PB.1340.4	STRIP2	STRIP2	full-splice_match	YES	228.3	163.6	334.49
PB.1341.1		SMKR1	SMKR1	full-splice_match	NO	18.25	23.03	22.46
PB.1342.7	Protein_PB.1342.7	NRF1	NRF1	full-splice_match	YES	54.08	56.29	69.98
PB.13425.2	Protein_PB.13425.2	SH3BP5L	SH3BP5L	novel_not_in_catalog	YES	41.91	37.93	28.21
PB.13425.3	Protein_PB.13425.3	SH3BP5L	SH3BP5L	full-splice_match	YES	22.27	24.34	32.54
PB.13425.4	Protein_PB.13425.4	SH3BP5L	SH3BP5L	novel_in_catalog	YES	58.04	65.58	75.72
PB.13426.1	Protein_PB.13426.1	ZNF692	ZNF692	full-splice_match	YES	9.45	5.65	20.28
PB.13426.3	Protein_PB.13426.3	ZNF692	ZNF692	full-splice_match	YES	17.84	14.38	6.18
PB.13430.1	Protein_PB.13430.1	MGAT1	MGAT1	full-splice_match	YES	31.65	18.39	18.29
PB.13430.2	Protein_PB.13430.2	MGAT1	MGAT1	full-splice_match	YES	270.99	257.8	300.7
PB.13431.1	Protein_PB.13431.1	ZFP62	ZFP62	full-splice_match	YES	787.42	787.91	1006.52
PB.13431.3	Protein_PB.13431.3	ZFP62	ZFP62	novel_not_in_catalog	YES	8.87	4.92	17.52
PB.13431.4	Protein_PB.13431.4	ZFP62	ZFP62	novel_not_in_catalog	YES	30.5	23.33	52.56
PB.1344.1		LOC113264160	LOC113264160	full-splice_match	NO	35.8	24.79	26.51
PB.13441.1	Protein_PB.13441.1	TRIM7	TRIM7	full-splice_match	YES	436.16	427.83	510.25
PB.13441.2	Protein_PB.13441.2	TRIM7	TRIM7	full-splice_match	YES	293.46	354.83	232.62
PB.13445.1	Protein_PB.13445.1	RACK1	RACK1	full-splice_match	YES	14633.16	15165.64	19912.38
PB.13449.3	Protein_PB.13449.3	LOC113261534	LOC113261534	full-splice_match	YES	32.83	26.38	30.98
PB.13449.5	Protein_PB.13449.5	LOC113261534	LOC113261534	novel_not_in_catalog	YES	43.74	33.87	25.96
PB.1345.1	Protein_PB.1345.1	KLHDC10	KLHDC10	full-splice_match	YES	654.16	615.9	760.87
PB.1345.2	Protein_PB.1345.2	KLHDC10	KLHDC10	full-splice_match	YES	135.94	147.4	133.69
PB.1345.3	Protein_PB.1345.3	KLHDC10	KLHDC10	incomplete-splice_match	YES	145.35	193.16	159.39
PB.13450.1	Protein_PB.13450.1	LOC113261535	LOC113261535	full-splice_match	YES	490.37	562.19	566.43
PB.13450.3	Protein_PB.13450.3	LOC113261535	LOC113261535	novel_not_in_catalog	YES	547.6	640.96	797.93
PB.13453.4	Protein_PB.13453.4	LOC113261538	LOC113261538	incomplete-splice_match	YES	70.51	73.52	113.67
PB.13453.5	Protein_PB.13453.5	LOC113261538	LOC113261538	full-splice_match	YES	68.4	42.84	224.72
PB.13474.1		novelGene_1481	novelGene_1481	intergenic	NO	61.19	37.25	101.64
PB.13474.2	Protein_PB.13474.2	novelGene_1482	novelGene_1482	intergenic	YES	129.48	155.22	124.9
PB.13475.1	Protein_PB.13475.1	CNOT6	CNOT6	full-splice_match	YES	39.62	40.52	49.31
PB.13477.1	Protein_PB.13477.1	SQSTM1	SQSTM1	full-splice_match	YES	2576.86	3057.59	2258.15
PB.13477.2	Protein_PB.13477.2	SQSTM1	SQSTM1	full-splice_match	YES	20.18	12.97	18.49
PB.13477.4	Protein_PB.13477.4	SQSTM1	SQSTM1	novel_not_in_catalog	YES	1210.65	1179.69	841.32
PB.13477.6	Protein_PB.13477.6	SQSTM1	SQSTM1	novel_not_in_catalog	YES	112.69	195.33	126.16
PB.13477.9	Protein_PB.13477.9	SQSTM1	SQSTM1	novel_not_in_catalog	YES	77.2	53.87	16.17
PB.13480.1	Protein_PB.13480.1	MAML1	MAML1	full-splice_match	YES	84.86	59.77	85.25
PB.13481.12	Protein_PB.13481.12	CANX	CANX	novel_not_in_catalog	YES	458.62	557.33	517.9
PB.13481.13	Protein_PB.13481.13	CANX	CANX	novel_not_in_catalog	YES	23.55	8.92	0.0
PB.13481.14	Protein_PB.13481.14	CANX	CANX	incomplete-splice_match	YES	204.19	305.6	306.08
PB.13481.15	Protein_PB.13481.15	CANX	CANX	incomplete-splice_match	YES	512.19	481.14	486.49
PB.13481.3	Protein_PB.13481.3	CANX	CANX	full-splice_match	YES	822.21	1004.88	868.47
PB.13481.7	Protein_PB.13481.7	CANX	CANX	novel_in_catalog	YES	44.21	109.34	17.84
PB.13481.8	Protein_PB.13481.8	CANX	CANX	novel_not_in_catalog	YES	324.05	341.06	364.62
PB.13481.9	Protein_PB.13481.9	CANX	CANX	novel_not_in_catalog	YES	27.21	29.75	22.67
PB.13482.3	Protein_PB.13482.3	RUFY1	RUFY1	full-splice_match	YES	155.53	136.1	157.51
PB.13483.3	Protein_PB.13483.3	LOC113261568	LOC113261568	full-splice_match	YES	159.49	172.68	85.39
PB.13483.5	Protein_PB.13483.5	LOC113261568	LOC113261568	novel_not_in_catalog	YES	260.99	235.1	177.21
PB.13483.6	Protein_PB.13483.6	LOC113261568	LOC113261568	novel_in_catalog	YES	43.86	33.53	33.3
PB.13483.8	Protein_PB.13483.8	LOC113261568	LOC113261568	incomplete-splice_match	YES	86.57	114.82	73.11
PB.13484.8	Protein_PB.13484.8	LOC113261570	LOC113261570	incomplete-splice_match	YES	64.05	60.62	37.94
PB.13485.1	Protein_PB.13485.1	LOC113261948	LOC113261948	full-splice_match	YES	42.17	32.83	37.49
PB.13488.1	Protein_PB.13488.1	HNRNPAB	HNRNPAB	full-splice_match	YES	137.64	123.36	166.02
PB.13488.2	Protein_PB.13488.2	HNRNPAB	HNRNPAB	full-splice_match	YES	153.09	138.47	124.11
PB.13490.3	Protein_PB.13490.3	RMND5B	RMND5B	full-splice_match	YES	67.67	67.32	51.42
PB.13490.7	Protein_PB.13490.7	RMND5B	RMND5B	full-splice_match	YES	32.4	43.62	37.92
PB.13491.2	Protein_PB.13491.2	N4BP3	N4BP3	full-splice_match	YES	27.92	20.96	23.04
PB.13492.1	Protein_PB.13492.1	B4GALT7	B4GALT7	full-splice_match	YES	7.17	1.77	20.66
PB.13492.2	Protein_PB.13492.2	B4GALT7	B4GALT7	novel_not_in_catalog	YES	18.63	33.99	11.35
PB.13492.5	Protein_PB.13492.5	B4GALT7	B4GALT7	novel_not_in_catalog	YES	21.64	20.9	28.28
PB.13493.2	Protein_PB.13493.2	TMED9	TMED9	full-splice_match	YES	237.86	213.58	261.32
PB.13498.1	Protein_PB.13498.1	PGGT1B	PGGT1B	full-splice_match	YES	62.56	59.7	52.69
PB.13498.3	Protein_PB.13498.3	PGGT1B	PGGT1B	novel_not_in_catalog	YES	32.11	35.89	35.41
PB.13499.1	Protein_PB.13499.1	CCDC112	CCDC112	full-splice_match	YES	41.81	29.97	45.9
PB.135.2	Protein_PB.135.2	LTN1	LTN1	full-splice_match	YES	193.73	267.01	205.38
PB.135.3	Protein_PB.135.3	LTN1	LTN1	incomplete-splice_match	YES	69.83	75.26	73.88
PB.135.6	Protein_PB.135.6	LTN1	LTN1	novel_not_in_catalog	YES	22.98	18.1	24.27
PB.135.7	Protein_PB.135.7	LTN1	LTN1	novel_in_catalog	YES	50.95	11.66	36.05
PB.135.8	Protein_PB.135.8	LTN1	LTN1	incomplete-splice_match	YES	208.8	237.23	215.43
PB.13500.2	Protein_PB.13500.2	FEM1C	FEM1C	full-splice_match	YES	367.45	265.98	242.46
PB.13500.3	Protein_PB.13500.3	FEM1C_LOC113261605	FEM1C_LOC113261605	fusion	YES	42.95	24.65	22.38
PB.13500.4	Protein_PB.13500.4	LOC113261605	LOC113261605	novel_not_in_catalog	YES	15.16	31.37	28.5
PB.13500.5	Protein_PB.13500.5	LOC113261605	LOC113261605	novel_not_in_catalog	YES	16.49	3.7	17.77
PB.13500.8	Protein_PB.13500.8	LOC113261605	LOC113261605	full-splice_match	YES	59.35	47.95	46.96
PB.13501.1	Protein_PB.13501.1	TMED7	TMED7	full-splice_match	YES	242.48	247.42	273.34
PB.13502.4	Protein_PB.13502.4	CDO1	CDO1	full-splice_match	YES	47.46	26.05	41.86
PB.13503.1		ATG12	ATG12	novel_not_in_catalog	NO	12.64	16.45	32.32
PB.13503.2	Protein_PB.13503.2	ATG12	ATG12	full-splice_match	YES	83.51	74.57	68.69
PB.13503.3	Protein_PB.13503.3	ATG12	ATG12	novel_in_catalog	YES	85.02	89.05	82.92
PB.13507.1	Protein_PB.13507.1	SEMA6A	SEMA6A	full-splice_match	YES	36.21	21.8	26.14
PB.13514.1	Protein_PB.13514.1	DTWD2	DTWD2	full-splice_match	YES	14.26	13.18	19.07
PB.13518.1	Protein_PB.13518.1	LOX	LOX	full-splice_match	YES	208.92	44.69	155.75
PB.13518.3	Protein_PB.13518.3	LOX	LOX	full-splice_match	YES	25.56	5.32	17.95
PB.13519.2	Protein_PB.13519.2	PPIC	PPIC	full-splice_match	YES	154.55	123.51	61.23
PB.1352.3	Protein_PB.1352.3	MEST	MEST	novel_in_catalog	YES	19.84	12.26	13.33
PB.1352.5	Protein_PB.1352.5	MEST	MEST	full-splice_match	YES	24.61	11.67	14.62
PB.13520.2	Protein_PB.13520.2	CEP120	CEP120	full-splice_match	YES	13.16	21.69	9.2
PB.13520.6	Protein_PB.13520.6	CEP120	CEP120	full-splice_match	YES	67.66	75.99	49.54
PB.13520.7	Protein_PB.13520.7	CEP120	CEP120	full-splice_match	YES	34.75	34.56	13.91
PB.13524.4	Protein_PB.13524.4	ZNF608	ZNF608	full-splice_match	YES	28.08	6.27	27.22
PB.1353.1		novelGene_LOC113265994_AS	novelGene_LOC113265994_AS	antisense	NO	9.79	15.61	35.92
PB.13532.3	Protein_PB.13532.3	ALDH7A1	ALDH7A1	full-splice_match	YES	207.21	247.38	124.9
PB.13532.6	Protein_PB.13532.6	ALDH7A1	ALDH7A1	full-splice_match	YES	90.05	100.21	103.31
PB.13536.1	Protein_PB.13536.1	MARCH3	MARCH3	full-splice_match	YES	20.38	14.79	18.7
PB.13537.2	Protein_PB.13537.2	CUNH5orf63	CUNH5orf63	full-splice_match	YES	29.69	38.29	25.83
PB.13541.3	Protein_PB.13541.3	FBN2	FBN2	incomplete-splice_match	YES	28.16	22.74	20.69
PB.13543.1	Protein_PB.13543.1	HINT1	HINT1	full-splice_match	YES	841.26	866.57	819.05
PB.13546.4	Protein_PB.13546.4	RAPGEF6	RAPGEF6	full-splice_match	YES	39.68	57.05	39.81
PB.13546.6	Protein_PB.13546.6	RAPGEF6	RAPGEF6	full-splice_match	YES	69.53	54.31	88.48
PB.13546.7	Protein_PB.13546.7	RAPGEF6	RAPGEF6	full-splice_match	YES	61.19	66.53	106.88
PB.13546.8	Protein_PB.13546.8	RAPGEF6	RAPGEF6	full-splice_match	YES	118.41	95.75	88.19
PB.13547.1	Protein_PB.13547.1	FNIP1	FNIP1	full-splice_match	YES	724.79	947.08	655.98
PB.13547.2	Protein_PB.13547.2	FNIP1	FNIP1	full-splice_match	YES	38.72	28.04	50.01
PB.13547.4	Protein_PB.13547.4	FNIP1	FNIP1	incomplete-splice_match	YES	142.16	180.82	148.12
PB.13549.4	Protein_PB.13549.4	ACSL6	ACSL6	incomplete-splice_match	YES	50.72	47.86	57.05
PB.13549.6	Protein_PB.13549.6	ACSL6	ACSL6	novel_in_catalog	YES	56.91	57.78	45.54
PB.13549.9	Protein_PB.13549.9	ACSL6	ACSL6	full-splice_match	YES	64.35	65.95	28.3
PB.1355.10	Protein_PB.1355.10	MKLN1	MKLN1	incomplete-splice_match	YES	13.37	15.34	20.11
PB.1355.11	Protein_PB.1355.11	MKLN1	MKLN1	full-splice_match	YES	184.14	199.93	204.24
PB.1355.12	Protein_PB.1355.12	LOC113266050_MKLN1	LOC113266050_MKLN1	fusion	YES	150.32	173.93	187.1
PB.1355.3	Protein_PB.1355.3	MKLN1	MKLN1	novel_not_in_catalog	YES	24.15	28.91	17.3
PB.1355.4		MKLN1	MKLN1	novel_not_in_catalog	NO	28.4	35.44	140.31
PB.1355.5	Protein_PB.1355.5	MKLN1	MKLN1	full-splice_match	YES	206.69	223.47	88.51
PB.1355.6	Protein_PB.1355.6	MKLN1	MKLN1	novel_in_catalog	YES	168.01	188.63	115.99
PB.1355.7	Protein_PB.1355.7	MKLN1	MKLN1	novel_in_catalog	YES	12.15	13.73	19.43
PB.13551.1	Protein_PB.13551.1	P4HA2	P4HA2	full-splice_match	YES	2.3	28.4	0.0
PB.13551.12	Protein_PB.13551.12	P4HA2	P4HA2	novel_not_in_catalog	YES	8.27	18.12	9.04
PB.13551.14	Protein_PB.13551.14	P4HA2	P4HA2	novel_in_catalog	YES	19.32	13.68	10.51
PB.13551.4	Protein_PB.13551.4	P4HA2	P4HA2	full-splice_match	YES	19.59	11.01	5.39
PB.13551.8	Protein_PB.13551.8	P4HA2	P4HA2	full-splice_match	YES	24.77	4.97	10.41
PB.13552.3	Protein_PB.13552.3	IRF1	IRF1	novel_not_in_catalog	YES	13.45	7.37	18.5
PB.13552.4	Protein_PB.13552.4	IRF1	IRF1	novel_not_in_catalog	YES	25.12	11.03	15.03
PB.13553.1	Protein_PB.13553.1	IL5	IL5	full-splice_match	YES	14.37	20.73	12.09
PB.13554.1	Protein_PB.13554.1	KIF3A	KIF3A	full-splice_match	YES	24.43	22.29	17.02
PB.13554.3	Protein_PB.13554.3	KIF3A	KIF3A	novel_not_in_catalog	YES	32.45	30.52	16.78
PB.13555.1	Protein_PB.13555.1	SEPT8	SEPT8	full-splice_match	YES	0.03	0.11	29.19
PB.13555.2	Protein_PB.13555.2	SEPT8	SEPT8	full-splice_match	YES	52.23	42.14	6.97
PB.13555.3	Protein_PB.13555.3	SEPT8	SEPT8	novel_in_catalog	YES	13.88	24.59	24.97
PB.13555.4	Protein_PB.13555.4	SEPT8	SEPT8	full-splice_match	YES	178.12	112.08	119.83
PB.13555.5	Protein_PB.13555.5	SEPT8	SEPT8	full-splice_match	YES	7.11	21.66	32.28
PB.13555.6	Protein_PB.13555.6	SEPT8	SEPT8	full-splice_match	YES	25.41	7.61	37.44
PB.13555.7	Protein_PB.13555.7	SEPT8	SEPT8	full-splice_match	YES	88.31	143.96	91.84
PB.13555.8	Protein_PB.13555.8	SEPT8	SEPT8	incomplete-splice_match	YES	13.25	9.34	29.08
PB.13557.6	Protein_PB.13557.6	GDF9	GDF9	novel_not_in_catalog	YES	18.26	10.85	12.4
PB.13558.1	Protein_PB.13558.1	AFF4	AFF4	full-splice_match	YES	771.84	859.67	923.41
PB.13558.2	Protein_PB.13558.2	AFF4	AFF4	full-splice_match	YES	118.15	94.38	156.89
PB.13558.4	Protein_PB.13558.4	AFF4	AFF4	incomplete-splice_match	YES	181.63	147.09	174.97
PB.13558.5	Protein_PB.13558.5	AFF4	AFF4	incomplete-splice_match	YES	7.12	23.85	34.87
PB.13559.1	Protein_PB.13559.1	ZCCHC10	ZCCHC10	full-splice_match	YES	74.77	79.96	83.56
PB.13562.2	Protein_PB.13562.2	CUNH5orf15	CUNH5orf15	full-splice_match	YES	154.29	136.56	143.34
PB.13563.1	Protein_PB.13563.1	VDAC1	VDAC1	full-splice_match	YES	7700.32	8340.61	6544.46
PB.13563.7	Protein_PB.13563.7	VDAC1	VDAC1	novel_not_in_catalog	YES	47.44	79.19	47.21
PB.13563.8	Protein_PB.13563.8	VDAC1	VDAC1	novel_not_in_catalog	YES	65.61	65.98	83.18
PB.13564.1	Protein_PB.13564.1	SKP1	SKP1	novel_not_in_catalog	YES	438.73	543.8	452.39
PB.13564.2	Protein_PB.13564.2	SKP1	SKP1	full-splice_match	YES	441.84	501.25	622.03
PB.13564.3	Protein_PB.13564.3	SKP1	SKP1	novel_not_in_catalog	YES	28.13	33.09	35.22
PB.13564.4	Protein_PB.13564.4	SKP1	SKP1	novel_in_catalog	YES	1869.31	2151.17	1825.23
PB.13565.1	Protein_PB.13565.1	PPP2CA	PPP2CA	novel_not_in_catalog	YES	41.21	59.4	46.63
PB.13565.10	Protein_PB.13565.10	PPP2CA	PPP2CA	novel_not_in_catalog	YES	537.72	840.49	455.91
PB.13565.2	Protein_PB.13565.2	PPP2CA	PPP2CA	full-splice_match	YES	560.72	851.73	538.19
PB.13565.4	Protein_PB.13565.4	PPP2CA	PPP2CA	novel_not_in_catalog	YES	18.14	52.33	4.63
PB.13565.5	Protein_PB.13565.5	PPP2CA	PPP2CA	novel_not_in_catalog	YES	27.95	28.49	14.73
PB.13565.6	Protein_PB.13565.6	PPP2CA	PPP2CA	novel_in_catalog	YES	14.02	19.99	13.85
PB.13567.1	Protein_PB.13567.1	CDKN2AIPNL	CDKN2AIPNL	full-splice_match	YES	67.68	69.5	104.39
PB.13567.3	Protein_PB.13567.3	CDKN2AIPNL	CDKN2AIPNL	full-splice_match	YES	24.37	28.58	27.11
PB.13570.1	Protein_PB.13570.1	SAR1B	SAR1B	novel_not_in_catalog	YES	31.85	30.43	19.17
PB.13570.3	Protein_PB.13570.3	SAR1B	SAR1B	full-splice_match	YES	216.27	216.33	127.59
PB.13570.4	Protein_PB.13570.4	SAR1B	SAR1B	full-splice_match	YES	1359.53	1622.34	1442.39
PB.13570.5	Protein_PB.13570.5	SAR1B	SAR1B	novel_not_in_catalog	YES	22.23	11.7	10.51
PB.13572.3	Protein_PB.13572.3	LOC113261754	LOC113261754	full-splice_match	YES	260.95	244.67	261.45
PB.13572.4	Protein_PB.13572.4	LOC113261754	LOC113261754	full-splice_match	YES	163.0	161.3	149.65
PB.13575.3	Protein_PB.13575.3	CXCL14	CXCL14	incomplete-splice_match	YES	76.09	91.46	108.71
PB.13584.1	Protein_PB.13584.1	KLHL3	KLHL3	full-splice_match	YES	30.16	16.25	24.95
PB.13584.4	Protein_PB.13584.4	KLHL3	KLHL3	full-splice_match	YES	1.6	1.75	16.55
PB.13585.1	Protein_PB.13585.1	HNRNPA0	HNRNPA0	full-splice_match	YES	12.14	12.87	24.31
PB.13585.2	Protein_PB.13585.2	HNRNPA0	HNRNPA0	full-splice_match	YES	139.24	138.61	175.17
PB.13589.1	Protein_PB.13589.1	FAM13B	FAM13B	full-splice_match	YES	42.08	30.8	21.56
PB.13589.5	Protein_PB.13589.5	FAM13B	FAM13B	full-splice_match	YES	48.1	14.61	7.68
PB.13589.7	Protein_PB.13589.7	FAM13B	FAM13B	novel_not_in_catalog	YES	21.8	17.65	38.13
PB.13589.9	Protein_PB.13589.9	FAM13B	FAM13B	incomplete-splice_match	YES	22.78	14.81	11.96
PB.13592.32	Protein_PB.13592.32	BRD8	BRD8	novel_not_in_catalog	YES	2.68	20.19	11.02
PB.13592.44	Protein_PB.13592.44	BRD8	BRD8	full-splice_match	YES	111.05	120.74	119.75
PB.13592.52	Protein_PB.13592.52	BRD8	BRD8	incomplete-splice_match	YES	49.0	42.51	42.34
PB.13593.1	Protein_PB.13593.1	CDC23	CDC23	full-splice_match	YES	106.45	137.71	102.73
PB.13593.10	Protein_PB.13593.10	CDC23	CDC23	novel_in_catalog	YES	82.5	131.7	70.84
PB.13593.11	Protein_PB.13593.11	CDC23	CDC23	full-splice_match	YES	38.04	19.15	20.2
PB.13593.3	Protein_PB.13593.3	CDC23	CDC23	novel_in_catalog	YES	63.51	43.45	32.68
PB.13594.1		LOC113261786	LOC113261786	full-splice_match	NO	37.74	42.88	26.09
PB.13597.1	Protein_PB.13597.1	ETF1	ETF1	novel_not_in_catalog	YES	40.3	21.16	64.19
PB.13597.2	Protein_PB.13597.2	ETF1	ETF1	full-splice_match	YES	860.22	963.96	795.48
PB.13597.7	Protein_PB.13597.7	ETF1	ETF1	novel_not_in_catalog	YES	205.45	176.67	114.76
PB.13598.1	Protein_PB.13598.1	HSPA9	HSPA9	full-splice_match	YES	935.52	1133.08	717.06
PB.13598.2	Protein_PB.13598.2	HSPA9	HSPA9	novel_in_catalog	YES	377.39	315.5	187.2
PB.13598.4	Protein_PB.13598.4	HSPA9	HSPA9	novel_in_catalog	YES	1721.06	2083.62	1422.79
PB.13598.5	Protein_PB.13598.5	HSPA9	HSPA9	novel_in_catalog	YES	11.23	10.02	83.65
PB.13598.7	Protein_PB.13598.7	HSPA9	HSPA9	incomplete-splice_match	YES	1053.02	1258.83	806.38
PB.1360.2	Protein_PB.1360.2	EXOC4	EXOC4	full-splice_match	YES	292.27	286.81	282.76
PB.13602.3	Protein_PB.13602.3	SIL1	SIL1	full-splice_match	YES	107.91	104.02	100.94
PB.13602.5	Protein_PB.13602.5	SIL1	SIL1	novel_not_in_catalog	YES	20.57	28.19	33.72
PB.13605.1	Protein_PB.13605.1	PROB1	PROB1	full-splice_match	YES	101.15	79.69	73.37
PB.13605.2	Protein_PB.13605.2	PROB1	PROB1	full-splice_match	YES	864.39	681.59	590.06
PB.13605.3	Protein_PB.13605.3	PROB1	PROB1	full-splice_match	YES	1142.48	938.23	819.91
PB.13606.1	Protein_PB.13606.1	SPATA24	SPATA24	full-splice_match	YES	28.84	44.84	65.37
PB.13607.4	Protein_PB.13607.4	DNAJC18	DNAJC18	novel_not_in_catalog	YES	74.24	78.69	78.8
PB.13608.1	Protein_PB.13608.1	ECSCR	ECSCR	full-splice_match	YES	76.41	50.05	52.6
PB.13614.1	Protein_PB.13614.1	PFDN1	PFDN1	novel_in_catalog	YES	26.19	29.07	9.2
PB.13614.2	Protein_PB.13614.2	PFDN1	PFDN1	full-splice_match	YES	254.13	281.29	320.54
PB.13614.4	Protein_PB.13614.4	PFDN1	PFDN1	novel_not_in_catalog	YES	37.33	65.55	73.09
PB.13614.5		PFDN1	PFDN1	novel_not_in_catalog	NO	19.5	16.05	19.81
PB.13614.6	Protein_PB.13614.6	PFDN1	PFDN1	full-splice_match	YES	753.54	894.0	896.53
PB.13614.7		PFDN1	PFDN1	novel_not_in_catalog	NO	21.09	17.18	12.89
PB.13615.1	Protein_PB.13615.1	HBEGF	HBEGF	full-splice_match	YES	341.22	228.39	376.57
PB.13619.1	Protein_PB.13619.1	SRA1	SRA1	full-splice_match	YES	100.98	102.78	61.05
PB.13621.2	Protein_PB.13621.2	CD14	CD14	full-splice_match	YES	19.98	14.72	14.32
PB.13622.1	Protein_PB.13622.1	NDUFA2	NDUFA2	full-splice_match	YES	1234.35	1369.48	1048.56
PB.13624.1	Protein_PB.13624.1	HARS	HARS	full-splice_match	YES	175.38	191.44	165.79
PB.13626.1	Protein_PB.13626.1	TAF7	TAF7	full-splice_match	YES	650.02	663.49	703.51
PB.13626.2	Protein_PB.13626.2	TAF7	TAF7	genic	YES	23.33	25.73	64.32
PB.13628.1	Protein_PB.13628.1	TM2D2	TM2D2	novel_not_in_catalog	YES	48.81	35.31	30.19
PB.13628.5	Protein_PB.13628.5	TM2D2	TM2D2	full-splice_match	YES	197.78	232.35	205.43
PB.13629.1	Protein_PB.13629.1	FGFR1	FGFR1	full-splice_match	YES	118.81	87.54	89.21
PB.13629.3	Protein_PB.13629.3	FGFR1	FGFR1	full-splice_match	YES	93.91	45.33	82.35
PB.13629.4	Protein_PB.13629.4	FGFR1	FGFR1	full-splice_match	YES	47.63	32.52	39.38
PB.13629.5	Protein_PB.13629.5	FGFR1	FGFR1	full-splice_match	YES	55.46	28.59	11.88
PB.13629.9	Protein_PB.13629.9	FGFR1	FGFR1	incomplete-splice_match	YES	10.2	2.17	18.4
PB.1363.1	Protein_PB.1363.1	BPGM	BPGM	full-splice_match	YES	50.82	46.68	47.29
PB.1363.2	Protein_PB.1363.2	BPGM	BPGM	full-splice_match	YES	44.09	37.24	36.16
PB.13630.1	Protein_PB.13630.1	NSD3	NSD3	incomplete-splice_match	YES	11.16	13.46	19.83
PB.13630.2	Protein_PB.13630.2	NSD3	NSD3	full-splice_match	YES	94.3	89.88	116.05
PB.13630.6	Protein_PB.13630.6	NSD3	NSD3	full-splice_match	YES	49.82	38.15	23.54
PB.13633.3		LOC113262096	LOC113262096	full-splice_match	NO	36.07	29.03	15.4
PB.13634.1	Protein_PB.13634.1	LSM1	LSM1	full-splice_match	YES	69.64	85.3	56.35
PB.1364.10	Protein_PB.1364.10	CALD1	CALD1	novel_not_in_catalog	YES	39.67	18.54	29.65
PB.1364.14	Protein_PB.1364.14	CALD1	CALD1	novel_in_catalog	YES	33.93	28.52	25.2
PB.1364.16	Protein_PB.1364.16	CALD1	CALD1	incomplete-splice_match	YES	44.56	30.56	25.16
PB.1364.25	Protein_PB.1364.25	CALD1	CALD1	incomplete-splice_match	YES	70.43	82.48	73.65
PB.1364.3	Protein_PB.1364.3	CALD1	CALD1	full-splice_match	YES	94.37	59.77	61.23
PB.1364.7	Protein_PB.1364.7	CALD1	CALD1	novel_not_in_catalog	YES	125.04	31.88	72.54
PB.1364.8	Protein_PB.1364.8	CALD1	CALD1	novel_in_catalog	YES	5.96	29.59	26.31
PB.1364.9	Protein_PB.1364.9	CALD1	CALD1	novel_not_in_catalog	YES	78.42	35.39	47.17
PB.13640.1	Protein_PB.13640.1	RAB11FIP1	RAB11FIP1	full-splice_match	YES	25.88	24.37	42.16
PB.13640.2	Protein_PB.13640.2	RAB11FIP1	RAB11FIP1	full-splice_match	YES	29.99	27.33	29.13
PB.13641.3	Protein_PB.13641.3	BRF2	BRF2	novel_not_in_catalog	YES	21.46	21.79	29.31
PB.13644.1	Protein_PB.13644.1	ERI1	ERI1	full-splice_match	YES	15.53	10.12	17.13
PB.13645.1	Protein_PB.13645.1	novelGene_1518	novelGene_1518	intergenic	YES	108.09	128.57	128.91
PB.13647.1	Protein_PB.13647.1	TNKS	TNKS	full-splice_match	YES	354.6	370.31	542.87
PB.13652.1		novelGene_1519	novelGene_1519	intergenic	NO	125.54	177.35	178.14
PB.13653.1	Protein_PB.13653.1	LEPROTL1	LEPROTL1	full-splice_match	YES	92.59	100.58	98.11
PB.13654.1	Protein_PB.13654.1	DCTN6	DCTN6	novel_not_in_catalog	YES	19.68	26.01	29.69
PB.13654.2	Protein_PB.13654.2	DCTN6	DCTN6	full-splice_match	YES	250.03	287.21	227.4
PB.13660.2	Protein_PB.13660.2	UBXN8	UBXN8	novel_not_in_catalog	YES	16.28	18.0	12.91
PB.13660.3	Protein_PB.13660.3	UBXN8	UBXN8	full-splice_match	YES	65.83	68.45	68.18
PB.13660.4	Protein_PB.13660.4	UBXN8	UBXN8	novel_not_in_catalog	YES	44.1	45.36	44.72
PB.13661.1	Protein_PB.13661.1	WRN	WRN	full-splice_match	YES	27.2	17.68	11.77
PB.13661.2	Protein_PB.13661.2	WRN	WRN	full-splice_match	YES	20.42	28.76	17.88
PB.13661.5	Protein_PB.13661.5	WRN	WRN	full-splice_match	YES	10.43	18.43	29.42
PB.13666.1	Protein_PB.13666.1	MAK16	MAK16	full-splice_match	YES	163.92	181.13	179.62
PB.13666.2	Protein_PB.13666.2	MAK16	MAK16	novel_not_in_catalog	YES	79.86	74.87	67.06
PB.13667.1		novelGene_1521	novelGene_1521	intergenic	NO	177.8	179.47	234.36
PB.13667.2		novelGene_1522	novelGene_1522	intergenic	NO	80.19	76.69	130.3
PB.13668.2	Protein_PB.13668.2	FRG1	FRG1	full-splice_match	YES	134.04	146.51	129.4
PB.13669.10	Protein_PB.13669.10	ASAH1	ASAH1	novel_in_catalog	YES	75.11	28.91	40.88
PB.13669.18	Protein_PB.13669.18	LOC113262154_ASAH1	LOC113262154_ASAH1	fusion	YES	28.48	26.01	56.16
PB.13669.22	Protein_PB.13669.22	ASAH1	ASAH1	incomplete-splice_match	YES	63.83	95.46	69.71
PB.13669.7	Protein_PB.13669.7	ASAH1	ASAH1	novel_not_in_catalog	YES	163.45	172.89	140.39
PB.1367.1	Protein_PB.1367.1	TMEM140	TMEM140	full-splice_match	YES	604.81	786.81	604.71
PB.13671.11	Protein_PB.13671.11	MTUS1	MTUS1	novel_not_in_catalog	YES	82.09	103.6	31.55
PB.13671.13	Protein_PB.13671.13	MTUS1	MTUS1	novel_not_in_catalog	YES	3.56	50.83	86.53
PB.13671.15	Protein_PB.13671.15	MTUS1	MTUS1	novel_not_in_catalog	YES	387.79	237.56	463.56
PB.13671.17	Protein_PB.13671.17	MTUS1	MTUS1	full-splice_match	YES	813.15	1133.91	372.05
PB.13671.18	Protein_PB.13671.18	MTUS1	MTUS1	novel_in_catalog	YES	117.87	163.3	128.95
PB.13671.2	Protein_PB.13671.2	MTUS1	MTUS1	full-splice_match	YES	102.72	79.77	92.43
PB.13671.20	Protein_PB.13671.20	MTUS1	MTUS1	incomplete-splice_match	YES	63.45	238.74	2.08
PB.13671.22	Protein_PB.13671.22	MTUS1	MTUS1	full-splice_match	YES	28.15	29.34	15.96
PB.13671.4	Protein_PB.13671.4	MTUS1	MTUS1	full-splice_match	YES	109.1	113.21	72.31
PB.13671.5	Protein_PB.13671.5	MTUS1	MTUS1	full-splice_match	YES	295.75	435.99	215.76
PB.13671.8	Protein_PB.13671.8	MTUS1	MTUS1	novel_not_in_catalog	YES	29.98	95.87	58.97
PB.13671.9	Protein_PB.13671.9	MTUS1	MTUS1	novel_not_in_catalog	YES	961.14	867.09	790.15
PB.13674.1	Protein_PB.13674.1	MTMR7	MTMR7	full-splice_match	YES	6.99	23.8	16.62
PB.13675.1	Protein_PB.13675.1	CNOT7	CNOT7	novel_in_catalog	YES	13.65	13.65	20.26
PB.13675.2	Protein_PB.13675.2	CNOT7	CNOT7	novel_in_catalog	YES	58.03	72.6	42.51
PB.13675.3	Protein_PB.13675.3	CNOT7	CNOT7	incomplete-splice_match	YES	167.86	222.02	195.13
PB.13675.4	Protein_PB.13675.4	CNOT7	CNOT7	full-splice_match	YES	524.36	566.02	629.59
PB.13685.12	Protein_PB.13685.12	DLC1	DLC1	incomplete-splice_match	YES	23.07	14.15	9.75
PB.13685.5	Protein_PB.13685.5	LOC113262177_DLC1	LOC113262177_DLC1	fusion	YES	134.3	113.92	184.61
PB.13685.6	Protein_PB.13685.6	DLC1	DLC1	full-splice_match	YES	35.21	7.74	4.49
PB.13685.7	Protein_PB.13685.7	DLC1	DLC1	full-splice_match	YES	95.06	119.88	77.97
PB.13685.8	Protein_PB.13685.8	DLC1	DLC1	full-splice_match	YES	24.03	8.54	8.02
PB.13687.1	Protein_PB.13687.1	LONRF1	LONRF1	full-splice_match	YES	74.64	84.1	74.75
PB.13687.2	Protein_PB.13687.2	LONRF1	LONRF1	incomplete-splice_match	YES	30.97	27.66	29.1
PB.1371.1	Protein_PB.1371.1	NUP205	NUP205	full-splice_match	YES	142.36	111.24	122.43
PB.13713.2	Protein_PB.13713.2	TDRP	TDRP	incomplete-splice_match	YES	40.19	25.82	31.62
PB.13714.1	Protein_PB.13714.1	LOC113262216	LOC113262216	full-splice_match	YES	36.97	43.69	34.51
PB.13714.3	Protein_PB.13714.3	LOC113262216	LOC113262216	novel_in_catalog	YES	26.61	4.47	24.76
PB.13714.4	Protein_PB.13714.4	LOC113262216	LOC113262216	full-splice_match	YES	22.25	39.49	19.35
PB.13714.7	Protein_PB.13714.7	LOC113262216	LOC113262216	novel_in_catalog	YES	64.51	49.28	28.15
PB.1372.1		STMP1	STMP1	full-splice_match	NO	422.6	410.05	340.94
PB.13729.1	Protein_PB.13729.1	SPCS3	SPCS3	full-splice_match	YES	370.5	471.93	494.22
PB.13737.1	Protein_PB.13737.1	TENM3	TENM3	full-splice_match	YES	207.8	157.35	173.8
PB.13738.2	Protein_PB.13738.2	WWC2	WWC2	full-splice_match	YES	121.1	83.4	80.96
PB.13740.2	Protein_PB.13740.2	CDKN2AIP	CDKN2AIP	full-splice_match	YES	25.24	20.65	15.3
PB.13740.4	Protein_PB.13740.4	CDKN2AIP	CDKN2AIP	full-splice_match	YES	20.85	14.36	28.41
PB.13740.5	Protein_PB.13740.5	CDKN2AIP	CDKN2AIP	novel_in_catalog	YES	31.38	25.15	45.45
PB.13743.1	Protein_PB.13743.1	ING2	ING2	full-splice_match	YES	29.67	26.71	44.5
PB.13744.3	Protein_PB.13744.3	TRAPPC11	TRAPPC11	novel_in_catalog	YES	38.33	4.51	55.78
PB.13744.4	Protein_PB.13744.4	TRAPPC11	TRAPPC11	novel_in_catalog	YES	50.29	79.71	32.16
PB.13744.6	Protein_PB.13744.6	TRAPPC11	TRAPPC11	novel_not_in_catalog	YES	34.92	44.91	13.12
PB.13744.7	Protein_PB.13744.7	TRAPPC11	TRAPPC11	novel_not_in_catalog	YES	5.28	12.15	31.99
PB.13744.9	Protein_PB.13744.9	TRAPPC11	TRAPPC11	incomplete-splice_match	YES	87.64	93.18	41.61
PB.13746.4	Protein_PB.13746.4	STOX2	STOX2	full-splice_match	YES	33.63	29.72	47.97
PB.13755.1	Protein_PB.13755.1	SLC25A4	SLC25A4	full-splice_match	YES	21066.74	26792.21	14334.85
PB.13755.2	Protein_PB.13755.2	SLC25A4	SLC25A4	novel_in_catalog	YES	45.11	32.39	42.52
PB.13755.4	Protein_PB.13755.4	SLC25A4	SLC25A4	incomplete-splice_match	YES	33.99	30.68	36.35
PB.13755.5	Protein_PB.13755.5	SLC25A4	SLC25A4	novel_not_in_catalog	YES	15.36	22.35	12.14
PB.13757.1	Protein_PB.13757.1	SNX25	SNX25	full-splice_match	YES	50.16	38.28	42.81
PB.13758.1	Protein_PB.13758.1	ANKRD37	ANKRD37	full-splice_match	YES	97.55	86.16	141.22
PB.13758.3	Protein_PB.13758.3	ANKRD37	ANKRD37	full-splice_match	YES	14.7	7.8	17.38
PB.13760.1	Protein_PB.13760.1	novelGene_SORBS2_AS	novelGene_SORBS2_AS	antisense	YES	27.49	30.15	31.72
PB.13760.2		novelGene_SORBS2_AS	novelGene_SORBS2_AS	antisense	NO	43.52	28.41	100.3
PB.13762.5	Protein_PB.13762.5	FAM149A	FAM149A	novel_not_in_catalog	YES	13.18	18.52	19.99
PB.13762.6	Protein_PB.13762.6	FAM149A	FAM149A	full-splice_match	YES	39.47	35.54	24.96
PB.13763.14	Protein_PB.13763.14	LOC113262286	LOC113262286	novel_not_in_catalog	YES	18.4	6.61	0.0
PB.13763.19	Protein_PB.13763.19	LOC113262286	LOC113262286	incomplete-splice_match	YES	14.05	6.25	18.39
PB.13772.12	Protein_PB.13772.12	ADAM9	ADAM9	full-splice_match	YES	425.03	419.06	278.34
PB.13772.8	Protein_PB.13772.8	ADAM9	ADAM9	novel_not_in_catalog	YES	55.72	67.95	39.53
PB.13774.5	Protein_PB.13774.5	PLEKHA2	PLEKHA2	novel_in_catalog	YES	87.51	46.12	59.97
PB.13774.9	Protein_PB.13774.9	PLEKHA2	PLEKHA2	full-splice_match	YES	37.34	82.95	86.15
PB.13775.10	Protein_PB.13775.10	TACC1	TACC1	full-splice_match	YES	19.28	12.63	18.91
PB.13775.13	Protein_PB.13775.13	TACC1	TACC1	novel_in_catalog	YES	75.54	47.31	37.67
PB.13775.2	Protein_PB.13775.2	TACC1	TACC1	full-splice_match	YES	17.56	10.0	18.02
PB.13775.3	Protein_PB.13775.3	TACC1	TACC1	full-splice_match	YES	16.75	11.75	6.83
PB.13775.8	Protein_PB.13775.8	TACC1	TACC1	full-splice_match	YES	77.92	60.22	94.85
PB.13778.10	Protein_PB.13778.10	DDHD2	DDHD2	novel_not_in_catalog	YES	58.91	39.92	36.81
PB.13778.4	Protein_PB.13778.4	DDHD2	DDHD2	full-splice_match	YES	90.8	135.51	125.52
PB.13778.6	Protein_PB.13778.6	DDHD2	DDHD2	novel_in_catalog	YES	21.24	10.85	5.14
PB.13778.9	Protein_PB.13778.9	DDHD2	DDHD2	novel_not_in_catalog	YES	218.63	170.82	207.65
PB.13779.1	Protein_PB.13779.1	BAG4	BAG4	full-splice_match	YES	20.68	21.25	32.38
PB.13779.2	Protein_PB.13779.2	BAG4	BAG4	full-splice_match	YES	19.0	22.37	26.09
PB.13780.2	Protein_PB.13780.2	ASH2L	ASH2L	full-splice_match	YES	167.28	179.85	196.85
PB.13781.1	Protein_PB.13781.1	EIF4EBP1	EIF4EBP1	full-splice_match	YES	909.05	879.93	652.18
PB.13782.2	Protein_PB.13782.2	ADGRA2	ADGRA2	full-splice_match	YES	151.58	83.05	144.6
PB.13783.2	Protein_PB.13783.2	PLPBP	PLPBP	full-splice_match	YES	61.89	64.72	63.98
PB.13784.2	Protein_PB.13784.2	ERLIN2	ERLIN2	full-splice_match	YES	8.14	5.67	18.51
PB.13784.3	Protein_PB.13784.3	ERLIN2	ERLIN2	novel_not_in_catalog	YES	80.24	74.13	91.14
PB.13784.4	Protein_PB.13784.4	ERLIN2	ERLIN2	novel_in_catalog	YES	8.67	24.99	4.96
PB.13784.5	Protein_PB.13784.5	ERLIN2	ERLIN2	novel_not_in_catalog	YES	19.62	5.95	19.46
PB.13785.1	Protein_PB.13785.1	ZNF703	ZNF703	full-splice_match	YES	34.87	25.02	37.39
PB.13797.1	Protein_PB.13797.1	PPP1R3B	PPP1R3B	full-splice_match	YES	35.38	33.48	53.35
PB.13797.2	Protein_PB.13797.2	PPP1R3B	PPP1R3B	full-splice_match	YES	140.28	149.66	278.96
PB.13797.3	Protein_PB.13797.3	PPP1R3B	PPP1R3B	full-splice_match	YES	122.45	88.83	165.7
PB.13797.4	Protein_PB.13797.4	PPP1R3B	PPP1R3B	novel_not_in_catalog	YES	1224.3	1034.41	1812.24
PB.138.1	Protein_PB.138.1	ADAMTS5	ADAMTS5	full-splice_match	YES	62.85	53.25	51.41
PB.1380.1	Protein_PB.1380.1	TRIM24	TRIM24	novel_in_catalog	YES	135.21	194.51	208.31
PB.1380.2	Protein_PB.1380.2	TRIM24	TRIM24	incomplete-splice_match	YES	55.04	15.42	37.67
PB.1380.3	Protein_PB.1380.3	TRIM24	TRIM24	incomplete-splice_match	YES	10.65	39.14	33.04
PB.13800.1	Protein_PB.13800.1	SARAF	SARAF	full-splice_match	YES	51.33	37.43	50.3
PB.13800.2	Protein_PB.13800.2	SARAF	SARAF	full-splice_match	YES	485.98	605.18	583.42
PB.13800.4	Protein_PB.13800.4	SARAF	SARAF	novel_not_in_catalog	YES	171.34	91.63	169.9
PB.13800.5	Protein_PB.13800.5	SARAF	SARAF	novel_in_catalog	YES	86.47	103.9	73.99
PB.13800.6	Protein_PB.13800.6	SARAF	SARAF	novel_not_in_catalog	YES	398.7	441.39	397.27
PB.13802.1	Protein_PB.13802.1	GTF2E2	GTF2E2	full-splice_match	YES	189.88	222.05	211.46
PB.13804.1	Protein_PB.13804.1	GSR	GSR	full-splice_match	YES	81.01	93.94	71.56
PB.13804.2	Protein_PB.13804.2	GSR	GSR	full-splice_match	YES	31.63	28.41	28.05
PB.13805.1	Protein_PB.13805.1	PPP2CB	PPP2CB	full-splice_match	YES	444.21	442.59	504.58
PB.13810.1	Protein_PB.13810.1	FUT10	FUT10	novel_in_catalog	YES	37.97	32.26	41.26
PB.13810.2	Protein_PB.13810.2	FUT10	FUT10	full-splice_match	YES	61.11	40.38	91.31
PB.13811.12	Protein_PB.13811.12	TTI2	TTI2	full-splice_match	YES	16.5	17.17	11.07
PB.13812.1	Protein_PB.13812.1	RNF122	RNF122	full-splice_match	YES	120.39	149.7	181.72
PB.13813.1	Protein_PB.13813.1	DUSP26	DUSP26	novel_in_catalog	YES	1387.99	1667.76	2119.75
PB.13813.2	Protein_PB.13813.2	DUSP26	DUSP26	full-splice_match	YES	669.18	818.13	975.8
PB.13813.4	Protein_PB.13813.4	DUSP26	DUSP26	full-splice_match	YES	876.07	1169.66	1239.05
PB.13813.8	Protein_PB.13813.8	DUSP26	DUSP26	novel_in_catalog	YES	13.31	18.7	47.53
PB.13814.17	Protein_PB.13814.17	PCM1	PCM1	full-splice_match	YES	188.3	123.13	104.71
PB.13814.22	Protein_PB.13814.22	PCM1	PCM1	novel_in_catalog	YES	10.0	132.07	15.82
PB.13814.23	Protein_PB.13814.23	PCM1	PCM1	novel_not_in_catalog	YES	55.17	28.29	21.13
PB.13814.24	Protein_PB.13814.24	PCM1	PCM1	novel_in_catalog	YES	228.89	348.77	163.1
PB.13814.27	Protein_PB.13814.27	PCM1	PCM1	novel_in_catalog	YES	125.65	156.7	160.69
PB.13814.29	Protein_PB.13814.29	PCM1	PCM1	novel_in_catalog	YES	169.4	81.75	229.83
PB.13814.30	Protein_PB.13814.30	PCM1	PCM1	novel_in_catalog	YES	598.16	683.76	537.87
PB.13814.35	Protein_PB.13814.35	PCM1	PCM1	novel_in_catalog	YES	24.67	45.22	36.95
PB.13814.4	Protein_PB.13814.4	PCM1	PCM1	full-splice_match	YES	271.79	29.52	351.41
PB.13815.1	Protein_PB.13815.1	PDGFRL	PDGFRL	full-splice_match	YES	62.81	28.05	64.55
PB.13816.1	Protein_PB.13816.1	SLC7A2	SLC7A2	full-splice_match	YES	20.78	28.51	33.68
PB.13816.2	Protein_PB.13816.2	SLC7A2	SLC7A2	full-splice_match	YES	73.49	48.81	46.9
PB.13816.3	Protein_PB.13816.3	SLC7A2	SLC7A2	novel_not_in_catalog	YES	41.93	60.12	84.49
PB.13816.4	Protein_PB.13816.4	SLC7A2	SLC7A2	novel_not_in_catalog	YES	12.63	21.78	28.27
PB.13816.5	Protein_PB.13816.5	SLC7A2	SLC7A2	novel_not_in_catalog	YES	431.5	616.17	521.24
PB.13816.6	Protein_PB.13816.6	SLC7A2	SLC7A2	novel_not_in_catalog	YES	240.54	275.75	276.38
PB.13816.8	Protein_PB.13816.8	SLC7A2	SLC7A2	novel_not_in_catalog	YES	8.7	28.65	33.98
PB.13817.10	Protein_PB.13817.10	VPS37A	VPS37A	novel_not_in_catalog	YES	20.23	12.52	20.01
PB.13817.11	Protein_PB.13817.11	VPS37A	VPS37A	incomplete-splice_match	YES	120.77	99.01	128.93
PB.13817.4	Protein_PB.13817.4	VPS37A	VPS37A	full-splice_match	YES	97.95	143.87	108.71
PB.13817.7	Protein_PB.13817.7	VPS37A	VPS37A	novel_in_catalog	YES	4.23	3.21	28.2
PB.13817.9	Protein_PB.13817.9	VPS37A	VPS37A	novel_not_in_catalog	YES	4.72	19.73	15.52
PB.13818.1	Protein_PB.13818.1	ZDHHC2	ZDHHC2	full-splice_match	YES	243.61	254.63	294.71
PB.13819.1	Protein_PB.13819.1	MICU3	MICU3	novel_in_catalog	YES	92.79	97.4	78.28
PB.13819.2	Protein_PB.13819.2	MICU3	MICU3	full-splice_match	YES	44.46	42.96	34.4
PB.1382.1	Protein_PB.1382.1	TTC26	TTC26	full-splice_match	YES	22.3	48.42	43.44
PB.13824.4	Protein_PB.13824.4	TUSC3	TUSC3	full-splice_match	YES	45.83	35.81	33.46
PB.1383.3	Protein_PB.1383.3	UBN2	UBN2	full-splice_match	YES	211.71	161.1	254.55
PB.13831.1	Protein_PB.13831.1	PRAG1	PRAG1	full-splice_match	YES	23.03	21.53	14.59
PB.13836.1	Protein_PB.13836.1	MFHAS1	MFHAS1	full-splice_match	YES	100.15	90.36	75.39
PB.1384.1		FMC1	FMC1	novel_not_in_catalog	NO	18.1	15.51	35.0
PB.1384.2		FMC1	FMC1	novel_not_in_catalog	NO	24.73	22.87	21.47
PB.1384.4	Protein_PB.1384.4	FMC1	FMC1	full-splice_match	YES	189.26	205.55	228.49
PB.13840.1	Protein_PB.13840.1	AGPAT5	AGPAT5	full-splice_match	YES	880.46	947.12	956.27
PB.13840.2		AGPAT5	AGPAT5	novel_not_in_catalog	NO	0.99	54.2	24.55
PB.13840.3	Protein_PB.13840.3	AGPAT5	AGPAT5	full-splice_match	YES	24.77	31.83	29.51
PB.13841.1	Protein_PB.13841.1	MCPH1	MCPH1	full-splice_match	YES	10.24	10.02	18.37
PB.13841.2	Protein_PB.13841.2	MCPH1	MCPH1	full-splice_match	YES	34.25	38.92	29.03
PB.13847.1	Protein_PB.13847.1	MYOM2	MYOM2	full-splice_match	YES	5525.68	7872.04	3749.78
PB.13847.10	Protein_PB.13847.10	MYOM2	MYOM2	novel_not_in_catalog	YES	2128.25	3553.25	1258.87
PB.13847.12	Protein_PB.13847.12	MYOM2	MYOM2	novel_not_in_catalog	YES	4022.38	8332.1	2235.78
PB.13847.13	Protein_PB.13847.13	MYOM2	MYOM2	novel_not_in_catalog	YES	9.78	26.81	5.3
PB.13847.14	Protein_PB.13847.14	MYOM2	MYOM2	novel_not_in_catalog	YES	1073.4	1596.46	1157.46
PB.13847.15	Protein_PB.13847.15	MYOM2	MYOM2	novel_not_in_catalog	YES	687.63	411.81	546.65
PB.13847.2	Protein_PB.13847.2	MYOM2	MYOM2	novel_not_in_catalog	YES	60.16	66.6	52.98
PB.13847.3	Protein_PB.13847.3	MYOM2	MYOM2	novel_not_in_catalog	YES	30.1	58.15	27.81
PB.13847.4	Protein_PB.13847.4	MYOM2	MYOM2	novel_not_in_catalog	YES	28.97	72.27	75.47
PB.13847.5	Protein_PB.13847.5	MYOM2	MYOM2	novel_not_in_catalog	YES	29.29	44.23	28.2
PB.13847.6	Protein_PB.13847.6	MYOM2	MYOM2	novel_not_in_catalog	YES	103.78	35.81	11.72
PB.13847.7	Protein_PB.13847.7	MYOM2	MYOM2	novel_not_in_catalog	YES	17.62	28.59	23.18
PB.1385.1	Protein_PB.1385.1	LOC113264927	LOC113264927	full-splice_match	YES	26.7	19.66	19.18
PB.1385.16	Protein_PB.1385.16	LOC113264927	LOC113264927	incomplete-splice_match	YES	76.35	64.44	63.14
PB.1385.2	Protein_PB.1385.2	LOC113264927	LOC113264927	novel_in_catalog	YES	13.79	29.11	34.99
PB.1385.22	Protein_PB.1385.22	LOC113264927	LOC113264927	novel_in_catalog	YES	23.39	55.83	28.95
PB.1385.24	Protein_PB.1385.24	LOC113264927	LOC113264927	full-splice_match	YES	17.23	16.32	8.03
PB.1385.26	Protein_PB.1385.26	LOC113264927	LOC113264927	incomplete-splice_match	YES	52.12	52.73	26.69
PB.1385.31	Protein_PB.1385.31	LOC113264927	LOC113264927	novel_not_in_catalog	YES	11.72	24.86	9.86
PB.1385.36	Protein_PB.1385.36	LOC113264927	LOC113264927	full-splice_match	YES	269.72	278.97	292.85
PB.1385.40	Protein_PB.1385.40	LOC113264927	LOC113264927	full-splice_match	YES	20.07	10.37	16.57
PB.13850.1	Protein_PB.13850.1	ARHGEF10	ARHGEF10	full-splice_match	YES	0.1	2.02	15.9
PB.13850.4	Protein_PB.13850.4	ARHGEF10	ARHGEF10	incomplete-splice_match	YES	54.12	19.2	28.94
PB.13851.3	Protein_PB.13851.3	CLN8	CLN8	full-splice_match	YES	35.81	38.55	33.63
PB.13854.1	Protein_PB.13854.1	FBXO25	FBXO25	full-splice_match	YES	19.15	14.48	40.47
PB.13855.3	Protein_PB.13855.3	LOC113262217	LOC113262217	novel_in_catalog	YES	22.36	25.32	19.45
PB.13861.11	Protein_PB.13861.11	LOC113262222	LOC113262222	novel_in_catalog	YES	36.03	38.59	23.51
PB.13861.2	Protein_PB.13861.2	LOC113262222	LOC113262222	full-splice_match	YES	30.26	43.44	33.88
PB.13861.9	Protein_PB.13861.9	LOC113262222	LOC113262222	novel_not_in_catalog	YES	25.32	5.94	26.04
PB.13862.1	Protein_PB.13862.1	GPM6A	GPM6A	full-splice_match	YES	25.49	26.77	20.03
PB.13864.2		SPATA4	SPATA4	novel_not_in_catalog	NO	17.91	15.53	7.64
PB.13864.4	Protein_PB.13864.4	SPATA4	SPATA4	novel_not_in_catalog	YES	39.99	81.82	64.8
PB.13864.6	Protein_PB.13864.6	SPATA4	SPATA4	novel_not_in_catalog	YES	206.6	283.45	178.19
PB.13864.7	Protein_PB.13864.7	SPATA4	SPATA4	novel_not_in_catalog	YES	31.71	38.68	13.8
PB.13865.1		ASB5	ASB5	novel_not_in_catalog	NO	33.81	25.58	52.7
PB.13865.3	Protein_PB.13865.3	ASB5	ASB5	novel_not_in_catalog	YES	265.23	324.55	247.4
PB.13865.4		ASB5	ASB5	novel_not_in_catalog	NO	13.11	17.93	35.85
PB.13865.5	Protein_PB.13865.5	ASB5	ASB5	novel_not_in_catalog	YES	37.84	49.73	41.36
PB.13865.6	Protein_PB.13865.6	ASB5	ASB5	novel_in_catalog	YES	30.42	29.29	26.74
PB.13865.8	Protein_PB.13865.8	ASB5	ASB5	novel_in_catalog	YES	67.59	59.93	64.78
PB.13865.9	Protein_PB.13865.9	ASB5	ASB5	full-splice_match	YES	3015.18	4431.84	2399.53
PB.13868.1	Protein_PB.13868.1	VEGFC	VEGFC	full-splice_match	YES	23.75	20.14	23.25
PB.13869.1	Protein_PB.13869.1	AGA	AGA	full-splice_match	YES	32.6	26.94	22.29
PB.13875.1		LOC113262238	LOC113262238	full-splice_match	NO	21.26	10.71	5.71
PB.13878.2	Protein_PB.13878.2	DCTD	DCTD	full-splice_match	YES	222.83	212.32	212.18
PB.13884.1	Protein_PB.13884.1	RWDD4	RWDD4	full-splice_match	YES	64.17	89.1	108.9
PB.13884.2	Protein_PB.13884.2	RWDD4	RWDD4	full-splice_match	YES	17.06	10.7	10.92
PB.13884.3	Protein_PB.13884.3	RWDD4	RWDD4	full-splice_match	YES	327.35	375.55	284.82
PB.13886.1	Protein_PB.13886.1	ENPP6	ENPP6	full-splice_match	YES	46.9	24.89	30.3
PB.13887.4	Protein_PB.13887.4	IRF2	IRF2	full-splice_match	YES	68.34	47.73	53.97
PB.13887.5	Protein_PB.13887.5	IRF2	IRF2	novel_in_catalog	YES	15.39	32.8	18.41
PB.13887.7	Protein_PB.13887.7	IRF2	IRF2	novel_not_in_catalog	YES	46.69	20.95	46.5
PB.13889.2	Protein_PB.13889.2	CASP3	CASP3	full-splice_match	YES	85.14	87.69	95.88
PB.13891.17	Protein_PB.13891.17	ACSL1	ACSL1	novel_not_in_catalog	YES	10.08	23.0	18.7
PB.13891.19	Protein_PB.13891.19	ACSL1	ACSL1	novel_in_catalog	YES	598.0	945.46	401.46
PB.13891.20	Protein_PB.13891.20	ACSL1	ACSL1	novel_not_in_catalog	YES	4.31	14.94	19.74
PB.13891.22	Protein_PB.13891.22	ACSL1	ACSL1	full-splice_match	YES	3.21	17.65	43.77
PB.13891.25	Protein_PB.13891.25	ACSL1	ACSL1	full-splice_match	YES	23.39	27.1	4.33
PB.13891.40	Protein_PB.13891.40	ACSL1	ACSL1	novel_not_in_catalog	YES	33.38	6.97	11.04
PB.13891.41	Protein_PB.13891.41	ACSL1	ACSL1	novel_in_catalog	YES	0.0	13.82	42.48
PB.13891.42	Protein_PB.13891.42	ACSL1	ACSL1	novel_in_catalog	YES	3417.89	5167.95	2671.3
PB.13891.45	Protein_PB.13891.45	ACSL1	ACSL1	novel_in_catalog	YES	15.83	32.34	19.85
PB.13891.49	Protein_PB.13891.49	ACSL1	ACSL1	novel_not_in_catalog	YES	1112.99	1547.84	713.28
PB.13891.50	Protein_PB.13891.50	ACSL1	ACSL1	novel_in_catalog	YES	0.01	0.0	81.26
PB.13891.53	Protein_PB.13891.53	ACSL1	ACSL1	novel_in_catalog	YES	22.87	7.26	22.84
PB.13891.61	Protein_PB.13891.61	ACSL1	ACSL1	novel_in_catalog	YES	28.03	21.09	29.43
PB.13891.65	Protein_PB.13891.65	ACSL1	ACSL1	novel_in_catalog	YES	13.17	24.68	34.26
PB.13891.66	Protein_PB.13891.66	ACSL1	ACSL1	novel_not_in_catalog	YES	315.19	448.27	239.25
PB.13891.68	Protein_PB.13891.68	ACSL1	ACSL1	novel_not_in_catalog	YES	21.36	6.54	45.31
PB.13891.73	Protein_PB.13891.73	ACSL1	ACSL1	novel_in_catalog	YES	5.23	19.14	2.36
PB.13891.76	Protein_PB.13891.76	ACSL1	ACSL1	novel_not_in_catalog	YES	42.76	29.97	33.01
PB.13891.88	Protein_PB.13891.88	ACSL1	ACSL1	novel_not_in_catalog	YES	49.0	91.14	64.38
PB.13891.91	Protein_PB.13891.91	ACSL1	ACSL1	novel_not_in_catalog	YES	594.58	836.89	357.58
PB.13891.96	Protein_PB.13891.96	ACSL1	ACSL1	novel_not_in_catalog	YES	29.34	31.97	21.5
PB.13891.97	Protein_PB.13891.97	ACSL1	ACSL1	novel_in_catalog	YES	32.39	27.19	47.07
PB.13891.98	Protein_PB.13891.98	ACSL1	ACSL1	novel_not_in_catalog	YES	27.7	13.37	25.08
PB.13896.2	Protein_PB.13896.2	CFAP97	CFAP97	full-splice_match	YES	21.96	19.52	26.28
PB.13896.7	Protein_PB.13896.7	CFAP97	CFAP97	novel_in_catalog	YES	65.33	76.92	78.99
PB.139.1	Protein_PB.139.1	ADAMTS1	ADAMTS1	full-splice_match	YES	53.79	54.63	69.21
PB.139.2	Protein_PB.139.2	ADAMTS1	ADAMTS1	incomplete-splice_match	YES	49.61	34.76	37.42
PB.13901.1	Protein_PB.13901.1	UFSP2	UFSP2	full-splice_match	YES	156.39	163.0	100.89
PB.13903.1	Protein_PB.13903.1	PDLIM3	PDLIM3	full-splice_match	YES	557.98	557.43	589.71
PB.13903.10	Protein_PB.13903.10	PDLIM3	PDLIM3	novel_not_in_catalog	YES	44.35	49.05	33.07
PB.13903.11	Protein_PB.13903.11	PDLIM3	PDLIM3	novel_in_catalog	YES	9353.15	8457.74	12545.0
PB.13903.12	Protein_PB.13903.12	PDLIM3	PDLIM3	novel_in_catalog	YES	704.64	581.33	832.92
PB.13903.13	Protein_PB.13903.13	PDLIM3	PDLIM3	novel_not_in_catalog	YES	5672.73	4799.62	7460.66
PB.13903.16	Protein_PB.13903.16	PDLIM3	PDLIM3	incomplete-splice_match	YES	120.41	65.81	173.15
PB.13903.3	Protein_PB.13903.3	PDLIM3	PDLIM3	novel_in_catalog	YES	523.05	406.74	690.59
PB.13903.4	Protein_PB.13903.4	PDLIM3	PDLIM3	novel_in_catalog	YES	2841.24	4217.8	4439.99
PB.13903.6	Protein_PB.13903.6	PDLIM3	PDLIM3	novel_in_catalog	YES	114.44	60.44	187.57
PB.13903.7	Protein_PB.13903.7	PDLIM3	PDLIM3	novel_not_in_catalog	YES	26.27	23.47	40.28
PB.13904.1	Protein_PB.13904.1	SORBS2	SORBS2	full-splice_match	YES	74.81	53.25	49.31
PB.13904.5	Protein_PB.13904.5	SORBS2	SORBS2	full-splice_match	YES	42.43	19.1	29.11
PB.13910.1	Protein_PB.13910.1	FAT1	FAT1	full-splice_match	YES	194.12	114.8	98.75
PB.13910.2	Protein_PB.13910.2	FAT1	FAT1	full-splice_match	YES	192.4	229.64	314.26
PB.13910.4	Protein_PB.13910.4	FAT1	FAT1	full-splice_match	YES	316.1	154.13	138.46
PB.13910.8	Protein_PB.13910.8	FAT1	FAT1	incomplete-splice_match	YES	96.7	79.15	83.28
PB.13920.1	Protein_PB.13920.1	PCDH7	PCDH7	full-splice_match	YES	86.67	46.35	66.41
PB.13920.3	Protein_PB.13920.3	PCDH7	PCDH7	full-splice_match	YES	19.68	2.26	19.95
PB.13936.1	Protein_PB.13936.1	PGM2	PGM2	novel_not_in_catalog	YES	88.39	80.17	57.05
PB.13936.5	Protein_PB.13936.5	PGM2	PGM2	novel_not_in_catalog	YES	104.24	92.99	85.07
PB.13937.1	Protein_PB.13937.1	TBC1D1	TBC1D1	full-splice_match	YES	42.35	26.03	24.3
PB.13937.10	Protein_PB.13937.10	TBC1D1	TBC1D1	novel_in_catalog	YES	19.08	35.54	8.55
PB.13937.12	Protein_PB.13937.12	TBC1D1	TBC1D1	novel_in_catalog	YES	223.62	253.07	117.92
PB.13937.13	Protein_PB.13937.13	TBC1D1	TBC1D1	novel_not_in_catalog	YES	49.65	85.47	39.36
PB.13937.14	Protein_PB.13937.14	TBC1D1	TBC1D1	incomplete-splice_match	YES	70.46	79.02	48.16
PB.13937.5	Protein_PB.13937.5	TBC1D1	TBC1D1	full-splice_match	YES	492.24	439.17	364.73
PB.1394.1	Protein_PB.1394.1	NDUFB2	NDUFB2	novel_in_catalog	YES	112.92	126.05	65.96
PB.1394.2	Protein_PB.1394.2	NDUFB2	NDUFB2	full-splice_match	YES	1307.31	1434.41	775.69
PB.13941.1	Protein_PB.13941.1	KLF3	KLF3	full-splice_match	YES	153.83	111.61	146.64
PB.13942.1	Protein_PB.13942.1	FAM114A1	FAM114A1	full-splice_match	YES	41.13	26.75	35.94
PB.13942.3	Protein_PB.13942.3	FAM114A1	FAM114A1	novel_not_in_catalog	YES	42.94	13.82	31.53
PB.13942.4	Protein_PB.13942.4	FAM114A1	FAM114A1	full-splice_match	YES	34.74	18.78	33.38
PB.13944.1	Protein_PB.13944.1	KLHL5	KLHL5	full-splice_match	YES	35.02	32.08	38.69
PB.13949.2	Protein_PB.13949.2	LIAS	LIAS	full-splice_match	YES	225.98	289.67	163.53
PB.13949.8	Protein_PB.13949.8	LIAS	LIAS	novel_not_in_catalog	YES	50.75	18.48	23.45
PB.13950.3	Protein_PB.13950.3	UBE2K	UBE2K	full-splice_match	YES	113.85	118.21	132.18
PB.13950.4	Protein_PB.13950.4	UBE2K	UBE2K	incomplete-splice_match	YES	70.98	89.47	77.41
PB.13952.1	Protein_PB.13952.1	N4BP2	N4BP2	full-splice_match	YES	22.23	2.19	21.83
PB.13952.2	Protein_PB.13952.2	N4BP2	N4BP2	full-splice_match	YES	30.97	32.35	56.04
PB.13952.7	Protein_PB.13952.7	N4BP2	N4BP2	full-splice_match	YES	17.9	55.35	28.56
PB.13952.8	Protein_PB.13952.8	N4BP2	N4BP2	full-splice_match	YES	29.05	18.66	48.27
PB.13957.2	Protein_PB.13957.2	UCHL1	UCHL1	full-splice_match	YES	106.89	111.64	65.5
PB.13957.4	Protein_PB.13957.4	UCHL1	UCHL1	novel_not_in_catalog	YES	10.41	16.38	31.86
PB.13957.5	Protein_PB.13957.5	UCHL1	UCHL1	incomplete-splice_match	YES	109.03	152.4	138.68
PB.13957.6	Protein_PB.13957.6	UCHL1	UCHL1	novel_not_in_catalog	YES	232.32	306.92	272.91
PB.13958.1	Protein_PB.13958.1	LIMCH1	LIMCH1	incomplete-splice_match	YES	58.47	38.45	79.34
PB.13958.10	Protein_PB.13958.10	LIMCH1	LIMCH1	full-splice_match	YES	147.5	93.93	120.83
PB.13958.12	Protein_PB.13958.12	LIMCH1	LIMCH1	full-splice_match	YES	872.21	804.1	1008.82
PB.13958.2	Protein_PB.13958.2	LIMCH1	LIMCH1	novel_not_in_catalog	YES	1101.41	878.91	921.71
PB.13958.4	Protein_PB.13958.4	LIMCH1	LIMCH1	full-splice_match	YES	104.17	96.54	138.05
PB.13959.1	Protein_PB.13959.1	TMEM33	TMEM33	full-splice_match	YES	34.07	9.66	36.29
PB.13959.2	Protein_PB.13959.2	TMEM33	TMEM33	full-splice_match	YES	208.52	235.48	175.13
PB.1396.1	Protein_PB.1396.1	TMEM178B	TMEM178B	full-splice_match	YES	24.2	24.09	25.22
PB.13960.2	Protein_PB.13960.2	SLC30A9	SLC30A9	novel_in_catalog	YES	26.8	34.6	20.19
PB.13960.3	Protein_PB.13960.3	SLC30A9	SLC30A9	full-splice_match	YES	271.96	289.57	297.17
PB.13960.4	Protein_PB.13960.4	SLC30A9	SLC30A9	incomplete-splice_match	YES	83.96	89.07	78.61
PB.13965.6		GRXCR1	GRXCR1	novel_not_in_catalog	NO	15.69	14.62	26.34
PB.13965.7	Protein_PB.13965.7	GRXCR1	GRXCR1	novel_not_in_catalog	YES	19.07	17.39	24.16
PB.13966.3	Protein_PB.13966.3	GUF1	GUF1	novel_not_in_catalog	YES	17.06	23.98	8.12
PB.13966.4	Protein_PB.13966.4	GUF1	GUF1	novel_not_in_catalog	YES	76.7	60.39	75.6
PB.13966.7	Protein_PB.13966.7	GUF1	GUF1	novel_not_in_catalog	YES	40.48	47.08	57.07
PB.13966.8	Protein_PB.13966.8	GUF1	GUF1	full-splice_match	YES	49.52	53.15	89.58
PB.13969.1	Protein_PB.13969.1	ATP10D	ATP10D	novel_in_catalog	YES	21.16	8.71	11.91
PB.1397.2	Protein_PB.1397.2	AGK	AGK	full-splice_match	YES	69.48	74.76	60.57
PB.1397.6	Protein_PB.1397.6	AGK	AGK	full-splice_match	YES	16.36	14.51	21.15
PB.13972.4	Protein_PB.13972.4	SLAIN2	SLAIN2	novel_not_in_catalog	YES	216.45	81.77	192.98
PB.13972.6	Protein_PB.13972.6	SLAIN2	SLAIN2	full-splice_match	YES	87.56	154.61	120.74
PB.13972.7	Protein_PB.13972.7	SLAIN2	SLAIN2	full-splice_match	YES	244.61	442.48	185.31
PB.13972.8	Protein_PB.13972.8	SLAIN2	SLAIN2	novel_in_catalog	YES	59.07	47.39	23.09
PB.13972.9	Protein_PB.13972.9	SLAIN2	SLAIN2	incomplete-splice_match	YES	622.03	789.78	568.95
PB.13976.1	Protein_PB.13976.1	OCIAD1	OCIAD1	novel_not_in_catalog	YES	105.62	119.44	132.97
PB.13976.14	Protein_PB.13976.14	OCIAD1	OCIAD1	novel_not_in_catalog	YES	116.23	108.31	98.58
PB.13976.2	Protein_PB.13976.2	OCIAD1	OCIAD1	incomplete-splice_match	YES	23.06	22.44	21.27
PB.13976.3	Protein_PB.13976.3	OCIAD1	OCIAD1	full-splice_match	YES	10.52	43.39	24.89
PB.13976.5	Protein_PB.13976.5	OCIAD1	OCIAD1	full-splice_match	YES	112.45	120.54	71.49
PB.13976.8	Protein_PB.13976.8	OCIAD1	OCIAD1	incomplete-splice_match	YES	91.67	103.3	145.42
PB.13979.5	Protein_PB.13979.5	DCUN1D4	DCUN1D4	novel_not_in_catalog	YES	29.23	30.72	24.38
PB.1398.4	Protein_PB.1398.4	SSBP1	SSBP1	full-splice_match	YES	33.26	48.47	36.78
PB.1398.7	Protein_PB.1398.7	SSBP1	SSBP1	full-splice_match	YES	16.96	11.06	9.8
PB.13980.1	Protein_PB.13980.1	novelGene_1561	novelGene_1561	intergenic	YES	15.53	17.47	7.22
PB.13982.1	Protein_PB.13982.1	LOC113262487	LOC113262487	full-splice_match	YES	15.83	12.82	17.88
PB.13983.2	Protein_PB.13983.2	RASL11B	RASL11B	full-splice_match	YES	20.4	13.27	19.51
PB.13984.1	Protein_PB.13984.1	FIP1L1	FIP1L1	novel_in_catalog	YES	38.9	43.06	53.84
PB.13984.19	Protein_PB.13984.19	FIP1L1	FIP1L1	full-splice_match	YES	40.58	53.44	34.97
PB.13984.4	Protein_PB.13984.4	FIP1L1	FIP1L1	full-splice_match	YES	58.47	71.51	46.89
PB.13984.6	Protein_PB.13984.6	FIP1L1	FIP1L1	novel_in_catalog	YES	25.08	12.1	9.53
PB.13984.8	Protein_PB.13984.8	FIP1L1	FIP1L1	novel_in_catalog	YES	53.41	53.56	63.92
PB.13987.12	Protein_PB.13987.12	PDGFRA	PDGFRA	full-splice_match	YES	111.46	54.1	104.18
PB.13987.3	Protein_PB.13987.3	PDGFRA	PDGFRA	full-splice_match	YES	179.67	174.61	205.74
PB.13987.7	Protein_PB.13987.7	PDGFRA	PDGFRA	novel_not_in_catalog	YES	21.18	15.19	22.39
PB.13988.3	Protein_PB.13988.3	KIT	KIT	full-splice_match	YES	18.83	16.72	35.25
PB.13991.1	Protein_PB.13991.1	TMEM165	TMEM165	full-splice_match	YES	46.51	38.52	43.87
PB.13994.1	Protein_PB.13994.1	EXOC1	EXOC1	full-splice_match	YES	54.0	19.61	31.16
PB.13994.4	Protein_PB.13994.4	EXOC1	EXOC1	novel_not_in_catalog	YES	55.44	119.41	60.24
PB.13994.5	Protein_PB.13994.5	EXOC1	EXOC1	novel_not_in_catalog	YES	229.86	277.0	247.8
PB.13994.7	Protein_PB.13994.7	EXOC1	EXOC1	novel_in_catalog	YES	22.04	26.35	26.14
PB.13995.1	Protein_PB.13995.1	CEP135	CEP135	full-splice_match	YES	49.65	52.18	42.67
PB.13998.1	Protein_PB.13998.1	PAICS	PAICS	full-splice_match	YES	141.61	114.62	140.16
PB.13998.3	Protein_PB.13998.3	PAICS	PAICS	novel_in_catalog	YES	166.05	197.18	175.77
PB.13998.4	Protein_PB.13998.4	PAICS	PAICS	novel_not_in_catalog	YES	47.82	61.67	85.35
PB.13999.2	Protein_PB.13999.2	SRP72	SRP72	full-splice_match	YES	21.27	13.2	30.27
PB.13999.3	Protein_PB.13999.3	SRP72	SRP72	incomplete-splice_match	YES	113.43	111.23	129.19
PB.13999.8	Protein_PB.13999.8	SRP72	SRP72	incomplete-splice_match	YES	93.82	83.63	79.05
PB.14.12	Protein_PB.14.12	MCM3AP	MCM3AP	incomplete-splice_match	YES	26.28	30.88	40.57
PB.14.3	Protein_PB.14.3	MCM3AP	MCM3AP	full-splice_match	YES	902.65	916.63	788.08
PB.14.4	Protein_PB.14.4	MCM3AP	MCM3AP	novel_in_catalog	YES	40.82	31.47	54.72
PB.14.5	Protein_PB.14.5	MCM3AP	MCM3AP	incomplete-splice_match	YES	21.15	47.93	57.22
PB.140.1	Protein_PB.140.1	CYYR1	CYYR1	novel_in_catalog	YES	168.53	147.74	147.11
PB.14003.1	Protein_PB.14003.1	REST	REST	incomplete-splice_match	YES	295.84	274.66	321.33
PB.14005.30	Protein_PB.14005.30	POLR2B	POLR2B	incomplete-splice_match	YES	37.28	27.44	35.31
PB.14005.4	Protein_PB.14005.4	POLR2B	POLR2B	full-splice_match	YES	462.7	461.81	428.36
PB.14018.1	Protein_PB.14018.1	YTHDC1	YTHDC1	full-splice_match	YES	62.97	94.28	102.78
PB.14018.2	Protein_PB.14018.2	YTHDC1	YTHDC1	full-splice_match	YES	138.2	114.3	166.2
PB.14018.3	Protein_PB.14018.3	YTHDC1	YTHDC1	full-splice_match	YES	58.61	60.82	109.55
PB.14018.5	Protein_PB.14018.5	YTHDC1	YTHDC1	novel_not_in_catalog	YES	43.38	54.8	12.84
PB.14018.6	Protein_PB.14018.6	YTHDC1	YTHDC1	novel_not_in_catalog	YES	73.49	41.31	83.99
PB.14030.12	Protein_PB.14030.12	ARAP2	ARAP2	full-splice_match	YES	23.9	14.5	21.44
PB.14031.1	Protein_PB.14031.1	RELL1	RELL1	novel_not_in_catalog	YES	33.34	40.72	48.86
PB.14031.2	Protein_PB.14031.2	RELL1	RELL1	full-splice_match	YES	238.06	277.7	199.83
PB.14038.1	Protein_PB.14038.1	RFC1	RFC1	novel_not_in_catalog	YES	20.47	19.6	39.71
PB.14038.3	Protein_PB.14038.3	RFC1	RFC1	full-splice_match	YES	206.42	229.75	166.79
PB.14038.4	Protein_PB.14038.4	RFC1	RFC1	incomplete-splice_match	YES	106.97	108.46	114.47
PB.14038.5	Protein_PB.14038.5	RFC1	RFC1	incomplete-splice_match	YES	22.17	21.09	11.16
PB.14039.1	Protein_PB.14039.1	RPL9	RPL9	full-splice_match	YES	5527.6	6024.64	7008.66
PB.14039.2	Protein_PB.14039.2	RPL9	RPL9	novel_in_catalog	YES	18.33	19.99	31.98
PB.14040.1	Protein_PB.14040.1	UGDH	UGDH	full-splice_match	YES	70.48	38.3	64.2
PB.14040.11	Protein_PB.14040.11	SMIM14	SMIM14	novel_in_catalog	YES	34.82	32.46	56.36
PB.14040.13	Protein_PB.14040.13	SMIM14	SMIM14	novel_not_in_catalog	YES	12.83	21.51	46.14
PB.14040.5	Protein_PB.14040.5	SMIM14	SMIM14	full-splice_match	YES	26.76	22.31	18.15
PB.14040.6	Protein_PB.14040.6	SMIM14	SMIM14	full-splice_match	YES	45.87	31.56	28.57
PB.14040.7	Protein_PB.14040.7	SMIM14	SMIM14	full-splice_match	YES	9.08	25.22	14.44
PB.14041.1	Protein_PB.14041.1	PDS5A	PDS5A	full-splice_match	YES	69.41	68.18	57.36
PB.14041.2	Protein_PB.14041.2	PDS5A	PDS5A	full-splice_match	YES	433.62	462.28	403.95
PB.14041.3	Protein_PB.14041.3	PDS5A	PDS5A	incomplete-splice_match	YES	15.25	18.59	23.24
PB.14046.1	Protein_PB.14046.1	APBB2	APBB2	novel_not_in_catalog	YES	11.51	19.3	19.99
PB.14046.10	Protein_PB.14046.10	APBB2	APBB2	novel_in_catalog	YES	44.27	49.9	28.45
PB.14046.11	Protein_PB.14046.11	APBB2	APBB2	incomplete-splice_match	YES	160.42	155.01	115.82
PB.14046.2	Protein_PB.14046.2	APBB2	APBB2	full-splice_match	YES	21.16	27.43	30.42
PB.14046.3	Protein_PB.14046.3	APBB2	APBB2	full-splice_match	YES	16.37	7.73	32.67
PB.14046.4	Protein_PB.14046.4	APBB2	APBB2	full-splice_match	YES	154.25	86.71	83.33
PB.14050.2	Protein_PB.14050.2	ATP8A1	ATP8A1	full-splice_match	YES	30.69	29.84	34.66
PB.14050.3	Protein_PB.14050.3	ATP8A1	ATP8A1	full-splice_match	YES	511.18	539.41	722.99
PB.14055.1	Protein_PB.14055.1	YIPF7	YIPF7	full-splice_match	YES	61.78	57.24	39.92
PB.14055.2	Protein_PB.14055.2	YIPF7	YIPF7	full-splice_match	YES	103.15	105.65	62.64
PB.14055.4	Protein_PB.14055.4	YIPF7	YIPF7	novel_not_in_catalog	YES	253.34	253.59	185.01
PB.14055.5		YIPF7	YIPF7	novel_not_in_catalog	NO	19.66	19.95	18.01
PB.14056.3	Protein_PB.14056.3	GNPDA2	GNPDA2	full-splice_match	YES	46.59	58.7	39.96
PB.14056.5	Protein_PB.14056.5	GNPDA2	GNPDA2	incomplete-splice_match	YES	38.37	33.88	17.43
PB.14067.3	Protein_PB.14067.3	COMMD8	COMMD8	novel_not_in_catalog	YES	11.64	18.33	13.1
PB.14067.5	Protein_PB.14067.5	COMMD8	COMMD8	full-splice_match	YES	117.84	121.55	122.11
PB.14070.5	Protein_PB.14070.5	NFXL1	NFXL1	novel_in_catalog	YES	64.44	54.13	56.11
PB.14079.4	Protein_PB.14079.4	FRYL	FRYL	full-splice_match	YES	258.39	224.33	244.01
PB.14079.9	Protein_PB.14079.9	FRYL	FRYL	full-splice_match	YES	91.37	69.05	74.38
PB.14082.2	Protein_PB.14082.2	OCIAD2	OCIAD2	full-splice_match	YES	10.29	8.23	16.78
PB.14085.1	Protein_PB.14085.1	LRRC66	LRRC66	full-splice_match	YES	39.64	41.01	44.22
PB.14085.4	Protein_PB.14085.4	LRRC66_SGCB	LRRC66_SGCB	fusion	YES	18.19	18.46	38.99
PB.14085.7	Protein_PB.14085.7	LRRC66_SGCB	LRRC66_SGCB	full-splice_match	YES	599.97	616.3	796.49
PB.14085.9	Protein_PB.14085.9	SGCB	SGCB	novel_not_in_catalog	YES	91.07	70.46	92.76
PB.14088.1	Protein_PB.14088.1	USP46	USP46	full-splice_match	YES	110.75	108.35	150.84
PB.14090.2		LOC113262489	LOC113262489	novel_not_in_catalog	NO	53.56	56.48	55.91
PB.14090.3		LOC113262489	LOC113262489	full-splice_match	NO	6.64	12.43	22.16
PB.14092.1	Protein_PB.14092.1	SCFD2	SCFD2	full-splice_match	YES	64.98	57.18	53.17
PB.14094.10	Protein_PB.14094.10	LNX1	LNX1	novel_not_in_catalog	YES	23.9	32.7	39.81
PB.14094.2	Protein_PB.14094.2	LNX1	LNX1	full-splice_match	YES	17.82	14.56	8.79
PB.14094.3	Protein_PB.14094.3	LNX1	LNX1	full-splice_match	YES	13.51	16.76	6.78
PB.14094.5	Protein_PB.14094.5	LNX1	LNX1	novel_not_in_catalog	YES	92.59	118.49	124.1
PB.14094.6	Protein_PB.14094.6	LNX1	LNX1	novel_in_catalog	YES	46.23	37.29	26.56
PB.14095.3	Protein_PB.14095.3	CHIC2	CHIC2	novel_not_in_catalog	YES	8.72	3.15	24.79
PB.14099.1	Protein_PB.14099.1	KDR	KDR	full-splice_match	YES	474.48	362.58	204.2
PB.14099.4	Protein_PB.14099.4	KDR	KDR	novel_not_in_catalog	YES	51.33	46.85	22.38
PB.14099.8	Protein_PB.14099.8	KDR	KDR	incomplete-splice_match	YES	17.01	17.85	10.33
PB.14101.1	Protein_PB.14101.1	CLOCK	CLOCK	novel_in_catalog	YES	63.79	83.26	99.82
PB.14101.13	Protein_PB.14101.13	CLOCK	CLOCK	novel_in_catalog	YES	20.5	26.24	31.89
PB.14106.11	Protein_PB.14106.11	AASDH	AASDH	novel_in_catalog	YES	23.86	6.93	17.51
PB.14106.13	Protein_PB.14106.13	AASDH	AASDH	novel_in_catalog	YES	29.86	46.85	29.42
PB.14106.3	Protein_PB.14106.3	AASDH	AASDH	full-splice_match	YES	35.12	38.91	38.27
PB.14106.4	Protein_PB.14106.4	AASDH	AASDH	novel_not_in_catalog	YES	15.04	21.46	8.87
PB.14107.1	Protein_PB.14107.1	PPAT	PPAT	full-splice_match	YES	92.98	96.79	116.59
PB.14107.3	Protein_PB.14107.3	PPAT	PPAT	novel_in_catalog	YES	84.44	89.15	76.75
PB.14112.1	Protein_PB.14112.1	NOA1	NOA1	full-splice_match	YES	62.77	60.8	32.04
PB.14112.2	Protein_PB.14112.2	NOA1	NOA1	novel_not_in_catalog	YES	22.14	15.06	14.62
PB.14112.3	Protein_PB.14112.3	NOA1	NOA1	novel_not_in_catalog	YES	23.45	28.86	15.62
PB.14113.1	Protein_PB.14113.1	IGFBP7	IGFBP7	full-splice_match	YES	1110.68	530.17	406.35
PB.14126.1	Protein_PB.14126.1	TECRL	TECRL	novel_not_in_catalog	YES	4.63	17.8	5.47
PB.14126.5	Protein_PB.14126.5	TECRL	TECRL	full-splice_match	YES	387.78	1003.32	421.16
PB.14133.1	Protein_PB.14133.1	CENPC	CENPC	full-splice_match	YES	18.2	19.46	20.79
PB.14133.3	Protein_PB.14133.3	CENPC	CENPC	full-splice_match	YES	80.02	90.61	68.89
PB.14133.4	Protein_PB.14133.4	CENPC	CENPC	full-splice_match	YES	3.24	33.91	17.76
PB.14133.5	Protein_PB.14133.5	CENPC	CENPC	incomplete-splice_match	YES	55.42	43.98	58.26
PB.14134.1	Protein_PB.14134.1	UBA6	UBA6	full-splice_match	YES	41.93	56.72	22.21
PB.14134.2	Protein_PB.14134.2	UBA6	UBA6	novel_in_catalog	YES	31.42	32.46	52.74
PB.14134.3	Protein_PB.14134.3	UBA6	UBA6	novel_not_in_catalog	YES	31.18	36.22	34.26
PB.14134.4	Protein_PB.14134.4	UBA6	UBA6	incomplete-splice_match	YES	73.93	66.21	58.92
PB.14155.1	Protein_PB.14155.1	G0S2	G0S2	full-splice_match	YES	65.32	70.29	123.58
PB.14156.1	Protein_PB.14156.1	HSD11B1	HSD11B1	novel_not_in_catalog	YES	46.21	18.19	19.69
PB.14158.1	Protein_PB.14158.1	UTP25	UTP25	novel_in_catalog	YES	42.99	33.84	36.04
PB.14158.2	Protein_PB.14158.2	UTP25	UTP25	full-splice_match	YES	17.99	7.17	11.53
PB.14158.3	Protein_PB.14158.3	UTP25	UTP25	novel_not_in_catalog	YES	41.48	51.35	57.78
PB.14158.5	Protein_PB.14158.5	UTP25	UTP25	novel_in_catalog	YES	14.99	25.92	6.74
PB.14161.1	Protein_PB.14161.1	SERTAD4	SERTAD4	full-splice_match	YES	30.94	12.58	21.55
PB.14162.3	Protein_PB.14162.3	HHAT	HHAT	full-splice_match	YES	19.89	11.03	15.87
PB.14164.1	Protein_PB.14164.1	RCOR3	RCOR3	full-splice_match	YES	77.66	110.71	82.55
PB.14164.11	Protein_PB.14164.11	RCOR3	RCOR3	full-splice_match	YES	6.98	6.52	21.85
PB.14164.8	Protein_PB.14164.8	RCOR3	RCOR3	novel_not_in_catalog	YES	137.53	132.47	85.93
PB.14166.2	Protein_PB.14166.2	TRAF5	TRAF5	full-splice_match	YES	30.08	4.88	7.52
PB.14168.1	Protein_PB.14168.1	PPP2R5A	PPP2R5A	full-splice_match	YES	273.29	203.68	299.36
PB.14168.5	Protein_PB.14168.5	PPP2R5A	PPP2R5A	incomplete-splice_match	YES	220.94	182.76	202.88
PB.14170.1	Protein_PB.14170.1	NENF	NENF	full-splice_match	YES	182.51	181.08	197.62
PB.14170.2		NENF	NENF	incomplete-splice_match	NO	54.31	72.3	95.68
PB.14171.1	Protein_PB.14171.1	ATF3	ATF3	full-splice_match	YES	232.83	58.53	111.24
PB.14174.1	Protein_PB.14174.1	TATDN3	TATDN3	novel_in_catalog	YES	12.88	23.72	16.44
PB.14174.2	Protein_PB.14174.2	TATDN3	TATDN3	full-splice_match	YES	61.08	83.0	79.4
PB.14174.5	Protein_PB.14174.5	TATDN3	TATDN3	full-splice_match	YES	22.09	23.82	26.38
PB.14175.1	Protein_PB.14175.1	FLVCR1	FLVCR1	full-splice_match	YES	84.25	80.52	118.21
PB.14177.3	Protein_PB.14177.3	VASH2	VASH2	full-splice_match	YES	35.29	27.24	28.11
PB.14178.12	Protein_PB.14178.12	RPS6KC1	RPS6KC1	novel_in_catalog	YES	121.86	161.44	157.28
PB.14178.13	Protein_PB.14178.13	RPS6KC1	RPS6KC1	novel_in_catalog	YES	19.88	26.63	27.69
PB.14178.18	Protein_PB.14178.18	RPS6KC1	RPS6KC1	full-splice_match	YES	28.17	7.62	1.52
PB.14178.2	Protein_PB.14178.2	RPS6KC1	RPS6KC1	novel_not_in_catalog	YES	21.65	12.1	19.25
PB.14178.5	Protein_PB.14178.5	RPS6KC1	RPS6KC1	full-splice_match	YES	32.17	41.44	40.49
PB.14178.6	Protein_PB.14178.6	RPS6KC1	RPS6KC1	novel_in_catalog	YES	82.44	100.58	72.67
PB.14178.8	Protein_PB.14178.8	RPS6KC1	RPS6KC1	novel_not_in_catalog	YES	147.38	160.64	105.69
PB.14178.9	Protein_PB.14178.9	RPS6KC1	RPS6KC1	novel_in_catalog	YES	32.4	43.06	30.82
PB.14180.1	Protein_PB.14180.1	PROX1	PROX1	full-splice_match	YES	106.54	179.85	252.22
PB.14180.3	Protein_PB.14180.3	PROX1	PROX1	incomplete-splice_match	YES	9.76	29.5	14.79
PB.14180.7	Protein_PB.14180.7	PROX1	PROX1	full-splice_match	YES	6.87	29.21	25.12
PB.14180.8	Protein_PB.14180.8	PROX1	PROX1	incomplete-splice_match	YES	36.79	44.55	84.59
PB.14181.2	Protein_PB.14181.2	SMYD2	SMYD2	novel_in_catalog	YES	277.57	249.76	233.26
PB.14181.3	Protein_PB.14181.3	SMYD2	SMYD2	novel_in_catalog	YES	959.7	864.52	786.0
PB.14181.5	Protein_PB.14181.5	SMYD2	SMYD2	full-splice_match	YES	28.4	33.17	25.22
PB.14184.1	Protein_PB.14184.1	KCNK2	KCNK2	full-splice_match	YES	17.27	7.44	4.88
PB.14189.2	Protein_PB.14189.2	TOR1AIP1	TOR1AIP1	full-splice_match	YES	429.16	468.02	274.34
PB.14189.4	Protein_PB.14189.4	TOR1AIP1	TOR1AIP1	novel_in_catalog	YES	75.2	124.8	135.33
PB.14189.6	Protein_PB.14189.6	TOR1AIP1	TOR1AIP1	novel_in_catalog	YES	301.81	226.88	439.01
PB.14190.1	Protein_PB.14190.1	CEP350	CEP350	full-splice_match	YES	1218.06	1385.99	1152.06
PB.14190.2	Protein_PB.14190.2	CEP350	CEP350	full-splice_match	YES	433.13	408.69	488.26
PB.14190.3	Protein_PB.14190.3	CEP350	CEP350	incomplete-splice_match	YES	116.34	85.96	70.87
PB.14190.4	Protein_PB.14190.4	CEP350	CEP350	incomplete-splice_match	YES	15.12	73.09	42.78
PB.14191.3	Protein_PB.14191.3	QSOX1	QSOX1	full-splice_match	YES	119.04	81.47	95.58
PB.14193.1	Protein_PB.14193.1	XPR1	XPR1	novel_in_catalog	YES	29.99	25.63	14.33
PB.14193.2	Protein_PB.14193.2	XPR1	XPR1	full-splice_match	YES	67.35	69.27	90.93
PB.14195.5	Protein_PB.14195.5	KIAA1614	KIAA1614	full-splice_match	YES	23.69	23.93	43.99
PB.14197.1	Protein_PB.14197.1	IER5	IER5	full-splice_match	YES	107.69	61.48	98.31
PB.14204.3	Protein_PB.14204.3	RGSL1	RGSL1	full-splice_match	YES	11.05	17.29	13.2
PB.14207.1	Protein_PB.14207.1	DHX9	DHX9	full-splice_match	YES	10.25	6.8	20.7
PB.14207.2	Protein_PB.14207.2	DHX9	DHX9	novel_not_in_catalog	YES	100.0	76.98	109.35
PB.14207.4	Protein_PB.14207.4	DHX9	DHX9	incomplete-splice_match	YES	41.33	64.81	43.62
PB.14209.1	Protein_PB.14209.1	LAMC1	LAMC1	full-splice_match	YES	1432.9	1173.75	1036.24
PB.14209.2	Protein_PB.14209.2	LAMC1	LAMC1	incomplete-splice_match	YES	214.72	146.67	180.45
PB.14211.11	Protein_PB.14211.11	SMG7	SMG7	novel_not_in_catalog	YES	24.81	11.1	40.71
PB.14211.17	Protein_PB.14211.17	SMG7	SMG7	novel_in_catalog	YES	89.42	90.85	108.85
PB.14211.6	Protein_PB.14211.6	SMG7	SMG7	novel_in_catalog	YES	45.73	54.26	47.18
PB.14212.2	Protein_PB.14212.2	RGL1	RGL1	novel_not_in_catalog	YES	25.27	24.62	17.35
PB.14212.4	Protein_PB.14212.4	RGL1	RGL1	full-splice_match	YES	78.43	50.43	54.94
PB.14213.4	Protein_PB.14213.4	TSEN15	TSEN15	full-splice_match	YES	196.28	216.72	184.86
PB.14215.1	Protein_PB.14215.1	CUNH1orf21	CUNH1orf21	full-splice_match	YES	547.47	597.18	1025.64
PB.14215.2	Protein_PB.14215.2	CUNH1orf21	CUNH1orf21	novel_not_in_catalog	YES	31.44	33.64	18.1
PB.14215.3	Protein_PB.14215.3	CUNH1orf21	CUNH1orf21	full-splice_match	YES	731.0	803.89	866.92
PB.14215.4	Protein_PB.14215.4	CUNH1orf21	CUNH1orf21	incomplete-splice_match	YES	33.47	13.4	16.65
PB.14217.1	Protein_PB.14217.1	RNF2	RNF2	full-splice_match	YES	27.66	27.54	22.62
PB.14217.2	Protein_PB.14217.2	RNF2	RNF2	full-splice_match	YES	47.6	39.65	36.7
PB.14217.4	Protein_PB.14217.4	RNF2	RNF2	novel_not_in_catalog	YES	11.68	14.51	21.42
PB.14218.2	Protein_PB.14218.2	SWT1	SWT1	full-splice_match	YES	30.12	32.52	45.32
PB.14220.1	Protein_PB.14220.1	HMCN1	HMCN1	full-splice_match	YES	430.74	249.38	261.87
PB.14222.1	Protein_PB.14222.1	ODR4	ODR4	full-splice_match	YES	171.04	174.8	160.68
PB.14222.2	Protein_PB.14222.2	ODR4	ODR4	novel_in_catalog	YES	28.56	17.1	47.93
PB.14231.1	Protein_PB.14231.1	ABL2	ABL2	full-splice_match	YES	6.24	21.61	9.09
PB.14231.2	Protein_PB.14231.2	ABL2	ABL2	full-splice_match	YES	14.33	20.39	16.67
PB.14231.3	Protein_PB.14231.3	ABL2	ABL2	full-splice_match	YES	29.02	20.62	43.38
PB.14231.4	Protein_PB.14231.4	ABL2	ABL2	full-splice_match	YES	33.67	23.25	29.73
PB.14233.1	Protein_PB.14233.1	ANGPTL1	ANGPTL1	full-splice_match	YES	54.13	31.31	26.19
PB.14242.1	Protein_PB.14242.1	COP1	COP1	full-splice_match	YES	47.93	35.49	34.78
PB.14242.4	Protein_PB.14242.4	COP1	COP1	full-splice_match	YES	165.42	160.86	159.11
PB.14242.5	Protein_PB.14242.5	COP1	COP1	incomplete-splice_match	YES	33.49	33.9	30.71
PB.14247.1	Protein_PB.14247.1	KIAA0040	KIAA0040	full-splice_match	YES	147.25	83.94	94.95
PB.14248.1	Protein_PB.14248.1	MRPS14	MRPS14	full-splice_match	YES	289.07	308.54	247.74
PB.14250.1	Protein_PB.14250.1	LOC113262803	LOC113262803	full-splice_match	YES	27.14	25.53	25.73
PB.14255.1	Protein_PB.14255.1	RC3H1	RC3H1	full-splice_match	YES	144.12	166.22	187.55
PB.14255.2	Protein_PB.14255.2	RC3H1	RC3H1	full-splice_match	YES	43.18	12.34	20.95
PB.14255.4	Protein_PB.14255.4	RC3H1	RC3H1	full-splice_match	YES	81.63	56.28	72.71
PB.14255.5	Protein_PB.14255.5	RC3H1	RC3H1	full-splice_match	YES	31.25	42.52	18.16
PB.14255.6	Protein_PB.14255.6	RC3H1	RC3H1	full-splice_match	YES	46.49	63.78	44.32
PB.14256.5	Protein_PB.14256.5	SERPINC1	SERPINC1	full-splice_match	YES	39.45	33.72	37.94
PB.14257.12		LOC113262811	LOC113262811	full-splice_match	NO	45.58	28.48	86.69
PB.14257.16		LOC113262811	LOC113262811	full-splice_match	NO	3.59	5.41	24.73
PB.14265.2	Protein_PB.14265.2	PIGC	PIGC	full-splice_match	YES	74.33	68.59	59.14
PB.14265.3	Protein_PB.14265.3	PIGC	PIGC	full-splice_match	YES	23.45	15.33	31.53
PB.14265.4	Protein_PB.14265.4	PIGC	PIGC	full-splice_match	YES	18.17	31.87	34.54
PB.14265.5	Protein_PB.14265.5	PIGC	PIGC	full-splice_match	YES	16.92	34.25	19.76
PB.14269.14	Protein_PB.14269.14	VAMP4	VAMP4	full-splice_match	YES	87.17	77.05	43.35
PB.14269.22	Protein_PB.14269.22	VAMP4	VAMP4	novel_not_in_catalog	YES	81.09	80.37	120.41
PB.14270.1	Protein_PB.14270.1	MYOC	MYOC	full-splice_match	YES	204.16	224.3	228.24
PB.14275.2	Protein_PB.14275.2	KIFAP3	KIFAP3	novel_in_catalog	YES	96.21	116.13	103.16
PB.14275.3	Protein_PB.14275.3	KIFAP3	KIFAP3	novel_in_catalog	YES	74.93	52.04	75.68
PB.14275.6	Protein_PB.14275.6	KIFAP3	KIFAP3	incomplete-splice_match	YES	71.34	60.41	50.43
PB.14276.3	Protein_PB.14276.3	SCYL3	SCYL3	full-splice_match	YES	65.88	61.09	75.62
PB.14277.2	Protein_PB.14277.2	METTL18	METTL18	full-splice_match	YES	21.28	17.45	26.49
PB.1428.11		GSTK1	GSTK1	novel_in_catalog	NO	1.84	3.88	17.86
PB.1428.13	Protein_PB.1428.13	GSTK1	GSTK1	novel_in_catalog	YES	37.07	51.33	46.72
PB.1428.2	Protein_PB.1428.2	GSTK1	GSTK1	full-splice_match	YES	248.07	493.09	255.45
PB.14282.1	Protein_PB.14282.1	SLC19A2	SLC19A2	full-splice_match	YES	278.8	263.86	98.78
PB.14284.3	Protein_PB.14284.3	NME7	NME7	full-splice_match	YES	30.31	31.58	35.8
PB.14286.6	Protein_PB.14286.6	DPT	DPT	full-splice_match	YES	361.28	192.87	179.62
PB.14290.1	Protein_PB.14290.1	MPC2	MPC2	novel_not_in_catalog	YES	100.33	106.9	124.63
PB.14290.2	Protein_PB.14290.2	MPC2	MPC2	full-splice_match	YES	1319.53	1680.41	1444.04
PB.14296.2	Protein_PB.14296.2	CREG1	CREG1	full-splice_match	YES	318.27	310.64	374.59
PB.14296.3	Protein_PB.14296.3	CREG1	CREG1	novel_not_in_catalog	YES	74.45	80.72	91.93
PB.143.1	Protein_PB.143.1	APP	APP	novel_not_in_catalog	YES	65.27	49.1	54.06
PB.143.2	Protein_PB.143.2	APP	APP	full-splice_match	YES	262.48	161.14	230.15
PB.143.3	Protein_PB.143.3	APP	APP	full-splice_match	YES	96.83	23.19	17.49
PB.143.5	Protein_PB.143.5	APP	APP	full-splice_match	YES	8.08	17.31	14.97
PB.14302.1	Protein_PB.14302.1	ILDR2	ILDR2	full-splice_match	YES	27.78	20.99	14.17
PB.14303.15	Protein_PB.14303.15	DISP1	DISP1	novel_in_catalog	YES	25.8	10.05	15.65
PB.14303.6	Protein_PB.14303.6	DISP1	DISP1	novel_in_catalog	YES	27.81	21.3	19.41
PB.14303.7	Protein_PB.14303.7	DISP1	DISP1	novel_in_catalog	YES	100.37	80.36	85.2
PB.14307.1	Protein_PB.14307.1	CAPN2	CAPN2	full-splice_match	YES	531.3	446.36	456.1
PB.14308.2	Protein_PB.14308.2	FBXO28	FBXO28	full-splice_match	YES	319.13	353.18	372.98
PB.14309.1	Protein_PB.14309.1	DEGS1	DEGS1	full-splice_match	YES	133.37	138.81	135.0
PB.1431.1	Protein_PB.1431.1	CLCN1	CLCN1	full-splice_match	YES	176.72	156.53	140.08
PB.1431.2	Protein_PB.1431.2	CLCN1	CLCN1	incomplete-splice_match	YES	88.55	76.47	80.32
PB.1431.3	Protein_PB.1431.3	CLCN1	CLCN1	novel_not_in_catalog	YES	27.27	22.33	27.91
PB.14310.3	Protein_PB.14310.3	CNIH4	CNIH4	full-splice_match	YES	32.6	25.56	33.01
PB.14311.1		novelGene_1613	novelGene_1613	intergenic	NO	42.61	51.75	83.42
PB.14313.1	Protein_PB.14313.1	DNAH14	DNAH14	full-splice_match	YES	14.06	20.9	20.89
PB.14315.2		SRP9	SRP9	novel_not_in_catalog	NO	39.8	69.75	89.6
PB.14315.3		SRP9	SRP9	novel_not_in_catalog	NO	4.36	12.24	24.89
PB.14315.5	Protein_PB.14315.5	SRP9	SRP9	novel_not_in_catalog	YES	7.89	9.99	17.37
PB.14315.7		SRP9	SRP9	full-splice_match	NO	463.01	468.18	477.02
PB.14316.1	Protein_PB.14316.1	EPHX1	EPHX1	full-splice_match	YES	62.83	55.37	78.31
PB.14316.6	Protein_PB.14316.6	EPHX1	EPHX1	novel_not_in_catalog	YES	25.77	21.42	28.9
PB.14319.1	Protein_PB.14319.1	LOC113262919	LOC113262919	full-splice_match	YES	1231.49	1236.81	1332.22
PB.1432.3	Protein_PB.1432.3	ZYX	ZYX	full-splice_match	YES	135.33	94.93	137.68
PB.14324.2	Protein_PB.14324.2	STUM	STUM	full-splice_match	YES	26.43	15.97	20.29
PB.14325.3	Protein_PB.14325.3	PSEN2	PSEN2	full-splice_match	YES	18.32	38.07	26.19
PB.14325.4	Protein_PB.14325.4	PSEN2	PSEN2	full-splice_match	YES	57.04	86.53	45.53
PB.14325.9	Protein_PB.14325.9	PSEN2	PSEN2	novel_in_catalog	YES	69.6	66.17	117.62
PB.14327.1	Protein_PB.14327.1	COQ8A	COQ8A	full-splice_match	YES	12517.0	17022.55	11583.13
PB.14327.10	Protein_PB.14327.10	COQ8A	COQ8A	novel_not_in_catalog	YES	86.95	132.04	135.43
PB.14327.11	Protein_PB.14327.11	COQ8A	COQ8A	novel_not_in_catalog	YES	14.23	31.27	62.14
PB.14327.13	Protein_PB.14327.13	COQ8A	COQ8A	novel_in_catalog	YES	28.41	20.15	38.36
PB.14327.14	Protein_PB.14327.14	COQ8A	COQ8A	novel_not_in_catalog	YES	33.7	39.53	27.7
PB.14327.15	Protein_PB.14327.15	COQ8A	COQ8A	novel_in_catalog	YES	1.93	35.66	29.92
PB.14327.17	Protein_PB.14327.17	COQ8A	COQ8A	novel_not_in_catalog	YES	21.92	32.4	29.35
PB.14327.18	Protein_PB.14327.18	COQ8A	COQ8A	novel_not_in_catalog	YES	53.34	70.52	58.22
PB.14327.19	Protein_PB.14327.19	COQ8A	COQ8A	novel_not_in_catalog	YES	23.51	45.37	33.32
PB.14327.2	Protein_PB.14327.2	COQ8A	COQ8A	incomplete-splice_match	YES	80.34	64.85	70.02
PB.14327.23	Protein_PB.14327.23	COQ8A	COQ8A	novel_not_in_catalog	YES	86.82	97.29	79.6
PB.14327.24	Protein_PB.14327.24	COQ8A	COQ8A	novel_not_in_catalog	YES	23.05	24.0	79.69
PB.14327.28	Protein_PB.14327.28	COQ8A	COQ8A	novel_not_in_catalog	YES	34.81	26.59	21.51
PB.14327.29	Protein_PB.14327.29	COQ8A	COQ8A	novel_not_in_catalog	YES	45.94	77.28	67.18
PB.14327.30	Protein_PB.14327.30	COQ8A	COQ8A	novel_not_in_catalog	YES	20.63	17.89	39.14
PB.14327.34	Protein_PB.14327.34	COQ8A	COQ8A	incomplete-splice_match	YES	933.52	1328.42	771.72
PB.14327.35	Protein_PB.14327.35	COQ8A	COQ8A	novel_in_catalog	YES	27.83	14.42	25.32
PB.14327.37	Protein_PB.14327.37	COQ8A	COQ8A	incomplete-splice_match	YES	777.96	1117.42	1123.32
PB.14327.4	Protein_PB.14327.4	COQ8A	COQ8A	novel_not_in_catalog	YES	1.82	17.98	13.53
PB.14327.6	Protein_PB.14327.6	COQ8A	COQ8A	novel_in_catalog	YES	85.58	57.04	55.83
PB.14328.1	Protein_PB.14328.1	novelGene_LOC113262936_AS	novelGene_LOC113262936_AS	antisense	YES	35.38	43.71	71.07
PB.14330.1	Protein_PB.14330.1	AHCTF1	AHCTF1	full-splice_match	YES	157.37	84.23	137.92
PB.14330.10	Protein_PB.14330.10	AHCTF1	AHCTF1	incomplete-splice_match	YES	14.64	26.48	25.17
PB.14330.2	Protein_PB.14330.2	AHCTF1	AHCTF1	full-splice_match	YES	244.69	340.65	245.25
PB.14330.6	Protein_PB.14330.6	AHCTF1	AHCTF1	full-splice_match	YES	12.75	17.25	27.94
PB.14330.7	Protein_PB.14330.7	AHCTF1	AHCTF1	incomplete-splice_match	YES	108.07	123.56	83.48
PB.14333.1	Protein_PB.14333.1	TFB2M	TFB2M	novel_not_in_catalog	YES	40.91	40.69	30.27
PB.14333.4	Protein_PB.14333.4	TFB2M	TFB2M	novel_not_in_catalog	YES	85.3	95.71	45.34
PB.14333.7	Protein_PB.14333.7	TFB2M	TFB2M	full-splice_match	YES	387.25	508.97	281.02
PB.14334.1	Protein_PB.14334.1	SMYD3	SMYD3	full-splice_match	YES	24.56	28.31	25.1
PB.14335.1		LOC113262950	LOC113262950	full-splice_match	NO	10.19	12.6	26.43
PB.14336.1	Protein_PB.14336.1	HNRNPU	HNRNPU	full-splice_match	YES	833.25	814.83	947.91
PB.14336.2	Protein_PB.14336.2	HNRNPU	HNRNPU	full-splice_match	YES	307.25	250.44	298.25
PB.14336.4	Protein_PB.14336.4	HNRNPU	HNRNPU	novel_in_catalog	YES	46.32	35.14	62.26
PB.14336.5	Protein_PB.14336.5	HNRNPU	HNRNPU	incomplete-splice_match	YES	146.54	114.68	171.78
PB.14336.6	Protein_PB.14336.6	HNRNPU	HNRNPU	incomplete-splice_match	YES	19.25	18.25	16.81
PB.14336.7	Protein_PB.14336.7	HNRNPU	HNRNPU	incomplete-splice_match	YES	130.24	158.14	209.97
PB.14337.1		LOC113262954	LOC113262954	full-splice_match	NO	40.71	32.32	49.46
PB.14341.1	Protein_PB.14341.1	ADSS	ADSS	novel_not_in_catalog	YES	36.17	28.87	48.25
PB.14341.3	Protein_PB.14341.3	ADSS	ADSS	full-splice_match	YES	44.11	23.27	53.44
PB.14342.2	Protein_PB.14342.2	AKT3	AKT3	full-splice_match	YES	125.24	54.1	69.59
PB.14342.3	Protein_PB.14342.3	AKT3	AKT3	full-splice_match	YES	58.19	52.81	53.48
PB.14342.4	Protein_PB.14342.4	AKT3	AKT3	full-splice_match	YES	18.01	17.66	30.12
PB.14344.2	Protein_PB.14344.2	CEP170	CEP170	incomplete-splice_match	YES	37.02	40.42	40.48
PB.14344.4	Protein_PB.14344.4	CEP170	CEP170	full-splice_match	YES	69.49	62.48	52.25
PB.14344.5	Protein_PB.14344.5	CEP170	CEP170	incomplete-splice_match	YES	50.84	50.65	46.08
PB.14345.2	Protein_PB.14345.2	LOC113262635	LOC113262635	full-splice_match	YES	48.55	62.66	28.55
PB.14345.4	Protein_PB.14345.4	LOC113262635	LOC113262635	full-splice_match	YES	61.01	30.1	39.89
PB.14345.5	Protein_PB.14345.5	LOC113262635	LOC113262635	full-splice_match	YES	68.63	19.14	72.82
PB.14345.6	Protein_PB.14345.6	LOC113262635	LOC113262635	novel_not_in_catalog	YES	36.81	47.92	57.72
PB.14346.1	Protein_PB.14346.1	LOC113262636	LOC113262636	full-splice_match	YES	27.63	17.92	24.6
PB.14348.1	Protein_PB.14348.1	CD34	CD34	full-splice_match	YES	340.62	156.96	164.2
PB.14348.5	Protein_PB.14348.5	CD34	CD34	novel_in_catalog	YES	26.44	62.69	34.96
PB.14348.6	Protein_PB.14348.6	CD34	CD34	full-splice_match	YES	161.49	66.1	53.69
PB.14348.7	Protein_PB.14348.7	CD34	CD34	novel_not_in_catalog	YES	69.89	68.67	132.55
PB.14349.1	Protein_PB.14349.1	PLXNA2	PLXNA2	full-splice_match	YES	119.78	89.49	81.63
PB.14351.2	Protein_PB.14351.2	LAMB3	LAMB3	novel_not_in_catalog	YES	10.91	23.02	16.28
PB.14351.20	Protein_PB.14351.20	LAMB3	LAMB3	incomplete-splice_match	YES	26.56	28.91	19.78
PB.14351.3	Protein_PB.14351.3	LAMB3	LAMB3	novel_in_catalog	YES	12.68	26.3	18.76
PB.14351.4	Protein_PB.14351.4	LAMB3	LAMB3	novel_in_catalog	YES	23.66	10.77	44.46
PB.14352.1	Protein_PB.14352.1	CUNH1orf74	CUNH1orf74	full-splice_match	YES	53.56	48.48	57.3
PB.14360.1	Protein_PB.14360.1	novelGene_1580	novelGene_1580	intergenic	YES	47.89	50.62	46.38
PB.14364.1	Protein_PB.14364.1	SLC30A1	SLC30A1	full-splice_match	YES	77.6	62.44	70.98
PB.14366.1	Protein_PB.14366.1	LPGAT1	LPGAT1	full-splice_match	YES	172.6	200.07	201.98
PB.14367.1	Protein_PB.14367.1	INTS7	INTS7	full-splice_match	YES	66.95	54.04	53.16
PB.14368.1	Protein_PB.14368.1	TMEM206	TMEM206	full-splice_match	YES	17.79	31.63	22.13
PB.14368.2	Protein_PB.14368.2	TMEM206	TMEM206	full-splice_match	YES	18.34	10.72	9.95
PB.14371.1	Protein_PB.14371.1	NSL1	NSL1	full-splice_match	YES	19.73	21.82	20.18
PB.14373.2	Protein_PB.14373.2	ANGEL2	ANGEL2	full-splice_match	YES	25.42	21.43	27.79
PB.14373.3	Protein_PB.14373.3	ANGEL2	ANGEL2	novel_not_in_catalog	YES	11.2	15.12	26.26
PB.14373.6	Protein_PB.14373.6	ANGEL2	ANGEL2	novel_not_in_catalog	YES	15.13	12.71	17.26
PB.14373.7	Protein_PB.14373.7	ANGEL2	ANGEL2	full-splice_match	YES	46.5	64.2	31.72
PB.14377.3	Protein_PB.14377.3	PTPN14	PTPN14	full-splice_match	YES	72.76	32.2	24.54
PB.14377.4	Protein_PB.14377.4	PTPN14	PTPN14	novel_not_in_catalog	YES	46.79	80.81	63.26
PB.14378.1	Protein_PB.14378.1	LOC113262695	LOC113262695	full-splice_match	YES	24.16	51.45	44.17
PB.14378.10	Protein_PB.14378.10	LOC113262695	LOC113262695	full-splice_match	YES	51.44	54.36	57.3
PB.14378.11	Protein_PB.14378.11	LOC113262695	LOC113262695	full-splice_match	YES	50.36	67.48	35.49
PB.14378.12	Protein_PB.14378.12	LOC113262695	LOC113262695	novel_not_in_catalog	YES	71.12	66.68	68.29
PB.14378.13	Protein_PB.14378.13	LOC113262695	LOC113262695	novel_not_in_catalog	YES	31.7	33.72	27.4
PB.14378.15	Protein_PB.14378.15	LOC113262695	LOC113262695	novel_not_in_catalog	YES	23.19	30.48	40.06
PB.14378.16	Protein_PB.14378.16	LOC113262695	LOC113262695	novel_not_in_catalog	YES	220.93	213.3	183.0
PB.14381.2	Protein_PB.14381.2	ACBD6	ACBD6	full-splice_match	YES	40.88	29.46	46.74
PB.14383.2	Protein_PB.14383.2	STX6	STX6	novel_not_in_catalog	YES	38.64	17.53	50.35
PB.14389.1	Protein_PB.14389.1	LOC113262714	LOC113262714	full-splice_match	YES	21.19	16.54	13.42
PB.14393.14	Protein_PB.14393.14	GLUL	GLUL	novel_not_in_catalog	YES	126.28	120.77	60.33
PB.14393.15	Protein_PB.14393.15	GLUL	GLUL	novel_not_in_catalog	YES	18.69	30.8	23.63
PB.14393.3	Protein_PB.14393.3	GLUL	GLUL	full-splice_match	YES	2152.33	1957.89	901.13
PB.14393.9	Protein_PB.14393.9	GLUL	GLUL	novel_in_catalog	YES	18.9	14.36	17.2
PB.14397.1	Protein_PB.14397.1	RNASEL	RNASEL	novel_in_catalog	YES	116.47	95.3	88.37
PB.14404.1	Protein_PB.14404.1	ARPC5	ARPC5	full-splice_match	YES	144.26	113.91	144.37
PB.14406.1	Protein_PB.14406.1	COLGALT2	COLGALT2	full-splice_match	YES	44.52	31.14	21.24
PB.14408.1	Protein_PB.14408.1	EDEM3	EDEM3	full-splice_match	YES	22.28	37.35	40.3
PB.14408.2	Protein_PB.14408.2	EDEM3	EDEM3	full-splice_match	YES	196.99	162.59	202.93
PB.14409.1	Protein_PB.14409.1	FAM129A	FAM129A	full-splice_match	YES	883.43	700.16	681.06
PB.14409.2	Protein_PB.14409.2	FAM129A	FAM129A	full-splice_match	YES	49.72	38.39	46.52
PB.14410.2	Protein_PB.14410.2	TRMT1L	TRMT1L	full-splice_match	YES	63.29	65.75	58.21
PB.14410.3	Protein_PB.14410.3	TRMT1L	TRMT1L	novel_not_in_catalog	YES	30.38	32.31	24.92
PB.14411.1	Protein_PB.14411.1	IVNS1ABP	IVNS1ABP	novel_not_in_catalog	YES	26.21	36.37	31.09
PB.14411.3	Protein_PB.14411.3	IVNS1ABP	IVNS1ABP	full-splice_match	YES	630.97	485.72	524.45
PB.14411.4	Protein_PB.14411.4	IVNS1ABP	IVNS1ABP	full-splice_match	YES	899.03	786.04	770.81
PB.14411.6	Protein_PB.14411.6	IVNS1ABP	IVNS1ABP	novel_not_in_catalog	YES	367.64	285.41	286.08
PB.14411.7	Protein_PB.14411.7	IVNS1ABP	IVNS1ABP	novel_in_catalog	YES	9.0	12.82	19.49
PB.14411.8	Protein_PB.14411.8	IVNS1ABP	IVNS1ABP	novel_in_catalog	YES	901.53	727.85	692.62
PB.14411.9	Protein_PB.14411.9	IVNS1ABP	IVNS1ABP	novel_not_in_catalog	YES	36.08	24.26	38.76
PB.14413.1	Protein_PB.14413.1	TPR	TPR	full-splice_match	YES	1968.77	1998.42	2078.75
PB.14413.2	Protein_PB.14413.2	TPR	TPR	novel_not_in_catalog	YES	63.09	52.2	66.35
PB.14413.3	Protein_PB.14413.3	TPR	TPR	full-splice_match	YES	148.81	159.11	254.17
PB.14416.2	Protein_PB.14416.2	LOC113262765	LOC113262765	full-splice_match	YES	34.64	21.92	33.49
PB.14417.1	Protein_PB.14417.1	LOC113262764	LOC113262764	novel_not_in_catalog	YES	100.35	72.57	101.94
PB.14422.1	Protein_PB.14422.1	SOAT1	SOAT1	full-splice_match	YES	31.47	32.67	30.33
PB.14423.1	Protein_PB.14423.1	TOR3A	TOR3A	full-splice_match	YES	52.0	42.58	34.56
PB.14424.2	Protein_PB.14424.2	FAM20B	FAM20B	full-splice_match	YES	36.07	77.64	55.17
PB.14424.3	Protein_PB.14424.3	FAM20B	FAM20B	incomplete-splice_match	YES	79.81	59.19	96.35
PB.14425.2	Protein_PB.14425.2	RALGPS2	RALGPS2	full-splice_match	YES	71.43	19.85	70.27
PB.14427.1	Protein_PB.14427.1	RASAL2	RASAL2	full-splice_match	YES	29.45	37.99	32.97
PB.14427.4	Protein_PB.14427.4	RASAL2	RASAL2	full-splice_match	YES	69.36	16.07	97.55
PB.14427.5	Protein_PB.14427.5	RASAL2	RASAL2	full-splice_match	YES	144.96	166.57	109.8
PB.14434.5	Protein_PB.14434.5	LOC113262796	LOC113262796	novel_not_in_catalog	YES	29.42	32.09	43.71
PB.14435.1	Protein_PB.14435.1	CACYBP	CACYBP	full-splice_match	YES	186.62	183.58	144.35
PB.14435.4	Protein_PB.14435.4	CACYBP	CACYBP	full-splice_match	YES	153.75	142.62	143.22
PB.14436.6	Protein_PB.14436.6	RABGAP1L	RABGAP1L	full-splice_match	YES	46.39	33.97	45.87
PB.14436.7	Protein_PB.14436.7	RABGAP1L	RABGAP1L	full-splice_match	YES	217.94	209.15	215.07
PB.14440.7	Protein_PB.14440.7	ZBTB37	ZBTB37	full-splice_match	YES	39.13	41.87	72.12
PB.14441.1	Protein_PB.14441.1	DARS2	DARS2	incomplete-splice_match	YES	33.65	33.57	13.41
PB.14443.1	Protein_PB.14443.1	KLHL20	KLHL20	full-splice_match	YES	170.88	182.83	188.42
PB.14447.1	Protein_PB.14447.1	PRDX6	PRDX6	full-splice_match	YES	310.07	378.45	415.31
PB.14447.2	Protein_PB.14447.2	PRDX6	PRDX6	novel_not_in_catalog	YES	139.28	149.42	86.31
PB.14447.3	Protein_PB.14447.3	PRDX6	PRDX6	novel_in_catalog	YES	14.45	17.82	14.96
PB.14447.4	Protein_PB.14447.4	PRDX6	PRDX6	novel_not_in_catalog	YES	804.47	856.91	520.17
PB.14447.5	Protein_PB.14447.5	PRDX6	PRDX6	novel_not_in_catalog	YES	210.51	350.17	339.5
PB.14447.7	Protein_PB.14447.7	PRDX6	PRDX6	novel_in_catalog	YES	554.71	648.92	614.46
PB.14447.9	Protein_PB.14447.9	PRDX6	PRDX6	novel_not_in_catalog	YES	775.98	957.35	1009.8
PB.14452.1	Protein_PB.14452.1	SUCO	SUCO	full-splice_match	YES	15.5	21.05	23.98
PB.14452.2	Protein_PB.14452.2	SUCO	SUCO	full-splice_match	YES	77.75	76.08	69.34
PB.14459.1	Protein_PB.14459.1	LOC113262835	LOC113262835	full-splice_match	YES	25.08	25.52	30.11
PB.1446.1	Protein_PB.1446.1	LANCL2	LANCL2	full-splice_match	YES	23.71	15.49	19.54
PB.1446.3	Protein_PB.1446.3	LANCL2	LANCL2	full-splice_match	YES	45.68	51.95	49.7
PB.14461.2	Protein_PB.14461.2	PRRC2C	PRRC2C	full-splice_match	YES	22.62	25.13	33.71
PB.14461.3	Protein_PB.14461.3	PRRC2C	PRRC2C	full-splice_match	YES	247.82	157.26	152.92
PB.14461.4	Protein_PB.14461.4	PRRC2C	PRRC2C	full-splice_match	YES	61.95	102.38	182.49
PB.14461.6	Protein_PB.14461.6	PRRC2C	PRRC2C	full-splice_match	YES	38.05	29.08	43.46
PB.14461.7	Protein_PB.14461.7	PRRC2C	PRRC2C	incomplete-splice_match	YES	41.84	37.43	49.14
PB.14461.8	Protein_PB.14461.8	PRRC2C	PRRC2C	incomplete-splice_match	YES	32.38	28.46	35.69
PB.14463.1	Protein_PB.14463.1	FMO1	FMO1	full-splice_match	YES	100.86	113.87	88.88
PB.14464.1	Protein_PB.14464.1	FMO2	FMO2	full-splice_match	YES	47.4	42.44	38.37
PB.14464.2	Protein_PB.14464.2	FMO2	FMO2	full-splice_match	YES	107.85	72.17	88.88
PB.14464.5	Protein_PB.14464.5	FMO2	FMO2	incomplete-splice_match	YES	37.39	33.17	39.84
PB.14470.1	Protein_PB.14470.1	PRRX1	PRRX1	full-splice_match	YES	798.29	844.96	949.52
PB.14470.2		PRRX1	PRRX1	novel_not_in_catalog	NO	877.52	925.09	1028.29
PB.14470.3	Protein_PB.14470.3	PRRX1	PRRX1	full-splice_match	YES	65.65	71.55	77.56
PB.14470.4	Protein_PB.14470.4	PRRX1	PRRX1	incomplete-splice_match	YES	93.34	79.74	81.98
PB.14471.2	Protein_PB.14471.2	GORAB	GORAB	full-splice_match	YES	32.28	32.32	46.46
PB.14476.1	Protein_PB.14476.1	BLZF1	BLZF1	full-splice_match	YES	316.44	375.62	417.56
PB.14477.1	Protein_PB.14477.1	ATP1B1	ATP1B1	full-splice_match	YES	963.04	1191.01	881.79
PB.14483.3	Protein_PB.14483.3	SFT2D2	SFT2D2	full-splice_match	YES	198.27	164.77	188.38
PB.14483.7	Protein_PB.14483.7	SFT2D2	SFT2D2	novel_in_catalog	YES	32.16	24.92	50.0
PB.14484.1	Protein_PB.14484.1	TIPRL	TIPRL	full-splice_match	YES	229.29	247.12	235.23
PB.14484.3	Protein_PB.14484.3	TIPRL	TIPRL	novel_in_catalog	YES	54.19	60.77	41.87
PB.14485.1	Protein_PB.14485.1	DCAF6	DCAF6	novel_not_in_catalog	YES	309.94	330.67	248.95
PB.14485.11	Protein_PB.14485.11	DCAF6	DCAF6	novel_in_catalog	YES	4.15	13.94	27.65
PB.14485.14	Protein_PB.14485.14	DCAF6	DCAF6	novel_in_catalog	YES	50.78	27.66	61.59
PB.14485.17	Protein_PB.14485.17	DCAF6	DCAF6	novel_not_in_catalog	YES	183.62	49.51	55.38
PB.14485.19	Protein_PB.14485.19	DCAF6	DCAF6	novel_not_in_catalog	YES	152.61	67.75	97.67
PB.14485.2	Protein_PB.14485.2	DCAF6	DCAF6	novel_in_catalog	YES	18.43	13.5	14.92
PB.14485.20	Protein_PB.14485.20	DCAF6	DCAF6	novel_in_catalog	YES	244.3	175.87	189.86
PB.14485.21	Protein_PB.14485.21	DCAF6	DCAF6	novel_not_in_catalog	YES	48.48	48.54	58.31
PB.14485.22	Protein_PB.14485.22	DCAF6	DCAF6	novel_in_catalog	YES	21.92	11.77	23.65
PB.14485.24	Protein_PB.14485.24	DCAF6	DCAF6	incomplete-splice_match	YES	268.52	204.32	157.98
PB.14485.26	Protein_PB.14485.26	DCAF6	DCAF6	incomplete-splice_match	YES	29.71	33.62	21.56
PB.14485.27	Protein_PB.14485.27	DCAF6	DCAF6	incomplete-splice_match	YES	67.11	74.95	93.04
PB.14485.4	Protein_PB.14485.4	DCAF6	DCAF6	full-splice_match	YES	188.31	348.33	364.7
PB.14485.5	Protein_PB.14485.5	DCAF6	DCAF6	full-splice_match	YES	482.31	597.32	332.84
PB.14485.6	Protein_PB.14485.6	DCAF6	DCAF6	full-splice_match	YES	57.85	33.74	55.42
PB.14485.9	Protein_PB.14485.9	DCAF6	DCAF6	full-splice_match	YES	2141.63	2384.34	1894.47
PB.14486.1	Protein_PB.14486.1	MPZL1	MPZL1	full-splice_match	YES	72.05	37.29	92.47
PB.14488.3	Protein_PB.14488.3	RCSD1	RCSD1	full-splice_match	YES	305.45	310.83	247.0
PB.14488.4	Protein_PB.14488.4	RCSD1	RCSD1	novel_in_catalog	YES	408.38	359.43	584.53
PB.14488.5		RCSD1	RCSD1	novel_not_in_catalog	NO	37.6	36.48	31.45
PB.14489.3	Protein_PB.14489.3	POU2F1	POU2F1	full-splice_match	YES	56.17	63.19	87.22
PB.1449.1	Protein_PB.1449.1	EGFR	EGFR	full-splice_match	YES	141.37	117.36	140.51
PB.1449.2	Protein_PB.1449.2	EGFR	EGFR	full-splice_match	YES	38.83	33.87	19.19
PB.14490.1	Protein_PB.14490.1	DUSP27	DUSP27	novel_not_in_catalog	YES	1807.79	1615.2	1607.52
PB.14490.2	Protein_PB.14490.2	DUSP27	DUSP27	novel_not_in_catalog	YES	21.32	18.98	23.06
PB.14497.1	Protein_PB.14497.1	TP53BP2	TP53BP2	full-splice_match	YES	82.32	90.04	86.65
PB.145.1	Protein_PB.145.1	ATP5PF	ATP5PF	full-splice_match	YES	84.28	85.27	59.12
PB.145.2	Protein_PB.145.2	ATP5PF	ATP5PF	full-splice_match	YES	779.47	932.19	620.84
PB.145.4	Protein_PB.145.4	ATP5PF	ATP5PF	full-splice_match	YES	17.63	19.32	17.95
PB.14500.2	Protein_PB.14500.2	NVL	NVL	full-splice_match	YES	89.35	67.23	84.23
PB.14501.1	Protein_PB.14501.1	WDR26	WDR26	full-splice_match	YES	136.38	168.6	176.41
PB.14501.2	Protein_PB.14501.2	WDR26	WDR26	full-splice_match	YES	256.49	234.98	301.81
PB.14501.3	Protein_PB.14501.3	WDR26	WDR26	incomplete-splice_match	YES	372.57	416.51	401.1
PB.14502.3	Protein_PB.14502.3	LBR	LBR	full-splice_match	YES	27.56	18.78	27.32
PB.14502.6	Protein_PB.14502.6	LBR	LBR	full-splice_match	YES	17.26	15.68	22.09
PB.14503.1	Protein_PB.14503.1	ENAH	ENAH	full-splice_match	YES	214.69	279.11	206.78
PB.14503.3	Protein_PB.14503.3	ENAH	ENAH	novel_not_in_catalog	YES	69.97	98.77	140.8
PB.14503.4	Protein_PB.14503.4	ENAH	ENAH	novel_not_in_catalog	YES	623.11	251.05	322.69
PB.14503.5	Protein_PB.14503.5	ENAH	ENAH	novel_in_catalog	YES	275.8	237.0	233.09
PB.14503.6	Protein_PB.14503.6	ENAH	ENAH	novel_not_in_catalog	YES	65.75	45.7	74.58
PB.14504.1	Protein_PB.14504.1	TMEM63A	TMEM63A	novel_in_catalog	YES	20.37	34.74	36.98
PB.14504.5	Protein_PB.14504.5	TMEM63A	TMEM63A	full-splice_match	YES	90.73	62.62	44.45
PB.14505.2	Protein_PB.14505.2	PYCR2	PYCR2	full-splice_match	YES	140.08	166.16	154.36
PB.14507.1	Protein_PB.14507.1	SDE2	SDE2	full-splice_match	YES	48.69	49.98	50.76
PB.14507.4	Protein_PB.14507.4	SDE2	SDE2	novel_not_in_catalog	YES	55.85	53.89	47.69
PB.14508.1	Protein_PB.14508.1	LOC113262923	LOC113262923	novel_not_in_catalog	YES	19.34	18.96	24.37
PB.14509.1	Protein_PB.14509.1	ACBD3	ACBD3	incomplete-splice_match	YES	16.75	22.23	30.54
PB.14509.2	Protein_PB.14509.2	ACBD3	ACBD3	full-splice_match	YES	207.07	190.81	220.3
PB.14510.2	Protein_PB.14510.2	LIN9	LIN9	full-splice_match	YES	26.07	36.73	38.4
PB.14512.1	Protein_PB.14512.1	PARP1	PARP1	full-splice_match	YES	386.63	341.21	395.8
PB.14514.1	Protein_PB.14514.1	ITPKB	ITPKB	full-splice_match	YES	177.94	107.12	153.08
PB.14515.1	Protein_PB.14515.1	LOC113262930	LOC113262930	full-splice_match	YES	61.62	62.51	46.23
PB.14517.2	Protein_PB.14517.2	CDC42BPA	CDC42BPA	full-splice_match	YES	13.19	21.33	43.93
PB.14517.3	Protein_PB.14517.3	CDC42BPA	CDC42BPA	full-splice_match	YES	146.48	130.54	165.74
PB.14517.4	Protein_PB.14517.4	CDC42BPA	CDC42BPA	full-splice_match	YES	195.66	107.87	98.61
PB.14517.6	Protein_PB.14517.6	CDC42BPA	CDC42BPA	incomplete-splice_match	YES	58.81	66.59	49.32
PB.14517.7	Protein_PB.14517.7	CDC42BPA	CDC42BPA	incomplete-splice_match	YES	151.86	142.95	125.73
PB.14520.2	Protein_PB.14520.2	SCCPDH	SCCPDH	full-splice_match	YES	465.17	604.78	505.11
PB.14520.4	Protein_PB.14520.4	SCCPDH	SCCPDH	novel_in_catalog	YES	11.63	31.53	16.23
PB.14521.12	Protein_PB.14521.12	CNST	CNST	full-splice_match	YES	117.01	110.88	129.44
PB.14521.2	Protein_PB.14521.2	CNST	CNST	novel_not_in_catalog	YES	330.62	385.41	447.85
PB.14522.1	Protein_PB.14522.1	LOC113262632	LOC113262632	full-splice_match	YES	40.63	24.44	27.5
PB.14525.1		EFCAB2	EFCAB2	novel_not_in_catalog	NO	60.54	36.5	45.7
PB.14525.2	Protein_PB.14525.2	EFCAB2	EFCAB2	full-splice_match	YES	244.79	244.93	208.5
PB.14525.3	Protein_PB.14525.3	EFCAB2	EFCAB2	full-splice_match	YES	29.5	28.66	41.82
PB.14526.1	Protein_PB.14526.1	LOC113262953	LOC113262953	full-splice_match	YES	60.96	73.03	59.29
PB.14527.2	Protein_PB.14527.2	DESI2	DESI2	full-splice_match	YES	20.36	18.47	25.42
PB.14527.3	Protein_PB.14527.3	DESI2	DESI2	full-splice_match	YES	191.26	172.54	183.18
PB.14530.1	Protein_PB.14530.1	ZBTB18	ZBTB18	full-splice_match	YES	20.87	19.96	14.67
PB.14530.2	Protein_PB.14530.2	ZBTB18	ZBTB18	full-splice_match	YES	770.81	747.51	876.02
PB.14533.13	Protein_PB.14533.13	SDCCAG8	SDCCAG8	incomplete-splice_match	YES	15.09	17.04	18.74
PB.14533.7	Protein_PB.14533.7	SDCCAG8	SDCCAG8	full-splice_match	YES	42.55	21.53	8.84
PB.14533.8	Protein_PB.14533.8	SDCCAG8	SDCCAG8	novel_in_catalog	YES	3.31	24.61	5.99
PB.14535.1	Protein_PB.14535.1	LOC113263090	LOC113263090	full-splice_match	YES	568.83	563.97	565.04
PB.14535.2	Protein_PB.14535.2	LOC113263090	LOC113263090	incomplete-splice_match	YES	404.63	369.72	420.89
PB.14536.2	Protein_PB.14536.2	SLC9B2	SLC9B2	full-splice_match	YES	36.55	23.87	50.63
PB.14539.11	Protein_PB.14539.11	UBE2D3	UBE2D3	novel_not_in_catalog	YES	91.21	94.28	79.26
PB.14539.13	Protein_PB.14539.13	UBE2D3	UBE2D3	novel_not_in_catalog	YES	30.34	36.28	56.54
PB.14539.14	Protein_PB.14539.14	UBE2D3	UBE2D3	novel_not_in_catalog	YES	174.12	192.24	200.3
PB.14539.2	Protein_PB.14539.2	UBE2D3	UBE2D3	novel_not_in_catalog	YES	121.58	80.36	105.5
PB.14539.20	Protein_PB.14539.20	UBE2D3	UBE2D3	novel_in_catalog	YES	268.97	310.51	271.02
PB.14539.21	Protein_PB.14539.21	UBE2D3	UBE2D3	novel_not_in_catalog	YES	20.47	22.29	21.82
PB.14539.22	Protein_PB.14539.22	UBE2D3	UBE2D3	incomplete-splice_match	YES	43.15	33.04	44.23
PB.14539.5	Protein_PB.14539.5	UBE2D3	UBE2D3	novel_not_in_catalog	YES	207.88	218.83	195.51
PB.14539.7	Protein_PB.14539.7	UBE2D3	UBE2D3	novel_not_in_catalog	YES	223.86	202.52	143.81
PB.14539.9	Protein_PB.14539.9	UBE2D3	UBE2D3	novel_not_in_catalog	YES	286.59	458.31	356.24
PB.14540.1	Protein_PB.14540.1	MANBA	MANBA	novel_not_in_catalog	YES	22.85	18.02	35.82
PB.14540.3	Protein_PB.14540.3	MANBA	MANBA	full-splice_match	YES	115.61	104.05	65.58
PB.14540.7	Protein_PB.14540.7	MANBA	MANBA	full-splice_match	YES	45.47	5.6	40.09
PB.14540.8	Protein_PB.14540.8	MANBA	MANBA	full-splice_match	YES	25.19	54.03	44.55
PB.14542.1	Protein_PB.14542.1	PPP3CA	PPP3CA	full-splice_match	YES	461.57	349.05	423.62
PB.14542.2	Protein_PB.14542.2	PPP3CA	PPP3CA	full-splice_match	YES	126.09	75.59	104.98
PB.14543.1		LOC113263106	LOC113263106	full-splice_match	NO	15.93	11.91	17.53
PB.14545.1	Protein_PB.14545.1	EMCN	EMCN	full-splice_match	YES	61.8	49.14	58.2
PB.14545.2	Protein_PB.14545.2	EMCN	EMCN	full-splice_match	YES	63.58	40.05	62.12
PB.14547.2	Protein_PB.14547.2	DDIT4L	DDIT4L	novel_not_in_catalog	YES	1263.89	1113.67	992.8
PB.14547.3	Protein_PB.14547.3	DDIT4L	DDIT4L	novel_not_in_catalog	YES	153.65	60.68	55.98
PB.14547.4	Protein_PB.14547.4	DDIT4L	DDIT4L	novel_not_in_catalog	YES	25.26	44.59	10.26
PB.14547.6	Protein_PB.14547.6	DDIT4L	DDIT4L	incomplete-splice_match	YES	77.41	50.3	88.63
PB.14547.8	Protein_PB.14547.8	DDIT4L	DDIT4L	novel_not_in_catalog	YES	60.34	28.83	53.9
PB.14547.9	Protein_PB.14547.9	DDIT4L	DDIT4L	full-splice_match	YES	2223.01	1651.62	1644.58
PB.14549.1	Protein_PB.14549.1	LOC113263111	LOC113263111	full-splice_match	YES	155.58	149.25	173.7
PB.14550.3	Protein_PB.14550.3	DNAJB14	DNAJB14	full-splice_match	YES	42.38	36.35	41.12
PB.14551.1	Protein_PB.14551.1	LAMTOR3	LAMTOR3	full-splice_match	YES	58.23	61.31	24.65
PB.14551.7	Protein_PB.14551.7	LAMTOR3	LAMTOR3	full-splice_match	YES	19.01	3.38	13.66
PB.14551.8		LAMTOR3	LAMTOR3	novel_in_catalog	NO	35.66	38.56	33.35
PB.14551.9	Protein_PB.14551.9	LAMTOR3	LAMTOR3	incomplete-splice_match	YES	301.08	362.95	217.66
PB.14552.1		novelGene_1617	novelGene_1617	intergenic	NO	65.98	7.89	121.46
PB.14552.2	Protein_PB.14552.2	CUNH4orf54	CUNH4orf54	full-splice_match	YES	141.66	73.94	191.26
PB.14552.3	Protein_PB.14552.3	CUNH4orf54	CUNH4orf54	genic	YES	2806.78	2582.95	3305.33
PB.14552.4	Protein_PB.14552.4	CUNH4orf54	CUNH4orf54	genic	YES	40.16	25.84	77.79
PB.14553.8	Protein_PB.14553.8	TRMT10A	TRMT10A	incomplete-splice_match	YES	9.46	19.23	10.38
PB.14555.1	Protein_PB.14555.1	LOC113263118	LOC113263118	full-splice_match	YES	20.04	13.63	2.04
PB.14555.2	Protein_PB.14555.2	LOC113263118	LOC113263118	incomplete-splice_match	YES	86.72	70.89	9.28
PB.14555.4	Protein_PB.14555.4	LOC113263118	LOC113263118	novel_not_in_catalog	YES	40.44	35.31	4.2
PB.14559.1	Protein_PB.14559.1	ADH5	ADH5	full-splice_match	YES	808.98	870.3	640.79
PB.14560.1	Protein_PB.14560.1	EIF4E	EIF4E	full-splice_match	YES	343.69	351.75	593.56
PB.14560.3	Protein_PB.14560.3	EIF4E	EIF4E	incomplete-splice_match	YES	250.26	256.36	155.59
PB.14562.1	Protein_PB.14562.1	TSPAN5	TSPAN5	full-splice_match	YES	14.39	5.27	18.3
PB.14562.4	Protein_PB.14562.4	TSPAN5	TSPAN5	novel_not_in_catalog	YES	16.54	31.32	49.34
PB.14562.5	Protein_PB.14562.5	TSPAN5	TSPAN5	novel_not_in_catalog	YES	106.76	83.52	70.29
PB.14576.1	Protein_PB.14576.1	FAM13A	FAM13A	full-splice_match	YES	194.53	205.68	228.73
PB.14576.16	Protein_PB.14576.16	FAM13A	FAM13A	novel_not_in_catalog	YES	27.11	21.73	25.06
PB.14576.23	Protein_PB.14576.23	FAM13A	FAM13A	incomplete-splice_match	YES	101.24	132.8	116.26
PB.14576.25	Protein_PB.14576.25	FAM13A	FAM13A	novel_not_in_catalog	YES	16.32	14.42	78.46
PB.14576.27	Protein_PB.14576.27	FAM13A	FAM13A	incomplete-splice_match	YES	49.78	41.02	41.55
PB.14576.8	Protein_PB.14576.8	FAM13A	FAM13A	incomplete-splice_match	YES	11.14	7.29	19.3
PB.14580.1	Protein_PB.14580.1	PYURF	PYURF	full-splice_match	YES	107.62	100.48	104.75
PB.14580.2		PIGY	PIGY	full-splice_match	NO	662.65	734.35	698.36
PB.14583.3	Protein_PB.14583.3	PPM1K	PPM1K	novel_not_in_catalog	YES	17.32	15.63	51.29
PB.14583.5	Protein_PB.14583.5	PPM1K	PPM1K	novel_not_in_catalog	YES	22.12	26.62	27.75
PB.14583.6	Protein_PB.14583.6	PPM1K	PPM1K	full-splice_match	YES	75.89	108.82	51.59
PB.14584.22	Protein_PB.14584.22	ABCG2	ABCG2	incomplete-splice_match	YES	70.61	59.23	78.46
PB.14585.11	Protein_PB.14585.11	SPARCL1	SPARCL1	incomplete-splice_match	YES	474.73	302.34	223.71
PB.14585.13	Protein_PB.14585.13	SPARCL1	SPARCL1	novel_in_catalog	YES	28.05	15.56	4.48
PB.14585.14	Protein_PB.14585.14	SPARCL1	SPARCL1	novel_not_in_catalog	YES	19.87	19.37	17.45
PB.14585.17	Protein_PB.14585.17	SPARCL1	SPARCL1	full-splice_match	YES	35.1	20.39	28.68
PB.14585.18	Protein_PB.14585.18	SPARCL1	SPARCL1	incomplete-splice_match	YES	153.3	90.09	57.14
PB.14585.21	Protein_PB.14585.21	SPARCL1	SPARCL1	incomplete-splice_match	YES	1429.0	988.87	750.26
PB.14585.3	Protein_PB.14585.3	SPARCL1	SPARCL1	novel_not_in_catalog	YES	72.45	28.6	41.25
PB.14585.5	Protein_PB.14585.5	SPARCL1	SPARCL1	novel_not_in_catalog	YES	40.34	17.44	20.15
PB.14585.6	Protein_PB.14585.6	SPARCL1	SPARCL1	full-splice_match	YES	521.43	424.81	380.49
PB.14585.7	Protein_PB.14585.7	SPARCL1	SPARCL1	incomplete-splice_match	YES	935.03	659.94	677.19
PB.14585.9	Protein_PB.14585.9	SPARCL1	SPARCL1	incomplete-splice_match	YES	296.22	234.72	158.74
PB.14586.1	Protein_PB.14586.1	HSD17B11	HSD17B11	full-splice_match	YES	46.51	45.15	50.04
PB.14586.2	Protein_PB.14586.2	HSD17B11	HSD17B11	full-splice_match	YES	26.23	15.45	7.35
PB.14586.5	Protein_PB.14586.5	HSD17B11	HSD17B11	novel_in_catalog	YES	65.58	58.43	54.67
PB.14589.11	Protein_PB.14589.11	KLHL8	KLHL8	full-splice_match	YES	40.92	60.61	27.15
PB.14589.2	Protein_PB.14589.2	KLHL8	KLHL8	full-splice_match	YES	19.83	5.78	9.23
PB.14589.3	Protein_PB.14589.3	KLHL8	KLHL8	full-splice_match	YES	68.0	33.03	29.48
PB.14589.4	Protein_PB.14589.4	KLHL8	KLHL8	novel_not_in_catalog	YES	26.91	21.77	23.63
PB.14589.6	Protein_PB.14589.6	KLHL8	KLHL8	novel_not_in_catalog	YES	23.83	7.77	19.92
PB.14589.9	Protein_PB.14589.9	KLHL8	KLHL8	novel_not_in_catalog	YES	94.22	49.01	34.26
PB.14592.5	Protein_PB.14592.5	SLC10A6	SLC10A6	novel_not_in_catalog	YES	17.09	11.57	24.18
PB.146.4	Protein_PB.146.4	MRPL39	MRPL39	novel_not_in_catalog	YES	54.2	64.04	46.59
PB.146.5	Protein_PB.146.5	MRPL39	MRPL39	full-splice_match	YES	15.14	25.4	26.39
PB.146.6	Protein_PB.146.6	MRPL39	MRPL39	full-splice_match	YES	373.15	413.53	273.13
PB.14600.1	Protein_PB.14600.1	WDFY3	WDFY3	full-splice_match	YES	509.89	504.76	549.37
PB.14600.4	Protein_PB.14600.4	WDFY3	WDFY3	full-splice_match	YES	131.69	100.83	141.2
PB.14600.5	Protein_PB.14600.5	WDFY3	WDFY3	full-splice_match	YES	54.6	61.22	48.54
PB.14605.3	Protein_PB.14605.3	ABRAXAS1	ABRAXAS1	full-splice_match	YES	1.91	17.18	22.64
PB.14605.4	Protein_PB.14605.4	ABRAXAS1	ABRAXAS1	novel_in_catalog	YES	19.21	20.9	24.07
PB.14605.6	Protein_PB.14605.6	ABRAXAS1	ABRAXAS1	full-splice_match	YES	30.59	8.37	10.18
PB.14608.2	Protein_PB.14608.2	COQ2	COQ2	full-splice_match	YES	51.63	54.7	53.28
PB.14608.3	Protein_PB.14608.3	COQ2	COQ2	novel_in_catalog	YES	53.96	71.56	80.39
PB.14608.5	Protein_PB.14608.5	COQ2	COQ2	novel_not_in_catalog	YES	178.12	151.57	153.01
PB.14614.10	Protein_PB.14614.10	LIN54	LIN54	full-splice_match	YES	89.29	78.04	51.52
PB.14614.3	Protein_PB.14614.3	LIN54	LIN54	novel_in_catalog	YES	14.35	39.06	25.04
PB.14614.6	Protein_PB.14614.6	LIN54	LIN54	novel_in_catalog	YES	7.53	11.77	22.56
PB.14614.7	Protein_PB.14614.7	LIN54	LIN54	novel_in_catalog	YES	35.67	53.79	48.95
PB.14616.12	Protein_PB.14616.12	SEC31A	SEC31A	full-splice_match	YES	128.6	125.32	103.69
PB.14616.18	Protein_PB.14616.18	SEC31A	SEC31A	novel_in_catalog	YES	23.05	31.62	46.63
PB.14616.39	Protein_PB.14616.39	SEC31A	SEC31A	incomplete-splice_match	YES	43.41	29.29	53.25
PB.14616.6	Protein_PB.14616.6	SEC31A	SEC31A	novel_in_catalog	YES	42.0	25.04	41.93
PB.14616.7	Protein_PB.14616.7	SEC31A	SEC31A	incomplete-splice_match	YES	18.14	24.86	25.44
PB.14619.1	Protein_PB.14619.1	TMEM150C	TMEM150C	full-splice_match	YES	65.67	56.01	40.55
PB.14620.10	Protein_PB.14620.10	HNRNPDL	HNRNPDL	full-splice_match	YES	109.28	85.0	77.98
PB.14620.12	Protein_PB.14620.12	HNRNPDL	HNRNPDL	novel_not_in_catalog	YES	596.05	556.21	616.24
PB.14620.3	Protein_PB.14620.3	HNRNPDL	HNRNPDL	full-splice_match	YES	386.19	460.73	610.88
PB.14620.6	Protein_PB.14620.6	HNRNPDL	HNRNPDL	full-splice_match	YES	26.58	26.81	23.92
PB.14620.7	Protein_PB.14620.7	HNRNPDL	HNRNPDL	novel_in_catalog	YES	65.89	41.18	65.36
PB.14620.8	Protein_PB.14620.8	HNRNPDL	HNRNPDL	novel_not_in_catalog	YES	333.63	316.9	363.83
PB.14622.3	Protein_PB.14622.3	HNRNPD	HNRNPD	full-splice_match	YES	53.49	51.16	23.66
PB.14622.4	Protein_PB.14622.4	HNRNPD	HNRNPD	full-splice_match	YES	111.05	88.59	141.01
PB.14622.5	Protein_PB.14622.5	HNRNPD	HNRNPD	full-splice_match	YES	77.71	85.4	211.07
PB.14626.3	Protein_PB.14626.3	RASGEF1B	RASGEF1B	incomplete-splice_match	YES	18.51	11.16	11.19
PB.14626.4	Protein_PB.14626.4	RASGEF1B	RASGEF1B	full-splice_match	YES	63.27	60.65	13.9
PB.14626.5	Protein_PB.14626.5	RASGEF1B	RASGEF1B	novel_not_in_catalog	YES	85.0	63.55	25.85
PB.14629.1	Protein_PB.14629.1	ANTXR2	ANTXR2	full-splice_match	YES	198.97	127.61	151.53
PB.14629.3	Protein_PB.14629.3	ANTXR2	ANTXR2	incomplete-splice_match	YES	102.79	78.59	94.81
PB.14629.4		ANTXR2	ANTXR2	novel_not_in_catalog	NO	29.92	23.42	15.27
PB.14632.2	Protein_PB.14632.2	PAQR3	PAQR3	full-splice_match	YES	19.5	20.92	10.24
PB.14636.1	Protein_PB.14636.1	CNOT6L	CNOT6L	full-splice_match	YES	172.73	135.82	164.85
PB.14636.2	Protein_PB.14636.2	CNOT6L	CNOT6L	full-splice_match	YES	27.27	34.35	38.8
PB.14638.1	Protein_PB.14638.1	CCNI	CCNI	novel_in_catalog	YES	40.52	34.33	28.35
PB.14638.2	Protein_PB.14638.2	CCNI	CCNI	full-splice_match	YES	45.94	66.79	112.77
PB.14638.4	Protein_PB.14638.4	CCNI	CCNI	novel_not_in_catalog	YES	20.28	16.76	8.59
PB.14638.5	Protein_PB.14638.5	CCNI	CCNI	full-splice_match	YES	1179.58	1170.83	1403.08
PB.14638.6	Protein_PB.14638.6	CCNI	CCNI	incomplete-splice_match	YES	328.01	276.0	396.49
PB.14643.1	Protein_PB.14643.1	novelGene_LOC113263250_AS	novelGene_LOC113263250_AS	antisense	YES	20.85	13.71	9.67
PB.14644.1		novelGene_1645	novelGene_1645	intergenic	NO	30.01	23.81	27.2
PB.14646.1	Protein_PB.14646.1	SCARB2	SCARB2	full-splice_match	YES	611.76	530.1	594.9
PB.14646.2	Protein_PB.14646.2	SCARB2	SCARB2	novel_not_in_catalog	YES	1207.01	1080.72	1158.28
PB.14647.1	Protein_PB.14647.1	NUP54	NUP54	full-splice_match	YES	372.41	422.77	449.76
PB.14647.5	Protein_PB.14647.5	NUP54	NUP54	novel_in_catalog	YES	167.77	184.42	217.44
PB.14651.1	Protein_PB.14651.1	SDAD1	SDAD1	full-splice_match	YES	18.94	46.07	90.07
PB.14651.2	Protein_PB.14651.2	SDAD1	SDAD1	incomplete-splice_match	YES	31.32	18.59	25.4
PB.14651.6	Protein_PB.14651.6	SDAD1	SDAD1	novel_not_in_catalog	YES	157.47	139.16	172.09
PB.14651.7	Protein_PB.14651.7	SDAD1	SDAD1	novel_in_catalog	YES	57.83	15.02	40.35
PB.14652.4	Protein_PB.14652.4	NAAA	NAAA	full-splice_match	YES	38.53	33.26	36.5
PB.14655.1	Protein_PB.14655.1	G3BP2	G3BP2	novel_not_in_catalog	YES	30.52	26.26	41.45
PB.14655.12	Protein_PB.14655.12	G3BP2	G3BP2	novel_not_in_catalog	YES	16.07	23.35	35.76
PB.14655.14	Protein_PB.14655.14	G3BP2	G3BP2	incomplete-splice_match	YES	160.04	131.34	125.25
PB.14655.2	Protein_PB.14655.2	G3BP2	G3BP2	novel_not_in_catalog	YES	121.27	85.97	120.06
PB.14655.4	Protein_PB.14655.4	G3BP2	G3BP2	full-splice_match	YES	261.51	257.45	187.03
PB.14658.2	Protein_PB.14658.2	RCHY1	RCHY1	full-splice_match	YES	63.78	58.95	64.04
PB.14658.3	Protein_PB.14658.3	RCHY1	RCHY1	full-splice_match	YES	55.81	75.44	66.16
PB.14666.3	Protein_PB.14666.3	ANKRD17	ANKRD17	full-splice_match	YES	71.83	79.41	81.08
PB.14666.4	Protein_PB.14666.4	ANKRD17	ANKRD17	full-splice_match	YES	243.16	248.51	224.42
PB.14666.6	Protein_PB.14666.6	ANKRD17	ANKRD17	full-splice_match	YES	51.14	47.09	81.83
PB.14666.7	Protein_PB.14666.7	ANKRD17	ANKRD17	incomplete-splice_match	YES	89.45	99.15	103.91
PB.14666.8	Protein_PB.14666.8	ANKRD17	ANKRD17	incomplete-splice_match	YES	125.82	153.54	165.34
PB.14667.1	Protein_PB.14667.1	LOC113263286	LOC113263286	full-splice_match	YES	26.98	23.56	11.59
PB.14667.2	Protein_PB.14667.2	LOC113263286	LOC113263286	full-splice_match	YES	53.48	67.02	46.79
PB.14667.3	Protein_PB.14667.3	LOC113263286	LOC113263286	novel_not_in_catalog	YES	24.31	19.47	25.99
PB.14668.2		LOC113263287	LOC113263287	full-splice_match	NO	7.32	11.87	35.58
PB.14670.1	Protein_PB.14670.1	ADAMTS3	ADAMTS3	full-splice_match	YES	8.49	8.02	22.36
PB.14675.1	Protein_PB.14675.1	GRSF1	GRSF1	full-splice_match	YES	591.61	615.81	735.91
PB.14675.2	Protein_PB.14675.2	GRSF1	GRSF1	full-splice_match	YES	592.83	596.44	588.36
PB.14676.1		novelGene_1659	novelGene_1659	intergenic	NO	41.53	41.64	56.87
PB.14679.1	Protein_PB.14679.1	CISD2	CISD2	full-splice_match	YES	104.9	124.59	112.22
PB.14679.2		CISD2	CISD2	novel_not_in_catalog	NO	14.61	16.23	23.92
PB.1468.1	Protein_PB.1468.1	ADCY1	ADCY1	full-splice_match	YES	40.75	117.36	38.19
PB.14682.1	Protein_PB.14682.1	NFKB1	NFKB1	novel_in_catalog	YES	20.6	3.19	22.69
PB.14682.2	Protein_PB.14682.2	NFKB1	NFKB1	full-splice_match	YES	56.68	68.11	47.13
PB.14682.4	Protein_PB.14682.4	NFKB1	NFKB1	full-splice_match	YES	120.37	143.23	99.47
PB.14690.2	Protein_PB.14690.2	CUNH4orf17	CUNH4orf17	novel_not_in_catalog	YES	19.76	9.29	14.53
PB.14691.2	Protein_PB.14691.2	METAP1	METAP1	full-splice_match	YES	37.69	40.98	41.51
PB.14691.3	Protein_PB.14691.3	METAP1	METAP1	full-splice_match	YES	299.69	378.67	289.84
PB.14691.4	Protein_PB.14691.4	METAP1	METAP1	novel_not_in_catalog	YES	147.98	167.55	130.33
PB.14691.5	Protein_PB.14691.5	METAP1	METAP1	novel_in_catalog	YES	87.59	94.49	73.72
PB.14694.2	Protein_PB.14694.2	RAP1GDS1	RAP1GDS1	novel_not_in_catalog	YES	20.49	4.36	16.04
PB.1470.1	Protein_PB.1470.1	CCM2	CCM2	full-splice_match	YES	37.03	35.06	55.76
PB.1470.3	Protein_PB.1470.3	CCM2	CCM2	full-splice_match	YES	25.36	13.87	13.76
PB.1470.4	Protein_PB.1470.4	CCM2	CCM2	full-splice_match	YES	98.84	118.17	70.0
PB.14700.1	Protein_PB.14700.1	BMPR1B	BMPR1B	full-splice_match	YES	6.83	13.27	28.92
PB.14700.3	Protein_PB.14700.3	BMPR1B	BMPR1B	full-splice_match	YES	76.12	48.1	82.07
PB.14702.1	Protein_PB.14702.1	PDLIM5	PDLIM5	full-splice_match	YES	63.37	60.07	39.37
PB.14702.11	Protein_PB.14702.11	PDLIM5	PDLIM5	full-splice_match	YES	46.17	49.67	38.46
PB.14702.13	Protein_PB.14702.13	PDLIM5	PDLIM5	novel_not_in_catalog	YES	2433.57	3126.99	1611.34
PB.14702.14	Protein_PB.14702.14	PDLIM5	PDLIM5	novel_not_in_catalog	YES	711.87	921.66	573.64
PB.14702.15	Protein_PB.14702.15	PDLIM5	PDLIM5	novel_not_in_catalog	YES	162.66	253.29	156.1
PB.14702.16	Protein_PB.14702.16	PDLIM5	PDLIM5	novel_not_in_catalog	YES	74.53	39.33	63.46
PB.14702.18	Protein_PB.14702.18	PDLIM5	PDLIM5	novel_not_in_catalog	YES	40.61	53.84	32.28
PB.14702.20	Protein_PB.14702.20	PDLIM5	PDLIM5	novel_not_in_catalog	YES	1735.24	3333.09	1903.77
PB.14702.21	Protein_PB.14702.21	PDLIM5	PDLIM5	novel_not_in_catalog	YES	3773.24	4096.57	2177.54
PB.14702.23	Protein_PB.14702.23	PDLIM5	PDLIM5	novel_in_catalog	YES	23.75	21.67	16.41
PB.14702.24	Protein_PB.14702.24	PDLIM5	PDLIM5	incomplete-splice_match	YES	21.97	20.79	31.84
PB.14702.3	Protein_PB.14702.3	PDLIM5	PDLIM5	full-splice_match	YES	18.35	19.5	49.5
PB.14702.4	Protein_PB.14702.4	PDLIM5	PDLIM5	full-splice_match	YES	42.93	1.59	6.97
PB.14702.9	Protein_PB.14702.9	PDLIM5	PDLIM5	novel_in_catalog	YES	45.7	44.46	85.74
PB.14703.4	Protein_PB.14703.4	SMARCAD1	SMARCAD1	full-splice_match	YES	17.3	18.94	9.12
PB.14703.6	Protein_PB.14703.6	SMARCAD1	SMARCAD1	full-splice_match	YES	9.67	9.7	32.0
PB.14703.7	Protein_PB.14703.7	SMARCAD1	SMARCAD1	novel_in_catalog	YES	31.58	37.42	32.01
PB.14709.2	Protein_PB.14709.2	CCSER1	CCSER1	full-splice_match	YES	16.78	27.98	17.38
PB.14712.1	Protein_PB.14712.1	MMRN1	MMRN1	full-splice_match	YES	61.22	38.05	115.47
PB.14715.1	Protein_PB.14715.1	TIGD2	TIGD2	full-splice_match	YES	70.89	71.37	65.77
PB.14716.11	Protein_PB.14716.11	HERC3	HERC3	novel_in_catalog	YES	20.74	27.39	14.32
PB.14716.19	Protein_PB.14716.19	HERC3	HERC3	full-splice_match	YES	306.11	325.74	292.32
PB.14716.27	Protein_PB.14716.27	HERC3	HERC3	novel_not_in_catalog	YES	15.68	22.76	16.12
PB.14716.3	Protein_PB.14716.3	HERC3	HERC3	full-splice_match	YES	53.3	58.58	35.93
PB.14718.1	Protein_PB.14718.1	HERC5	HERC5	full-splice_match	YES	8.66	7.65	25.95
PB.14723.1	Protein_PB.14723.1	PKD2	PKD2	full-splice_match	YES	176.84	115.87	129.71
PB.14724.1	Protein_PB.14724.1	SPP1	SPP1	full-splice_match	YES	33.64	18.07	20.99
PB.14724.2	Protein_PB.14724.2	SPP1	SPP1	full-splice_match	YES	45.85	29.48	32.94
PB.1473.1		novelGene_131	novelGene_131	intergenic	NO	18.97	20.13	29.94
PB.14733.3	Protein_PB.14733.3	NUDT9	NUDT9	full-splice_match	YES	42.21	24.74	56.48
PB.14733.4	Protein_PB.14733.4	NUDT9	NUDT9	novel_not_in_catalog	YES	75.31	77.5	48.61
PB.14735.1	Protein_PB.14735.1	AFF1	AFF1	full-splice_match	YES	228.93	254.43	216.12
PB.14735.2	Protein_PB.14735.2	AFF1	AFF1	full-splice_match	YES	378.32	307.74	385.38
PB.14737.2	Protein_PB.14737.2	PTPN13	PTPN13	full-splice_match	YES	17.49	22.24	35.27
PB.14737.4	Protein_PB.14737.4	PTPN13	PTPN13	full-splice_match	YES	26.58	6.74	11.77
PB.1474.1	Protein_PB.1474.1	PPIA	PPIA	full-splice_match	YES	189.17	126.39	227.03
PB.14740.2	Protein_PB.14740.2	ARHGAP24	ARHGAP24	full-splice_match	YES	35.22	48.23	32.51
PB.14740.4	Protein_PB.14740.4	ARHGAP24	ARHGAP24	full-splice_match	YES	89.8	100.78	49.82
PB.14740.6	Protein_PB.14740.6	ARHGAP24	ARHGAP24	novel_not_in_catalog	YES	125.79	160.62	89.29
PB.14740.7	Protein_PB.14740.7	ARHGAP24	ARHGAP24	novel_not_in_catalog	YES	128.77	153.17	107.55
PB.14746.2	Protein_PB.14746.2	GPAT3	GPAT3	novel_not_in_catalog	YES	35.14	71.49	44.24
PB.14746.4	Protein_PB.14746.4	GPAT3	GPAT3	full-splice_match	YES	37.63	37.65	16.63
PB.14747.2	Protein_PB.14747.2	MRPS18C	MRPS18C	full-splice_match	YES	344.19	384.84	275.09
PB.14748.11	Protein_PB.14748.11	COPS4	COPS4	full-splice_match	YES	216.38	231.57	186.64
PB.14748.3	Protein_PB.14748.3	COPS4	COPS4	full-splice_match	YES	409.93	404.69	316.89
PB.14748.5	Protein_PB.14748.5	COPS4	COPS4	novel_in_catalog	YES	2.69	10.54	24.53
PB.14748.7	Protein_PB.14748.7	COPS4	COPS4	novel_in_catalog	YES	30.13	46.08	19.59
PB.14748.8	Protein_PB.14748.8	COPS4	COPS4	novel_not_in_catalog	YES	121.65	158.23	70.15
PB.14748.9	Protein_PB.14748.9	COPS4	COPS4	novel_in_catalog	YES	55.13	83.71	127.21
PB.14749.1	Protein_PB.14749.1	THAP9	THAP9	full-splice_match	YES	85.88	82.75	71.75
PB.14749.2	Protein_PB.14749.2	THAP9	THAP9	full-splice_match	YES	37.6	42.58	41.03
PB.14749.3	Protein_PB.14749.3	THAP9	THAP9	novel_in_catalog	YES	38.18	29.59	16.49
PB.14749.4	Protein_PB.14749.4	THAP9	THAP9	novel_not_in_catalog	YES	15.27	22.26	15.24
PB.1475.1	Protein_PB.1475.1	ZMIZ2	ZMIZ2	full-splice_match	YES	0.37	0.0	32.35
PB.1475.2	Protein_PB.1475.2	ZMIZ2	ZMIZ2	full-splice_match	YES	65.01	68.32	72.47
PB.1475.4	Protein_PB.1475.4	ZMIZ2	ZMIZ2	full-splice_match	YES	37.34	34.08	19.17
PB.14753.1	Protein_PB.14753.1	ENOPH1	ENOPH1	full-splice_match	YES	84.54	87.75	86.68
PB.14753.6	Protein_PB.14753.6	ENOPH1	ENOPH1	novel_not_in_catalog	YES	17.83	24.93	22.51
PB.1476.1	Protein_PB.1476.1	OGDH	OGDH	novel_in_catalog	YES	124.56	117.74	62.32
PB.1476.2	Protein_PB.1476.2	OGDH	OGDH	novel_not_in_catalog	YES	223.58	240.31	44.0
PB.1476.3	Protein_PB.1476.3	OGDH	OGDH	full-splice_match	YES	3213.4	3673.39	1961.51
PB.1476.5	Protein_PB.1476.5	OGDH	OGDH	incomplete-splice_match	YES	923.64	1161.04	659.53
PB.14766.1	Protein_PB.14766.1	BMP2K	BMP2K	full-splice_match	YES	181.67	149.79	242.71
PB.14766.2	Protein_PB.14766.2	BMP2K	BMP2K	full-splice_match	YES	28.81	27.11	32.0
PB.14767.14	Protein_PB.14767.14	FRAS1	FRAS1	full-splice_match	YES	166.37	139.21	69.13
PB.14767.2	Protein_PB.14767.2	ANXA3	ANXA3	full-splice_match	YES	248.23	213.21	131.94
PB.14768.4	Protein_PB.14768.4	MRPL1	MRPL1	novel_not_in_catalog	YES	145.73	143.36	107.99
PB.1477.1	Protein_PB.1477.1	YKT6	YKT6	full-splice_match	YES	364.32	413.74	429.89
PB.14771.1	Protein_PB.14771.1	CCNG2	CCNG2	full-splice_match	YES	55.13	57.95	66.72
PB.14772.1	Protein_PB.14772.1	SEPT11	SEPT11	full-splice_match	YES	63.03	57.2	154.71
PB.14772.2	Protein_PB.14772.2	SEPT11	SEPT11	full-splice_match	YES	32.5	7.54	39.74
PB.14772.4	Protein_PB.14772.4	SEPT11	SEPT11	novel_not_in_catalog	YES	81.58	66.88	119.13
PB.14772.5	Protein_PB.14772.5	SEPT11	SEPT11	full-splice_match	YES	87.46	63.66	117.75
PB.14772.7	Protein_PB.14772.7	SEPT11	SEPT11	incomplete-splice_match	YES	191.42	131.41	351.96
PB.14775.1	Protein_PB.14775.1	STBD1	STBD1	full-splice_match	YES	4255.06	3975.21	4078.48
PB.14776.3	Protein_PB.14776.3	LOC113263250	LOC113263250	full-splice_match	YES	16.98	22.05	17.13
PB.14777.3	Protein_PB.14777.3	ART3	ART3	novel_not_in_catalog	YES	14.94	43.24	29.77
PB.14777.4	Protein_PB.14777.4	ART3	ART3	novel_not_in_catalog	YES	263.17	319.72	240.25
PB.14778.11	Protein_PB.14778.11	USO1	USO1	novel_not_in_catalog	YES	297.97	381.07	339.63
PB.14778.4	Protein_PB.14778.4	USO1	USO1	novel_not_in_catalog	YES	602.29	722.61	487.64
PB.14778.7	Protein_PB.14778.7	USO1	USO1	novel_not_in_catalog	YES	42.23	45.86	40.62
PB.14778.9	Protein_PB.14778.9	USO1	USO1	novel_not_in_catalog	YES	99.65	81.0	73.61
PB.1478.1	Protein_PB.1478.1	AEBP1	AEBP1	full-splice_match	YES	439.06	95.57	270.36
PB.14780.1	Protein_PB.14780.1	THAP6	THAP6	full-splice_match	YES	66.32	59.86	69.32
PB.14780.5	Protein_PB.14780.5	THAP6	THAP6	novel_in_catalog	YES	35.73	54.6	33.43
PB.14781.1	Protein_PB.14781.1	PARM1	PARM1	full-splice_match	YES	192.64	150.32	225.74
PB.14781.2	Protein_PB.14781.2	PARM1	PARM1	novel_in_catalog	YES	26.33	30.62	78.86
PB.14781.3		PARM1	PARM1	novel_not_in_catalog	NO	70.53	34.11	94.65
PB.14786.5	Protein_PB.14786.5	LOC113263275_MTHFD2L	LOC113263275_MTHFD2L	fusion	YES	22.64	15.89	13.83
PB.14786.8	Protein_PB.14786.8	LOC113263275	LOC113263275	full-splice_match	YES	20.14	11.28	17.18
PB.14790.1	Protein_PB.14790.1	CXCL6	CXCL6	full-splice_match	YES	10.32	10.14	43.64
PB.14790.3	Protein_PB.14790.3	CXCL6	CXCL6	full-splice_match	YES	20.55	29.35	34.98
PB.14796.54	Protein_PB.14796.54	ALB	ALB	novel_not_in_catalog	YES	26.58	21.35	3.2
PB.14796.57	Protein_PB.14796.57	ALB	ALB	novel_not_in_catalog	YES	38.55	48.64	13.32
PB.14796.60	Protein_PB.14796.60	ALB	ALB	novel_not_in_catalog	YES	9.61	16.82	19.74
PB.14796.64	Protein_PB.14796.64	ALB	ALB	full-splice_match	YES	7.91	24.75	32.35
PB.14799.1	Protein_PB.14799.1	SLC4A4	SLC4A4	novel_not_in_catalog	YES	176.97	163.67	179.89
PB.14799.5	Protein_PB.14799.5	SLC4A4	SLC4A4	full-splice_match	YES	69.56	88.82	93.57
PB.1480.1	Protein_PB.1480.1	DBNL	DBNL	full-splice_match	YES	30.76	16.93	42.76
PB.1480.3	Protein_PB.1480.3	DBNL	DBNL	full-splice_match	YES	91.88	91.98	87.75
PB.14802.1	Protein_PB.14802.1	MOB1B	MOB1B	novel_in_catalog	YES	53.93	61.15	83.13
PB.14802.2	Protein_PB.14802.2	MOB1B	MOB1B	full-splice_match	YES	60.51	38.4	63.8
PB.14804.11	Protein_PB.14804.11	RUFY3	RUFY3	full-splice_match	YES	22.68	14.88	31.85
PB.14804.3	Protein_PB.14804.3	RUFY3	RUFY3	full-splice_match	YES	17.75	13.08	17.8
PB.14804.4	Protein_PB.14804.4	RUFY3	RUFY3	full-splice_match	YES	223.94	219.55	254.67
PB.14804.7	Protein_PB.14804.7	RUFY3	RUFY3	full-splice_match	YES	109.49	111.52	128.14
PB.14805.1	Protein_PB.14805.1	UTP3	UTP3	full-splice_match	YES	124.03	133.73	141.38
PB.1482.4	Protein_PB.1482.4	BLVRA	BLVRA	full-splice_match	YES	121.04	137.7	141.4
PB.14823.1	Protein_PB.14823.1	ZEB2	ZEB2	incomplete-splice_match	YES	83.77	14.53	78.98
PB.14823.16	Protein_PB.14823.16	ZEB2	ZEB2	novel_in_catalog	YES	180.2	161.08	169.97
PB.14823.17	Protein_PB.14823.17	ZEB2	ZEB2	full-splice_match	YES	59.86	38.97	94.02
PB.14823.8	Protein_PB.14823.8	ZEB2	ZEB2	novel_not_in_catalog	YES	5.5	18.29	25.63
PB.14824.1	Protein_PB.14824.1	GTDC1	GTDC1	novel_in_catalog	YES	42.37	51.98	47.52
PB.14824.12		GTDC1	GTDC1	novel_not_in_catalog	NO	83.5	59.51	136.54
PB.14824.13		GTDC1	GTDC1	novel_not_in_catalog	NO	31.04	41.54	59.28
PB.14824.14		GTDC1	GTDC1	novel_not_in_catalog	NO	9.17	18.52	21.22
PB.14824.15	Protein_PB.14824.15	GTDC1	GTDC1	novel_in_catalog	YES	11.14	14.74	27.18
PB.14824.2		GTDC1	GTDC1	novel_not_in_catalog	NO	52.8	58.33	60.67
PB.14824.5	Protein_PB.14824.5	GTDC1	GTDC1	novel_not_in_catalog	YES	25.44	33.9	26.8
PB.1483.1	Protein_PB.1483.1	STK17A	STK17A	full-splice_match	YES	39.03	46.11	52.7
PB.14839.1	Protein_PB.14839.1	CXCR4	CXCR4	full-splice_match	YES	42.14	33.3	18.57
PB.14840.1	Protein_PB.14840.1	DARS	DARS	novel_not_in_catalog	YES	37.29	20.84	66.9
PB.14840.10	Protein_PB.14840.10	DARS	DARS	novel_not_in_catalog	YES	52.57	52.44	45.76
PB.14840.16	Protein_PB.14840.16	DARS	DARS	novel_not_in_catalog	YES	16.35	17.33	20.92
PB.14840.17	Protein_PB.14840.17	DARS	DARS	novel_not_in_catalog	YES	36.69	20.2	51.49
PB.14840.18	Protein_PB.14840.18	DARS	DARS	novel_not_in_catalog	YES	427.08	454.71	459.11
PB.14840.20	Protein_PB.14840.20	DARS	DARS	incomplete-splice_match	YES	220.78	189.25	214.17
PB.14840.6	Protein_PB.14840.6	DARS	DARS	incomplete-splice_match	YES	318.75	331.64	352.05
PB.1485.1	Protein_PB.1485.1	MRPL32	MRPL32	full-splice_match	YES	216.83	268.09	168.32
PB.14852.1	Protein_PB.14852.1	ACTR3	ACTR3	novel_not_in_catalog	YES	210.23	214.42	161.06
PB.14852.2	Protein_PB.14852.2	ACTR3	ACTR3	full-splice_match	YES	96.88	68.58	88.51
PB.14852.4	Protein_PB.14852.4	ACTR3	ACTR3	incomplete-splice_match	YES	43.48	47.28	73.72
PB.14862.11	Protein_PB.14862.11	DDX18	DDX18	novel_not_in_catalog	YES	33.07	53.58	49.29
PB.14862.5	Protein_PB.14862.5	DDX18	DDX18	incomplete-splice_match	YES	23.68	19.27	21.39
PB.14862.9	Protein_PB.14862.9	DDX18	DDX18	full-splice_match	YES	91.71	67.74	97.09
PB.14865.1	Protein_PB.14865.1	INSIG2	INSIG2	novel_not_in_catalog	YES	46.1	46.99	44.85
PB.14865.3	Protein_PB.14865.3	INSIG2	INSIG2	novel_in_catalog	YES	49.16	46.27	34.95
PB.14865.7	Protein_PB.14865.7	INSIG2	INSIG2	full-splice_match	YES	42.96	65.76	63.77
PB.14869.1	Protein_PB.14869.1	STEAP3	STEAP3	novel_not_in_catalog	YES	95.06	69.96	43.77
PB.14869.2	Protein_PB.14869.2	STEAP3	STEAP3	full-splice_match	YES	47.84	35.54	60.9
PB.14869.3	Protein_PB.14869.3	STEAP3	STEAP3	novel_in_catalog	YES	21.04	51.25	21.66
PB.14869.4	Protein_PB.14869.4	STEAP3	STEAP3	novel_not_in_catalog	YES	49.78	24.73	24.15
PB.14870.1	Protein_PB.14870.1	DBI	DBI	full-splice_match	YES	884.14	1274.51	862.78
PB.14872.1	Protein_PB.14872.1	TMEM37	TMEM37	full-splice_match	YES	40.55	38.09	28.91
PB.14876.1	Protein_PB.14876.1	TMEM177	TMEM177	full-splice_match	YES	50.23	55.92	42.78
PB.14878.1	Protein_PB.14878.1	PTPN4	PTPN4	full-splice_match	YES	20.82	16.47	22.06
PB.14878.2	Protein_PB.14878.2	PTPN4	PTPN4	full-splice_match	YES	95.8	126.22	215.93
PB.14878.3	Protein_PB.14878.3	PTPN4	PTPN4	full-splice_match	YES	518.97	447.39	425.01
PB.14878.4	Protein_PB.14878.4	PTPN4	PTPN4	full-splice_match	YES	50.54	26.16	49.08
PB.14879.2	Protein_PB.14879.2	EPB41L5	EPB41L5	full-splice_match	YES	51.97	50.37	58.91
PB.14880.1	Protein_PB.14880.1	RALB	RALB	novel_in_catalog	YES	18.8	20.79	10.74
PB.14880.3	Protein_PB.14880.3	RALB	RALB	full-splice_match	YES	60.34	43.66	50.33
PB.14880.7	Protein_PB.14880.7	RALB	RALB	novel_not_in_catalog	YES	35.74	21.79	29.42
PB.14889.1		TSN	TSN	novel_in_catalog	NO	51.47	72.84	114.75
PB.14889.2	Protein_PB.14889.2	TSN	TSN	novel_not_in_catalog	YES	182.62	162.29	137.1
PB.14889.7	Protein_PB.14889.7	TSN	TSN	full-splice_match	YES	36.76	42.02	44.56
PB.14889.8	Protein_PB.14889.8	TSN	TSN	full-splice_match	YES	33.73	33.0	63.96
PB.14891.1	Protein_PB.14891.1	CNTNAP5	CNTNAP5	novel_not_in_catalog	YES	32.47	27.71	9.22
PB.14895.1	Protein_PB.14895.1	GYPC	GYPC	incomplete-splice_match	YES	21.42	9.9	5.04
PB.14895.3	Protein_PB.14895.3	GYPC	GYPC	full-splice_match	YES	108.99	66.97	92.71
PB.14895.4	Protein_PB.14895.4	GYPC	GYPC	novel_not_in_catalog	YES	52.88	45.8	82.19
PB.14895.5	Protein_PB.14895.5	GYPC	GYPC	novel_not_in_catalog	YES	318.03	260.44	349.5
PB.1490.1	Protein_PB.1490.1	CDK13	CDK13	full-splice_match	YES	178.41	191.45	168.27
PB.1490.2	Protein_PB.1490.2	CDK13	CDK13	full-splice_match	YES	101.94	73.97	96.63
PB.14903.1	Protein_PB.14903.1	SFT2D3	SFT2D3	full-splice_match	YES	67.39	64.12	129.78
PB.14909.1	Protein_PB.14909.1	UGGT1	UGGT1	incomplete-splice_match	YES	23.36	15.85	12.62
PB.14909.2	Protein_PB.14909.2	UGGT1	UGGT1	full-splice_match	YES	288.31	460.15	386.92
PB.14909.3	Protein_PB.14909.3	UGGT1	UGGT1	novel_not_in_catalog	YES	15.58	20.42	33.08
PB.14909.5	Protein_PB.14909.5	UGGT1	UGGT1	full-splice_match	YES	243.18	92.09	138.5
PB.1491.4	Protein_PB.1491.4	RALA	RALA	full-splice_match	YES	173.26	167.89	148.55
PB.1491.6	Protein_PB.1491.6	RALA	RALA	novel_not_in_catalog	YES	23.44	25.61	31.86
PB.14927.1		novelGene_LRP1B_AS	novelGene_LRP1B_AS	antisense	NO	5.59	7.3	17.47
PB.14929.1	Protein_PB.14929.1	SPOPL	SPOPL	full-splice_match	YES	78.85	105.71	99.88
PB.14929.2	Protein_PB.14929.2	SPOPL	SPOPL	full-splice_match	YES	143.99	119.03	92.66
PB.1493.1	Protein_PB.1493.1	YAE1	YAE1	full-splice_match	YES	73.96	81.29	63.35
PB.14931.1	Protein_PB.14931.1	HNMT	HNMT	full-splice_match	YES	15.06	19.11	18.79
PB.14931.2	Protein_PB.14931.2	HNMT	HNMT	full-splice_match	YES	200.88	308.12	216.18
PB.14937.1	Protein_PB.14937.1	UBXN4	UBXN4	full-splice_match	YES	55.17	58.96	79.04
PB.14937.3	Protein_PB.14937.3	UBXN4	UBXN4	novel_not_in_catalog	YES	35.7	17.4	57.51
PB.14937.4	Protein_PB.14937.4	UBXN4	UBXN4	novel_in_catalog	YES	442.14	535.87	465.09
PB.14937.7	Protein_PB.14937.7	UBXN4	UBXN4	novel_not_in_catalog	YES	77.16	29.26	33.76
PB.14937.8	Protein_PB.14937.8	UBXN4	UBXN4	incomplete-splice_match	YES	135.22	166.18	151.58
PB.14938.15	Protein_PB.14938.15	R3HDM1	R3HDM1	novel_not_in_catalog	YES	44.37	48.24	38.57
PB.14938.16	Protein_PB.14938.16	R3HDM1	R3HDM1	novel_not_in_catalog	YES	9.47	4.23	23.56
PB.14942.10	Protein_PB.14942.10	RAB3GAP1	RAB3GAP1	incomplete-splice_match	YES	43.32	76.73	56.81
PB.14942.11	Protein_PB.14942.11	RAB3GAP1	RAB3GAP1	incomplete-splice_match	YES	79.44	43.42	62.88
PB.14942.6	Protein_PB.14942.6	RAB3GAP1	RAB3GAP1	novel_not_in_catalog	YES	194.88	227.73	185.7
PB.14942.7	Protein_PB.14942.7	RAB3GAP1	RAB3GAP1	novel_in_catalog	YES	43.95	50.43	47.28
PB.14942.8	Protein_PB.14942.8	RAB3GAP1	RAB3GAP1	novel_not_in_catalog	YES	20.11	12.36	60.65
PB.14942.9	Protein_PB.14942.9	RAB3GAP1	RAB3GAP1	novel_not_in_catalog	YES	78.63	77.57	34.84
PB.14943.12	Protein_PB.14943.12	CCNT2	CCNT2	full-splice_match	YES	44.68	41.52	37.83
PB.14943.5	Protein_PB.14943.5	CCNT2	CCNT2	novel_not_in_catalog	YES	12.89	24.74	15.86
PB.14943.6	Protein_PB.14943.6	CCNT2	CCNT2	novel_not_in_catalog	YES	19.78	17.72	13.34
PB.14943.7	Protein_PB.14943.7	CCNT2	CCNT2	novel_in_catalog	YES	18.1	10.48	12.6
PB.14945.1	Protein_PB.14945.1	MGAT5	MGAT5	full-splice_match	YES	19.04	11.43	11.7
PB.14945.3	Protein_PB.14945.3	MGAT5	MGAT5	full-splice_match	YES	17.51	13.91	4.82
PB.14945.8	Protein_PB.14945.8	MGAT5	MGAT5	full-splice_match	YES	2.85	9.21	24.96
PB.14949.1	Protein_PB.14949.1	SLC35F5	SLC35F5	full-splice_match	YES	35.07	19.71	21.46
PB.14949.2	Protein_PB.14949.2	SLC35F5	SLC35F5	novel_in_catalog	YES	78.57	94.6	67.71
PB.14949.3	Protein_PB.14949.3	SLC35F5	SLC35F5	novel_not_in_catalog	YES	55.89	101.39	116.67
PB.14949.5	Protein_PB.14949.5	SLC35F5	SLC35F5	novel_not_in_catalog	YES	164.63	148.69	86.89
PB.14952.2	Protein_PB.14952.2	CCDC93	CCDC93	novel_not_in_catalog	YES	258.91	260.67	226.79
PB.14952.3	Protein_PB.14952.3	CCDC93	CCDC93	full-splice_match	YES	268.25	341.66	312.48
PB.14952.5	Protein_PB.14952.5	CCDC93	CCDC93	incomplete-splice_match	YES	125.16	151.0	96.32
PB.14953.1	Protein_PB.14953.1	LOC113263447	LOC113263447	novel_in_catalog	YES	38.45	61.94	56.03
PB.14953.2	Protein_PB.14953.2	LOC113263447	LOC113263447	full-splice_match	YES	18.47	19.9	9.48
PB.14953.4	Protein_PB.14953.4	LOC113263447	LOC113263447	full-splice_match	YES	11.71	17.73	12.3
PB.14954.1	Protein_PB.14954.1	EN1	EN1	full-splice_match	YES	54.78	57.89	66.73
PB.14957.1		CUNH2orf76	CUNH2orf76	novel_not_in_catalog	NO	17.59	17.67	22.82
PB.14957.8	Protein_PB.14957.8	CUNH2orf76	CUNH2orf76	novel_not_in_catalog	YES	55.93	47.29	85.94
PB.14962.1	Protein_PB.14962.1	TMEM185B	TMEM185B	full-splice_match	YES	77.01	73.89	97.35
PB.14967.10	Protein_PB.14967.10	CLASP1	CLASP1	novel_not_in_catalog	YES	293.67	308.05	286.71
PB.14967.11	Protein_PB.14967.11	CLASP1	CLASP1	novel_not_in_catalog	YES	28.08	15.89	71.75
PB.14967.12	Protein_PB.14967.12	CLASP1	CLASP1	incomplete-splice_match	YES	19.27	17.91	39.46
PB.14967.2	Protein_PB.14967.2	CLASP1	CLASP1	novel_in_catalog	YES	15.0	9.26	46.92
PB.14967.3	Protein_PB.14967.3	CLASP1	CLASP1	full-splice_match	YES	122.01	79.93	34.53
PB.14967.4	Protein_PB.14967.4	CLASP1	CLASP1	full-splice_match	YES	93.21	30.08	77.61
PB.14967.7	Protein_PB.14967.7	CLASP1	CLASP1	full-splice_match	YES	38.79	60.15	117.85
PB.14967.9	Protein_PB.14967.9	CLASP1	CLASP1	novel_in_catalog	YES	115.3	186.38	207.12
PB.14970.1	Protein_PB.14970.1	NIFK	NIFK	full-splice_match	YES	286.13	264.21	284.62
PB.14970.2	Protein_PB.14970.2	NIFK	NIFK	incomplete-splice_match	YES	65.64	71.26	78.85
PB.14979.1	Protein_PB.14979.1	BIN1	BIN1	novel_not_in_catalog	YES	2529.19	2379.67	2419.64
PB.14979.10	Protein_PB.14979.10	BIN1	BIN1	full-splice_match	YES	186.44	125.02	94.03
PB.14979.19	Protein_PB.14979.19	BIN1	BIN1	full-splice_match	YES	77.9	76.67	37.2
PB.14979.22	Protein_PB.14979.22	BIN1	BIN1	novel_in_catalog	YES	159.56	230.32	452.3
PB.14979.25	Protein_PB.14979.25	BIN1	BIN1	full-splice_match	YES	2252.67	2094.42	1586.88
PB.14979.27	Protein_PB.14979.27	BIN1	BIN1	full-splice_match	YES	222.06	238.44	266.78
PB.14979.28	Protein_PB.14979.28	BIN1	BIN1	novel_in_catalog	YES	1735.25	1820.98	1009.8
PB.14979.29	Protein_PB.14979.29	BIN1	BIN1	novel_in_catalog	YES	90.43	106.89	108.45
PB.14979.3	Protein_PB.14979.3	BIN1	BIN1	novel_not_in_catalog	YES	97.33	151.75	308.69
PB.14979.30	Protein_PB.14979.30	BIN1	BIN1	full-splice_match	YES	320.11	252.17	669.49
PB.14979.5	Protein_PB.14979.5	BIN1	BIN1	novel_in_catalog	YES	346.92	295.03	352.46
PB.1498.2	Protein_PB.1498.2	STARD3NL	STARD3NL	full-splice_match	YES	12.6	34.44	24.35
PB.1498.3	Protein_PB.1498.3	STARD3NL	STARD3NL	full-splice_match	YES	39.11	28.23	28.51
PB.14981.2	Protein_PB.14981.2	ERCC3	ERCC3	incomplete-splice_match	YES	25.39	25.61	32.3
PB.14981.4	Protein_PB.14981.4	ERCC3	ERCC3	novel_in_catalog	YES	54.38	55.1	39.54
PB.14982.1	Protein_PB.14982.1	MAP3K2	MAP3K2	full-splice_match	YES	183.14	88.52	256.37
PB.14982.2	Protein_PB.14982.2	MAP3K2	MAP3K2	full-splice_match	YES	141.1	171.7	115.49
PB.14985.11	Protein_PB.14985.11	IWS1	IWS1	incomplete-splice_match	YES	24.23	37.0	29.92
PB.14985.2	Protein_PB.14985.2	IWS1	IWS1	full-splice_match	YES	11.67	5.86	17.39
PB.14985.3	Protein_PB.14985.3	IWS1	IWS1	full-splice_match	YES	18.5	7.57	22.39
PB.14985.5	Protein_PB.14985.5	IWS1	IWS1	full-splice_match	YES	31.52	61.43	57.08
PB.14985.6	Protein_PB.14985.6	IWS1	IWS1	novel_not_in_catalog	YES	93.08	82.56	38.64
PB.14985.7	Protein_PB.14985.7	IWS1	IWS1	novel_not_in_catalog	YES	54.24	60.26	35.3
PB.14985.9	Protein_PB.14985.9	IWS1	IWS1	novel_not_in_catalog	YES	79.9	73.6	61.22
PB.14986.18	Protein_PB.14986.18	LIMS2	LIMS2	full-splice_match	YES	29.17	5.71	14.58
PB.14987.1	Protein_PB.14987.1	WDR33	WDR33	full-splice_match	YES	623.36	755.2	602.76
PB.14987.11	Protein_PB.14987.11	WDR33	WDR33	novel_not_in_catalog	YES	50.08	40.83	38.53
PB.14987.2	Protein_PB.14987.2	WDR33	WDR33	full-splice_match	YES	97.78	100.81	82.39
PB.14987.5	Protein_PB.14987.5	WDR33	WDR33	novel_not_in_catalog	YES	46.72	68.83	59.1
PB.14987.7	Protein_PB.14987.7	WDR33	WDR33	novel_in_catalog	YES	87.41	80.35	67.61
PB.14987.8	Protein_PB.14987.8	WDR33	WDR33	novel_in_catalog	YES	16.47	13.39	23.06
PB.14988.2	Protein_PB.14988.2	POLR2D	POLR2D	novel_not_in_catalog	YES	108.94	97.23	167.57
PB.14988.3		POLR2D	POLR2D	novel_in_catalog	NO	66.77	65.27	107.13
PB.14988.6	Protein_PB.14988.6	POLR2D	POLR2D	novel_in_catalog	YES	233.11	240.62	314.17
PB.14988.7	Protein_PB.14988.7	POLR2D	POLR2D	novel_not_in_catalog	YES	14.72	11.06	23.14
PB.14989.1	Protein_PB.14989.1	AMMECR1L	AMMECR1L	full-splice_match	YES	106.33	99.48	97.07
PB.1499.1	Protein_PB.1499.1	EPDR1	EPDR1	full-splice_match	YES	116.45	120.58	123.18
PB.1499.2	Protein_PB.1499.2	EPDR1	EPDR1	novel_not_in_catalog	YES	218.69	151.41	203.35
PB.1499.4	Protein_PB.1499.4	EPDR1	EPDR1	novel_not_in_catalog	YES	22.58	23.45	22.77
PB.14991.4	Protein_PB.14991.4	SAP130	SAP130	full-splice_match	YES	18.86	6.7	16.75
PB.14993.1	Protein_PB.14993.1	HS6ST1	HS6ST1	full-splice_match	YES	569.93	564.33	526.0
PB.14997.1	Protein_PB.14997.1	CYFIP1	CYFIP1	novel_not_in_catalog	YES	133.12	210.92	171.55
PB.14997.18	Protein_PB.14997.18	CYFIP1	CYFIP1	full-splice_match	YES	123.73	94.34	85.62
PB.14997.20	Protein_PB.14997.20	CYFIP1	CYFIP1	full-splice_match	YES	92.73	63.04	64.7
PB.14997.22	Protein_PB.14997.22	CYFIP1	CYFIP1	incomplete-splice_match	YES	9.22	14.01	22.98
PB.14999.1	Protein_PB.14999.1	HERC2	HERC2	full-splice_match	YES	118.9	166.64	114.33
PB.14999.2	Protein_PB.14999.2	HERC2	HERC2	full-splice_match	YES	692.09	583.23	663.36
PB.14999.3	Protein_PB.14999.3	HERC2	HERC2	full-splice_match	YES	300.54	301.66	157.64
PB.14999.4	Protein_PB.14999.4	HERC2	HERC2	full-splice_match	YES	195.38	199.02	253.56
PB.15.1	Protein_PB.15.1	LSS	LSS	full-splice_match	YES	57.37	35.09	43.7
PB.1500.1	Protein_PB.1500.1	NME8	NME8	full-splice_match	YES	18.07	19.79	19.23
PB.15006.3	Protein_PB.15006.3	ATP10A	ATP10A	full-splice_match	YES	81.16	25.32	20.1
PB.15007.1	Protein_PB.15007.1	UBE3A	UBE3A	full-splice_match	YES	429.02	453.01	374.41
PB.15007.2	Protein_PB.15007.2	UBE3A	UBE3A	full-splice_match	YES	456.4	521.33	169.01
PB.15007.3	Protein_PB.15007.3	UBE3A	UBE3A	full-splice_match	YES	615.94	587.86	658.68
PB.15007.4	Protein_PB.15007.4	UBE3A	UBE3A	full-splice_match	YES	185.68	197.21	353.08
PB.15013.1	Protein_PB.15013.1	NDN	NDN	full-splice_match	YES	54.61	80.52	47.98
PB.15018.1	Protein_PB.15018.1	OTUD7A	OTUD7A	novel_in_catalog	YES	46.02	43.26	35.71
PB.1502.1	Protein_PB.1502.1	DLD	DLD	full-splice_match	YES	49.88	52.36	83.52
PB.1502.2	Protein_PB.1502.2	DLD	DLD	novel_not_in_catalog	YES	1152.85	1286.19	895.4
PB.1502.3	Protein_PB.1502.3	DLD	DLD	novel_in_catalog	YES	21.51	27.28	33.33
PB.1502.4	Protein_PB.1502.4	DLD	DLD	novel_in_catalog	YES	311.29	295.95	211.51
PB.1502.5	Protein_PB.1502.5	DLD	DLD	novel_not_in_catalog	YES	1552.48	1624.97	1061.64
PB.15022.1	Protein_PB.15022.1	MTMR10	MTMR10	full-splice_match	YES	67.55	39.65	106.4
PB.15022.3	Protein_PB.15022.3	MTMR10	MTMR10	novel_in_catalog	YES	73.62	80.47	51.47
PB.15022.4	Protein_PB.15022.4	MTMR10	MTMR10	novel_not_in_catalog	YES	30.8	12.85	7.11
PB.15022.5	Protein_PB.15022.5	MTMR10	MTMR10	novel_not_in_catalog	YES	43.94	60.42	63.62
PB.15023.1	Protein_PB.15023.1	MCEE	MCEE	full-splice_match	YES	78.16	88.13	76.08
PB.15024.2	Protein_PB.15024.2	APBA2	APBA2	novel_not_in_catalog	YES	29.58	20.17	15.74
PB.15028.1	Protein_PB.15028.1	TARSL2	TARSL2	full-splice_match	YES	1471.77	1660.85	1372.97
PB.15029.2	Protein_PB.15029.2	TM2D3	TM2D3	full-splice_match	YES	118.0	135.83	98.62
PB.15029.6	Protein_PB.15029.6	TM2D3	TM2D3	full-splice_match	YES	130.19	175.92	145.24
PB.15032.1	Protein_PB.15032.1	PCSK6	PCSK6	full-splice_match	YES	35.56	33.91	27.38
PB.15032.2	Protein_PB.15032.2	PCSK6	PCSK6	novel_in_catalog	YES	204.61	184.41	142.04
PB.15033.3	Protein_PB.15033.3	SNRPA1	SNRPA1	full-splice_match	YES	15.88	14.16	20.31
PB.15033.5	Protein_PB.15033.5	SNRPA1	SNRPA1	novel_in_catalog	YES	54.52	52.59	74.76
PB.15034.5	Protein_PB.15034.5	SELENOS	SELENOS	full-splice_match	YES	158.59	145.06	150.79
PB.15034.6	Protein_PB.15034.6	SELENOS	SELENOS	novel_not_in_catalog	YES	17.32	21.28	19.73
PB.15035.1	Protein_PB.15035.1	CHSY1	CHSY1	full-splice_match	YES	94.5	79.34	105.52
PB.15042.1	Protein_PB.15042.1	LYSMD4	LYSMD4	novel_in_catalog	YES	31.04	0.71	20.35
PB.15042.2	Protein_PB.15042.2	LYSMD4	LYSMD4	full-splice_match	YES	68.0	84.95	106.94
PB.15042.4	Protein_PB.15042.4	LYSMD4	LYSMD4	full-splice_match	YES	24.51	25.3	26.43
PB.15045.1	Protein_PB.15045.1	TTC23	TTC23	full-splice_match	YES	74.51	80.1	54.7
PB.15046.1	Protein_PB.15046.1	IGF1R	IGF1R	full-splice_match	YES	142.71	126.76	185.01
PB.15050.1		novelGene_1730	novelGene_1730	intergenic	NO	16.56	23.7	24.86
PB.15052.1	Protein_PB.15052.1	RGMA	RGMA	full-splice_match	YES	145.37	148.55	168.58
PB.15053.2	Protein_PB.15053.2	LOC113263664_FAM174B	LOC113263664_FAM174B	fusion	YES	72.49	52.01	40.89
PB.15053.4	Protein_PB.15053.4	FAM174B	FAM174B	novel_not_in_catalog	YES	76.82	55.38	44.46
PB.15054.1	Protein_PB.15054.1	AKAP13	AKAP13	full-splice_match	YES	192.58	97.5	110.79
PB.15054.2	Protein_PB.15054.2	AKAP13	AKAP13	full-splice_match	YES	126.51	156.83	152.43
PB.15054.21	Protein_PB.15054.21	AKAP13	AKAP13	novel_not_in_catalog	YES	31.01	16.6	29.53
PB.15054.23	Protein_PB.15054.23	AKAP13	AKAP13	novel_not_in_catalog	YES	394.41	401.61	412.17
PB.15054.28	Protein_PB.15054.28	AKAP13	AKAP13	full-splice_match	YES	279.85	284.66	278.96
PB.15054.6	Protein_PB.15054.6	AKAP13	AKAP13	full-splice_match	YES	121.51	102.15	190.94
PB.15055.1	Protein_PB.15055.1	AGBL1	AGBL1	novel_not_in_catalog	YES	481.57	361.65	233.21
PB.15055.2	Protein_PB.15055.2	AGBL1	AGBL1	full-splice_match	YES	75.67	48.06	40.07
PB.15058.1	Protein_PB.15058.1	MRPS11	MRPS11	full-splice_match	YES	177.13	215.12	134.37
PB.15059.1	Protein_PB.15059.1	AEN	AEN	novel_in_catalog	YES	14.23	23.05	28.26
PB.15059.2	Protein_PB.15059.2	AEN	AEN	full-splice_match	YES	73.39	52.12	54.86
PB.1506.1	Protein_PB.1506.1	CBLL1	CBLL1	full-splice_match	YES	17.89	18.22	24.99
PB.1506.2	Protein_PB.1506.2	CBLL1	CBLL1	full-splice_match	YES	78.96	105.73	108.75
PB.15062.1	Protein_PB.15062.1	ABHD2	ABHD2	full-splice_match	YES	44.43	41.15	44.86
PB.15062.2	Protein_PB.15062.2	ABHD2	ABHD2	full-splice_match	YES	203.61	273.57	307.21
PB.15070.1	Protein_PB.15070.1	ZNF710	ZNF710	full-splice_match	YES	22.58	14.74	24.38
PB.15072.2	Protein_PB.15072.2	SEMA4B	SEMA4B	full-splice_match	YES	14.74	15.65	22.34
PB.15072.3	Protein_PB.15072.3	SEMA4B	SEMA4B	incomplete-splice_match	YES	17.52	19.16	18.67
PB.15075.2	Protein_PB.15075.2	NGRN	NGRN	full-splice_match	YES	279.98	325.2	282.03
PB.15075.3	Protein_PB.15075.3	NGRN	NGRN	novel_in_catalog	YES	194.51	218.86	260.64
PB.15076.4	Protein_PB.15076.4	VPS33B	VPS33B	full-splice_match	YES	50.34	52.63	56.65
PB.15078.2	Protein_PB.15078.2	HDDC3	HDDC3	full-splice_match	YES	32.02	32.11	33.62
PB.1508.1	Protein_PB.1508.1	BCAP29	BCAP29	full-splice_match	YES	26.04	20.02	31.14
PB.1508.2	Protein_PB.1508.2	BCAP29	BCAP29	novel_in_catalog	YES	77.14	71.0	74.84
PB.1508.3	Protein_PB.1508.3	BCAP29	BCAP29	full-splice_match	YES	16.27	22.77	21.42
PB.15080.1	Protein_PB.15080.1	ZSCAN2	ZSCAN2	full-splice_match	YES	30.32	23.18	28.49
PB.15082.1	Protein_PB.15082.1	ZNF592	ZNF592	full-splice_match	YES	24.96	14.52	36.89
PB.15082.2	Protein_PB.15082.2	ZNF592	ZNF592	incomplete-splice_match	YES	391.04	338.94	377.23
PB.15083.1	Protein_PB.15083.1	ALPK3	ALPK3	novel_in_catalog	YES	3903.11	4546.96	3217.18
PB.15083.4	Protein_PB.15083.4	ALPK3	ALPK3	novel_not_in_catalog	YES	739.64	870.37	686.45
PB.15083.5	Protein_PB.15083.5	ALPK3	ALPK3	incomplete-splice_match	YES	371.79	456.51	189.85
PB.15083.6	Protein_PB.15083.6	ALPK3	ALPK3	incomplete-splice_match	YES	66.02	45.15	37.0
PB.15086.1	Protein_PB.15086.1	PDE8A	PDE8A	full-splice_match	YES	32.09	21.01	24.57
PB.15086.2	Protein_PB.15086.2	PDE8A	PDE8A	full-splice_match	YES	500.54	634.74	430.54
PB.15086.4	Protein_PB.15086.4	PDE8A	PDE8A	novel_not_in_catalog	YES	786.32	726.65	539.89
PB.15086.5	Protein_PB.15086.5	PDE8A	PDE8A	novel_in_catalog	YES	31.64	19.28	21.01
PB.15091.1	Protein_PB.15091.1	WHAMM	WHAMM	full-splice_match	YES	17.84	21.44	27.01
PB.15091.6	Protein_PB.15091.6	WHAMM	WHAMM	novel_not_in_catalog	YES	25.33	11.25	8.42
PB.15092.3	Protein_PB.15092.3	RAMAC	RAMAC	full-splice_match	YES	27.73	28.1	20.08
PB.15092.5	Protein_PB.15092.5	RAMAC	RAMAC	full-splice_match	YES	18.05	25.78	35.59
PB.15093.1	Protein_PB.15093.1	TM6SF1	TM6SF1	novel_in_catalog	YES	62.91	42.47	64.6
PB.15093.10	Protein_PB.15093.10	TM6SF1	TM6SF1	full-splice_match	YES	5.89	6.59	23.12
PB.15093.12	Protein_PB.15093.12	TM6SF1	TM6SF1	full-splice_match	YES	80.4	88.93	41.92
PB.15093.3	Protein_PB.15093.3	TM6SF1	TM6SF1	novel_in_catalog	YES	42.6	77.08	117.98
PB.15093.4	Protein_PB.15093.4	TM6SF1	TM6SF1	novel_not_in_catalog	YES	305.95	320.83	147.51
PB.15093.6	Protein_PB.15093.6	TM6SF1	TM6SF1	incomplete-splice_match	YES	26.62	18.16	36.66
PB.15093.7	Protein_PB.15093.7	TM6SF1	TM6SF1	full-splice_match	YES	146.11	126.19	142.95
PB.15093.8	Protein_PB.15093.8	TM6SF1	TM6SF1	novel_not_in_catalog	YES	13.94	15.0	22.78
PB.15096.1	Protein_PB.15096.1	ADAMTSL3	ADAMTSL3	full-splice_match	YES	133.6	85.96	88.71
PB.15098.3	Protein_PB.15098.3	EFL1	EFL1	incomplete-splice_match	YES	21.44	2.17	22.89
PB.15098.4	Protein_PB.15098.4	EFL1	EFL1	full-splice_match	YES	171.12	183.97	163.37
PB.1510.2	Protein_PB.1510.2	DUS4L	DUS4L	full-splice_match	YES	42.31	43.71	38.12
PB.1510.5	Protein_PB.1510.5	DUS4L	DUS4L	novel_in_catalog	YES	72.64	85.34	42.92
PB.15101.1	Protein_PB.15101.1	STARD5	STARD5	full-splice_match	YES	23.32	28.1	20.32
PB.15104.1	Protein_PB.15104.1	MESD	MESD	full-splice_match	YES	406.85	474.61	438.85
PB.15110.4	Protein_PB.15110.4	LOC113263782	LOC113263782	full-splice_match	YES	13.78	16.85	8.25
PB.15114.1	Protein_PB.15114.1	CTSH	CTSH	full-splice_match	YES	43.9	31.31	32.45
PB.15114.4	Protein_PB.15114.4	CTSH	CTSH	novel_in_catalog	YES	52.77	28.4	14.26
PB.15116.1	Protein_PB.15116.1	IDH3A	IDH3A	novel_in_catalog	YES	14.47	9.56	18.79
PB.15116.12	Protein_PB.15116.12	IDH3A	IDH3A	novel_not_in_catalog	YES	44.12	67.62	47.53
PB.15116.2	Protein_PB.15116.2	IDH3A	IDH3A	full-splice_match	YES	3748.78	3762.47	2882.32
PB.15117.1	Protein_PB.15117.1	DNAJA4	DNAJA4	full-splice_match	YES	109.11	163.4	126.95
PB.15117.2	Protein_PB.15117.2	DNAJA4	DNAJA4	incomplete-splice_match	YES	1173.34	1803.68	1373.68
PB.15117.3	Protein_PB.15117.3	DNAJA4	DNAJA4	novel_in_catalog	YES	23.44	19.22	20.68
PB.15117.4	Protein_PB.15117.4	DNAJA4	DNAJA4	novel_in_catalog	YES	18.2	22.62	23.44
PB.1512.1	Protein_PB.1512.1	HBP1	HBP1	full-splice_match	YES	76.31	25.45	51.8
PB.1512.2	Protein_PB.1512.2	HBP1	HBP1	novel_not_in_catalog	YES	338.67	449.03	275.85
PB.1512.3	Protein_PB.1512.3	HBP1	HBP1	novel_not_in_catalog	YES	241.01	342.51	205.28
PB.1512.5	Protein_PB.1512.5	HBP1	HBP1	novel_not_in_catalog	YES	24.14	7.11	16.95
PB.1512.8	Protein_PB.1512.8	HBP1	HBP1	novel_in_catalog	YES	78.93	107.32	103.11
PB.1512.9	Protein_PB.1512.9	HBP1	HBP1	novel_in_catalog	YES	15.52	8.18	17.19
PB.15121.1	Protein_PB.15121.1	IREB2	IREB2	novel_not_in_catalog	YES	117.54	124.55	63.51
PB.15121.2	Protein_PB.15121.2	IREB2	IREB2	novel_in_catalog	YES	141.42	128.2	158.78
PB.15121.4	Protein_PB.15121.4	IREB2	IREB2	full-splice_match	YES	222.35	217.2	252.94
PB.15122.1	Protein_PB.15122.1	HYKK	HYKK	novel_not_in_catalog	YES	55.4	18.81	13.2
PB.15122.7	Protein_PB.15122.7	HYKK	HYKK	full-splice_match	YES	75.18	146.13	53.89
PB.15123.16	Protein_PB.15123.16	PSMA4	PSMA4	full-splice_match	YES	306.4	335.04	269.2
PB.15123.18	Protein_PB.15123.18	PSMA4	PSMA4	full-splice_match	YES	199.91	193.69	167.28
PB.15123.4	Protein_PB.15123.4	PSMA4	PSMA4	full-splice_match	YES	6.12	11.42	19.06
PB.15123.7	Protein_PB.15123.7	PSMA4	PSMA4	novel_not_in_catalog	YES	16.95	25.4	32.83
PB.15125.10	Protein_PB.15125.10	NIPA2	NIPA2	novel_not_in_catalog	YES	105.93	89.28	101.73
PB.15125.3	Protein_PB.15125.3	NIPA2	NIPA2	full-splice_match	YES	8.79	31.05	29.58
PB.15125.4	Protein_PB.15125.4	NIPA2	NIPA2	full-splice_match	YES	65.01	43.87	67.42
PB.15125.7	Protein_PB.15125.7	NIPA2	NIPA2	novel_not_in_catalog	YES	15.68	19.77	22.16
PB.15125.9	Protein_PB.15125.9	NIPA2	NIPA2	novel_not_in_catalog	YES	11.15	28.99	12.11
PB.15126.1	Protein_PB.15126.1	NIPA1	NIPA1	full-splice_match	YES	21.18	20.02	16.99
PB.1513.1	Protein_PB.1513.1	PRKAR2B	PRKAR2B	full-splice_match	YES	67.7	45.74	45.86
PB.1514.1		novelGene_141	novelGene_141	intergenic	NO	14.08	18.31	25.97
PB.15145.2		LOC113263599	LOC113263599	full-splice_match	NO	26.58	34.4	40.33
PB.1515.1	Protein_PB.1515.1	PIK3CG	PIK3CG	full-splice_match	YES	27.92	20.83	31.69
PB.15167.2		LOC113263597	LOC113263597	full-splice_match	NO	35.53	39.6	52.89
PB.15167.4		LOC113263597	LOC113263597	novel_not_in_catalog	NO	79.5	74.64	132.15
PB.15170.4	Protein_PB.15170.4	SNRPN	SNRPN	novel_in_catalog	YES	323.67	370.42	335.82
PB.15170.5		SNURF	SNURF	novel_in_catalog	NO	101.45	99.93	148.72
PB.15170.8		SNURF	SNURF	full-splice_match	NO	111.35	118.6	105.19
PB.15177.1	Protein_PB.15177.1	KLF13	KLF13	full-splice_match	YES	731.23	625.27	419.81
PB.15179.1	Protein_PB.15179.1	FAN1	FAN1	novel_not_in_catalog	YES	16.33	19.56	11.1
PB.15179.10	Protein_PB.15179.10	FAN1	FAN1	full-splice_match	YES	142.65	140.51	70.6
PB.15179.11	Protein_PB.15179.11	FAN1	FAN1	full-splice_match	YES	765.23	856.14	597.51
PB.15179.12	Protein_PB.15179.12	FAN1	FAN1	novel_not_in_catalog	YES	42.67	18.26	47.94
PB.15179.2	Protein_PB.15179.2	FAN1	FAN1	novel_in_catalog	YES	16.79	4.48	25.39
PB.15179.8	Protein_PB.15179.8	FAN1	FAN1	novel_in_catalog	YES	31.31	39.97	24.65
PB.15180.1	Protein_PB.15180.1	MPHOSPH10	MPHOSPH10	full-splice_match	YES	133.52	140.55	129.76
PB.15180.2	Protein_PB.15180.2	MPHOSPH10	MPHOSPH10	incomplete-splice_match	YES	107.84	107.91	95.6
PB.15182.1	Protein_PB.15182.1	NSMCE3	NSMCE3	full-splice_match	YES	77.44	85.46	70.36
PB.15183.10	Protein_PB.15183.10	TJP1	TJP1	novel_in_catalog	YES	67.59	37.78	22.44
PB.15183.11	Protein_PB.15183.11	TJP1	TJP1	novel_in_catalog	YES	42.03	19.35	108.65
PB.15183.12	Protein_PB.15183.12	TJP1	TJP1	incomplete-splice_match	YES	167.04	120.67	161.62
PB.15183.3	Protein_PB.15183.3	TJP1	TJP1	full-splice_match	YES	116.88	84.99	144.41
PB.15183.4	Protein_PB.15183.4	TJP1	TJP1	full-splice_match	YES	15.86	14.58	53.92
PB.15183.5	Protein_PB.15183.5	TJP1	TJP1	full-splice_match	YES	105.82	88.55	77.75
PB.15183.7	Protein_PB.15183.7	TJP1	TJP1	novel_in_catalog	YES	88.04	100.84	49.9
PB.15183.8	Protein_PB.15183.8	TJP1	TJP1	novel_in_catalog	YES	20.89	22.78	43.93
PB.15187.1	Protein_PB.15187.1	novelGene_PCSK6_AS	novelGene_PCSK6_AS	antisense	YES	16.08	14.43	28.62
PB.15191.3	Protein_PB.15191.3	LRRK1	LRRK1	novel_not_in_catalog	YES	29.7	14.6	38.85
PB.15191.4	Protein_PB.15191.4	LRRK1	LRRK1	full-splice_match	YES	165.12	91.47	111.91
PB.15192.2	Protein_PB.15192.2	ALDH1A3	ALDH1A3	full-splice_match	YES	207.98	166.01	159.95
PB.15193.1	Protein_PB.15193.1	ASB7	ASB7	full-splice_match	YES	42.54	40.32	62.27
PB.15195.1	Protein_PB.15195.1	MEF2A	MEF2A	full-splice_match	YES	271.91	251.13	182.06
PB.15195.10	Protein_PB.15195.10	MEF2A	MEF2A	full-splice_match	YES	91.82	147.89	171.88
PB.15195.11	Protein_PB.15195.11	MEF2A	MEF2A	full-splice_match	YES	26.35	66.99	30.16
PB.15195.12	Protein_PB.15195.12	MEF2A	MEF2A	novel_not_in_catalog	YES	14.86	7.36	23.64
PB.15195.13	Protein_PB.15195.13	MEF2A	MEF2A	full-splice_match	YES	71.4	41.97	42.96
PB.15195.14	Protein_PB.15195.14	MEF2A	MEF2A	novel_in_catalog	YES	137.77	181.8	189.15
PB.15195.17	Protein_PB.15195.17	MEF2A	MEF2A	novel_in_catalog	YES	19.57	16.11	28.79
PB.15195.2	Protein_PB.15195.2	MEF2A	MEF2A	full-splice_match	YES	420.81	469.74	505.37
PB.15195.5	Protein_PB.15195.5	MEF2A	MEF2A	novel_in_catalog	YES	1.02	0.0	72.3
PB.15195.7	Protein_PB.15195.7	MEF2A	MEF2A	novel_in_catalog	YES	70.49	13.49	43.58
PB.15197.13	Protein_PB.15197.13	LRRC28	LRRC28	incomplete-splice_match	YES	9.74	17.87	13.07
PB.15197.2	Protein_PB.15197.2	LRRC28	LRRC28	full-splice_match	YES	35.2	44.16	14.75
PB.15197.21	Protein_PB.15197.21	LRRC28	LRRC28	novel_not_in_catalog	YES	5.6	8.49	17.89
PB.15197.3	Protein_PB.15197.3	LRRC28	LRRC28	full-splice_match	YES	97.55	127.66	129.02
PB.15197.4	Protein_PB.15197.4	LRRC28	LRRC28	full-splice_match	YES	8.4	19.11	21.21
PB.15197.5	Protein_PB.15197.5	LRRC28	LRRC28	full-splice_match	YES	164.98	167.67	118.7
PB.15197.6	Protein_PB.15197.6	LRRC28	LRRC28	novel_in_catalog	YES	77.9	86.56	92.0
PB.15197.8	Protein_PB.15197.8	LRRC28	LRRC28	novel_in_catalog	YES	161.0	165.89	176.85
PB.15198.1	Protein_PB.15198.1	SYNM	SYNM	full-splice_match	YES	14322.55	14304.5	18393.28
PB.15199.1	Protein_PB.15199.1	PGPEP1L	PGPEP1L	novel_not_in_catalog	YES	25.52	28.54	35.37
PB.15199.2	Protein_PB.15199.2	PGPEP1L	PGPEP1L	full-splice_match	YES	20.3	24.1	33.14
PB.15202.1	Protein_PB.15202.1	ARRDC4	ARRDC4	full-splice_match	YES	84.91	77.42	94.27
PB.15205.2	Protein_PB.15205.2	NR2F2	NR2F2	full-splice_match	YES	23.27	19.36	19.52
PB.15205.4	Protein_PB.15205.4	NR2F2	NR2F2	incomplete-splice_match	YES	32.08	22.06	34.45
PB.15210.13		CHD2	CHD2	novel_not_in_catalog	NO	22.42	30.56	20.03
PB.15210.3	Protein_PB.15210.3	CHD2	CHD2	full-splice_match	YES	74.4	66.68	30.23
PB.15210.4	Protein_PB.15210.4	CHD2	CHD2	full-splice_match	YES	363.68	283.11	378.86
PB.15210.5	Protein_PB.15210.5	CHD2	CHD2	novel_not_in_catalog	YES	28.55	46.24	29.32
PB.15210.6	Protein_PB.15210.6	CHD2	CHD2	full-splice_match	YES	18.78	17.72	30.08
PB.15212.1	Protein_PB.15212.1	ST8SIA2	ST8SIA2	full-splice_match	YES	38.06	20.68	18.14
PB.15213.1	Protein_PB.15213.1	SLCO3A1	SLCO3A1	full-splice_match	YES	90.74	101.75	90.94
PB.15213.3	Protein_PB.15213.3	SLCO3A1	SLCO3A1	novel_not_in_catalog	YES	26.48	41.04	12.67
PB.15213.4	Protein_PB.15213.4	SLCO3A1	SLCO3A1	full-splice_match	YES	54.29	65.23	77.43
PB.15216.1	Protein_PB.15216.1	SV2B	SV2B	full-splice_match	YES	28.02	54.92	28.49
PB.15217.1	Protein_PB.15217.1	KLHL25	KLHL25	full-splice_match	YES	24.2	18.29	14.41
PB.15218.1	Protein_PB.15218.1	NTRK3	NTRK3	full-splice_match	YES	10.88	7.62	20.93
PB.15219.1	Protein_PB.15219.1	MRPL46	MRPL46	full-splice_match	YES	157.77	173.52	118.69
PB.1522.1	Protein_PB.1522.1	CDHR3	CDHR3	full-splice_match	YES	25.83	22.41	39.51
PB.15220.1	Protein_PB.15220.1	DET1	DET1	full-splice_match	YES	253.22	258.04	232.37
PB.15222.10	Protein_PB.15222.10	MFGE8	MFGE8	novel_not_in_catalog	YES	39.48	34.91	55.08
PB.15222.11	Protein_PB.15222.11	MFGE8	MFGE8	full-splice_match	YES	194.29	149.3	210.21
PB.15222.6	Protein_PB.15222.6	MFGE8	MFGE8	novel_in_catalog	YES	226.6	71.02	70.56
PB.15222.7	Protein_PB.15222.7	MFGE8	MFGE8	full-splice_match	YES	101.34	139.48	203.72
PB.15222.8	Protein_PB.15222.8	MFGE8	MFGE8	novel_not_in_catalog	YES	32.01	25.58	25.76
PB.15222.9	Protein_PB.15222.9	MFGE8	MFGE8	novel_in_catalog	YES	30.46	17.07	44.41
PB.15225.1	Protein_PB.15225.1	POLG	POLG	full-splice_match	YES	146.03	117.01	96.52
PB.15225.2	Protein_PB.15225.2	POLG	POLG	full-splice_match	YES	31.17	52.79	75.58
PB.15225.4	Protein_PB.15225.4	POLG	POLG	incomplete-splice_match	YES	57.99	67.14	39.78
PB.15228.1	Protein_PB.15228.1	KIF7	KIF7	novel_not_in_catalog	YES	17.81	17.21	21.51
PB.15229.1	Protein_PB.15229.1	PLIN1	PLIN1	full-splice_match	YES	33.62	20.57	29.71
PB.15229.2	Protein_PB.15229.2	PLIN1	PLIN1	full-splice_match	YES	40.63	29.07	39.02
PB.15234.1	Protein_PB.15234.1	LOC113263700	LOC113263700	full-splice_match	YES	41.96	46.15	40.58
PB.15234.2	Protein_PB.15234.2	LOC113263700	LOC113263700	novel_in_catalog	YES	0.71	42.98	62.72
PB.15234.3	Protein_PB.15234.3	LOC113263700	LOC113263700	novel_not_in_catalog	YES	68.92	31.21	20.35
PB.15234.4		LOC113263700	LOC113263700	novel_in_catalog	NO	85.34	71.99	54.19
PB.15235.1	Protein_PB.15235.1	LOC113263699	LOC113263699	novel_in_catalog	YES	73.25	48.09	69.36
PB.15235.2	Protein_PB.15235.2	LOC113263699	LOC113263699	full-splice_match	YES	110.95	114.54	92.39
PB.15235.3		LOC113263699	LOC113263699	novel_in_catalog	NO	35.96	43.33	32.03
PB.15238.1	Protein_PB.15238.1	IDH2	IDH2	novel_not_in_catalog	YES	1581.65	2561.24	1498.13
PB.15238.10	Protein_PB.15238.10	IDH2	IDH2	novel_in_catalog	YES	44.36	76.69	36.52
PB.15238.2	Protein_PB.15238.2	IDH2	IDH2	full-splice_match	YES	3198.11	5165.89	2174.48
PB.15238.8	Protein_PB.15238.8	IDH2	IDH2	novel_not_in_catalog	YES	10.03	23.02	19.51
PB.15238.9	Protein_PB.15238.9	IDH2	IDH2	novel_not_in_catalog	YES	37.76	54.49	45.27
PB.15239.1	Protein_PB.15239.1	CIB1	CIB1	full-splice_match	YES	37.26	35.59	23.49
PB.15241.2	Protein_PB.15241.2	UNC45A	UNC45A	full-splice_match	YES	202.61	189.67	224.36
PB.15243.1	Protein_PB.15243.1	MAN2A2	MAN2A2	full-splice_match	YES	181.05	241.05	272.88
PB.15243.2	Protein_PB.15243.2	MAN2A2	MAN2A2	full-splice_match	YES	506.8	458.38	552.97
PB.15243.3	Protein_PB.15243.3	MAN2A2	MAN2A2	incomplete-splice_match	YES	356.73	318.12	288.93
PB.15243.4	Protein_PB.15243.4	MAN2A2	MAN2A2	novel_in_catalog	YES	81.17	105.11	112.45
PB.15245.1	Protein_PB.15245.1	FURIN	FURIN	full-splice_match	YES	267.34	258.1	274.72
PB.15246.1	Protein_PB.15246.1	BLM	BLM	full-splice_match	YES	18.33	14.87	23.85
PB.15248.1	Protein_PB.15248.1	CRTC3	CRTC3	full-splice_match	YES	68.47	57.88	49.89
PB.15248.3	Protein_PB.15248.3	CRTC3	CRTC3	novel_not_in_catalog	YES	74.21	58.81	88.55
PB.15249.1	Protein_PB.15249.1	IQGAP1	IQGAP1	full-splice_match	YES	519.11	435.87	435.93
PB.15249.2	Protein_PB.15249.2	IQGAP1	IQGAP1	novel_in_catalog	YES	306.31	195.72	237.32
PB.15249.3	Protein_PB.15249.3	IQGAP1	IQGAP1	incomplete-splice_match	YES	269.33	87.96	209.45
PB.15250.1	Protein_PB.15250.1	ZNF774	ZNF774	full-splice_match	YES	54.78	45.46	42.3
PB.15252.1		NMB	NMB	incomplete-splice_match	NO	27.77	30.06	33.7
PB.15252.2	Protein_PB.15252.2	NMB	NMB	full-splice_match	YES	130.17	178.3	123.19
PB.15252.3	Protein_PB.15252.3	NMB	NMB	full-splice_match	YES	79.63	99.3	66.1
PB.15253.1	Protein_PB.15253.1	SEC11A	SEC11A	full-splice_match	YES	101.2	89.01	92.45
PB.15254.3		LOC113263732	LOC113263732	novel_in_catalog	NO	17.55	14.85	22.62
PB.15256.1	Protein_PB.15256.1	RPS17	RPS17	full-splice_match	YES	3673.38	3735.59	4817.47
PB.15257.9	Protein_PB.15257.9	CPEB1	CPEB1	novel_not_in_catalog	YES	8.25	4.5	17.99
PB.1526.1	Protein_PB.1526.1	RINT1	RINT1	novel_not_in_catalog	YES	36.05	19.23	25.86
PB.1526.12	Protein_PB.1526.12	RINT1	RINT1	novel_not_in_catalog	YES	39.85	55.68	40.72
PB.1526.15	Protein_PB.1526.15	RINT1	RINT1	incomplete-splice_match	YES	24.72	52.49	68.85
PB.1526.5	Protein_PB.1526.5	RINT1	RINT1	full-splice_match	YES	29.32	34.98	33.4
PB.1526.6	Protein_PB.1526.6	RINT1	RINT1	novel_not_in_catalog	YES	45.04	33.2	19.54
PB.15260.2	Protein_PB.15260.2	FSD2	FSD2	full-splice_match	YES	900.68	722.7	849.63
PB.15261.1	Protein_PB.15261.1	LOC113263747	LOC113263747	full-splice_match	YES	148.69	124.74	204.32
PB.15261.2	Protein_PB.15261.2	LOC113263747	LOC113263747	full-splice_match	YES	695.83	850.23	932.47
PB.15262.2	Protein_PB.15262.2	HOMER2	HOMER2	full-splice_match	YES	2718.7	3427.59	2890.8
PB.15263.1	Protein_PB.15263.1	CUNH15orf40	CUNH15orf40	full-splice_match	YES	25.02	17.83	33.83
PB.15263.2	Protein_PB.15263.2	CUNH15orf40	CUNH15orf40	novel_not_in_catalog	YES	13.52	14.5	24.75
PB.15263.4	Protein_PB.15263.4	CUNH15orf40	CUNH15orf40	full-splice_match	YES	122.92	99.05	72.14
PB.15263.5		CUNH15orf40	CUNH15orf40	novel_in_catalog	NO	41.83	46.72	58.33
PB.15263.7	Protein_PB.15263.7	CUNH15orf40	CUNH15orf40	novel_in_catalog	YES	16.02	12.67	16.67
PB.15263.8	Protein_PB.15263.8	CUNH15orf40	CUNH15orf40	novel_in_catalog	YES	40.31	43.35	49.78
PB.15264.1	Protein_PB.15264.1	BTBD1	BTBD1	full-splice_match	YES	3782.86	4580.89	3208.07
PB.15264.2	Protein_PB.15264.2	BTBD1	BTBD1	novel_not_in_catalog	YES	36.11	27.4	44.77
PB.15264.3	Protein_PB.15264.3	BTBD1	BTBD1	full-splice_match	YES	286.18	314.49	352.59
PB.15264.4	Protein_PB.15264.4	BTBD1	BTBD1	incomplete-splice_match	YES	1061.91	1225.07	1693.85
PB.15267.1	Protein_PB.15267.1	HDGFL3	HDGFL3	full-splice_match	YES	74.06	68.74	101.69
PB.15275.6	Protein_PB.15275.6	IL16	IL16	novel_not_in_catalog	YES	35.78	8.66	27.5
PB.15278.2	Protein_PB.15278.2	LOC113263770	LOC113263770	full-splice_match	YES	45.01	48.67	98.36
PB.15278.3	Protein_PB.15278.3	LOC113263770	LOC113263770	novel_not_in_catalog	YES	8.73	17.33	12.96
PB.15279.1		novelGene_1745	novelGene_1745	intergenic	NO	45.91	32.4	56.07
PB.15280.1	Protein_PB.15280.1	TLNRD1	TLNRD1	full-splice_match	YES	36.72	30.69	58.42
PB.15283.1	Protein_PB.15283.1	ARNT2	ARNT2	full-splice_match	YES	249.4	289.57	188.92
PB.15285.10	Protein_PB.15285.10	FAH	FAH	full-splice_match	YES	75.65	80.86	53.15
PB.15286.1	Protein_PB.15286.1	ZFAND6	ZFAND6	full-splice_match	YES	55.43	47.05	29.7
PB.15286.2	Protein_PB.15286.2	ZFAND6	ZFAND6	full-splice_match	YES	13.26	9.98	20.08
PB.15286.4	Protein_PB.15286.4	ZFAND6	ZFAND6	full-splice_match	YES	186.51	214.6	136.91
PB.15286.6	Protein_PB.15286.6	ZFAND6	ZFAND6	full-splice_match	YES	82.94	113.91	83.5
PB.15287.2		LOC113263785	LOC113263785	full-splice_match	NO	42.96	43.95	45.84
PB.15289.1	Protein_PB.15289.1	TMED3	TMED3	full-splice_match	YES	28.23	18.33	36.07
PB.1529.3	Protein_PB.1529.3	KMT2E	KMT2E	novel_in_catalog	YES	106.58	69.5	106.15
PB.1529.4	Protein_PB.1529.4	KMT2E	KMT2E	incomplete-splice_match	YES	22.95	16.76	17.57
PB.1529.5	Protein_PB.1529.5	KMT2E	KMT2E	incomplete-splice_match	YES	17.26	20.83	22.47
PB.1529.6	Protein_PB.1529.6	KMT2E	KMT2E	novel_in_catalog	YES	29.73	11.72	25.05
PB.15291.10	Protein_PB.15291.10	MORF4L1	MORF4L1	novel_not_in_catalog	YES	97.2	116.55	108.17
PB.15291.14	Protein_PB.15291.14	MORF4L1	MORF4L1	novel_in_catalog	YES	12.95	13.09	50.14
PB.15291.16	Protein_PB.15291.16	MORF4L1	MORF4L1	incomplete-splice_match	YES	7.34	0.21	19.66
PB.15291.2	Protein_PB.15291.2	MORF4L1	MORF4L1	novel_in_catalog	YES	21.44	10.07	20.04
PB.15291.3	Protein_PB.15291.3	MORF4L1	MORF4L1	full-splice_match	YES	979.81	934.6	1245.03
PB.15291.7	Protein_PB.15291.7	MORF4L1	MORF4L1	full-splice_match	YES	80.27	41.12	177.66
PB.15293.1	Protein_PB.15293.1	TBC1D2B	TBC1D2B	full-splice_match	YES	95.79	56.09	82.89
PB.15294.1		CIB2	CIB2	incomplete-splice_match	NO	35.32	31.26	33.24
PB.15294.10		CIB2	CIB2	novel_not_in_catalog	NO	65.78	80.38	78.83
PB.15294.12	Protein_PB.15294.12	CIB2	CIB2	novel_not_in_catalog	YES	48.98	31.6	22.24
PB.15294.6	Protein_PB.15294.6	CIB2	CIB2	full-splice_match	YES	118.22	105.5	122.85
PB.15294.7	Protein_PB.15294.7	CIB2	CIB2	full-splice_match	YES	87.18	63.68	88.02
PB.15296.2	Protein_PB.15296.2	WDR61	WDR61	full-splice_match	YES	14.33	34.6	29.88
PB.15296.3	Protein_PB.15296.3	WDR61	WDR61	full-splice_match	YES	184.68	187.53	192.44
PB.15296.4	Protein_PB.15296.4	WDR61	WDR61	novel_not_in_catalog	YES	21.83	11.56	9.48
PB.15299.1	Protein_PB.15299.1	ITGA1	ITGA1	full-splice_match	YES	360.15	254.87	278.33
PB.15299.2	Protein_PB.15299.2	ITGA1	ITGA1	incomplete-splice_match	YES	42.88	38.24	25.4
PB.15301.3	Protein_PB.15301.3	ITGA2	ITGA2	novel_in_catalog	YES	38.27	15.13	34.2
PB.15304.1	Protein_PB.15304.1	NDUFS4	NDUFS4	full-splice_match	YES	81.65	70.72	86.27
PB.15304.2	Protein_PB.15304.2	NDUFS4	NDUFS4	novel_not_in_catalog	YES	20.22	49.41	33.19
PB.15304.6	Protein_PB.15304.6	NDUFS4	NDUFS4	incomplete-splice_match	YES	1345.51	1597.68	1091.68
PB.15307.1	Protein_PB.15307.1	HSPB3	HSPB3	full-splice_match	YES	17.5	24.09	47.1
PB.15307.2	Protein_PB.15307.2	HSPB3	HSPB3	full-splice_match	YES	313.9	281.62	381.67
PB.15308.1	Protein_PB.15308.1	SNX18	SNX18	full-splice_match	YES	187.07	162.55	165.09
PB.15308.2	Protein_PB.15308.2	SNX18	SNX18	novel_not_in_catalog	YES	30.77	31.66	31.39
PB.1531.1	Protein_PB.1531.1	PSMC2	PSMC2	full-splice_match	YES	946.66	1042.4	757.16
PB.1531.10	Protein_PB.1531.10	PSMC2	PSMC2	novel_not_in_catalog	YES	9.03	17.09	11.02
PB.1531.2	Protein_PB.1531.2	PSMC2	PSMC2	novel_not_in_catalog	YES	340.83	439.82	456.48
PB.15314.3	Protein_PB.15314.3	FBXO38	FBXO38	full-splice_match	YES	89.75	41.13	86.71
PB.15314.4	Protein_PB.15314.4	FBXO38	FBXO38	novel_in_catalog	YES	19.51	11.42	2.92
PB.15315.1	Protein_PB.15315.1	ADRB2	ADRB2	full-splice_match	YES	112.08	95.06	111.84
PB.15317.12	Protein_PB.15317.12	ABLIM3	ABLIM3	novel_in_catalog	YES	29.67	29.73	19.27
PB.15317.2	Protein_PB.15317.2	ABLIM3	ABLIM3	full-splice_match	YES	81.55	69.27	42.1
PB.15317.3	Protein_PB.15317.3	ABLIM3	ABLIM3	full-splice_match	YES	295.34	180.26	107.21
PB.15318.1	Protein_PB.15318.1	AFAP1L1	AFAP1L1	full-splice_match	YES	107.74	65.19	91.86
PB.15318.4	Protein_PB.15318.4	AFAP1L1	AFAP1L1	novel_not_in_catalog	YES	90.93	29.54	29.52
PB.15319.1	Protein_PB.15319.1	GRPEL2	GRPEL2	full-splice_match	YES	104.69	100.68	110.67
PB.1532.2	Protein_PB.1532.2	PMPCB	PMPCB	full-splice_match	YES	1267.33	1579.63	994.69
PB.1532.3	Protein_PB.1532.3	PMPCB	PMPCB	novel_in_catalog	YES	40.22	46.22	29.49
PB.1532.5	Protein_PB.1532.5	PMPCB	PMPCB	novel_not_in_catalog	YES	13.56	28.68	42.33
PB.15321.1	Protein_PB.15321.1	ARHGEF37	ARHGEF37	novel_not_in_catalog	YES	17.02	19.64	21.25
PB.15321.2	Protein_PB.15321.2	novelGene_1750	novelGene_1750	intergenic	YES	17.96	12.61	19.15
PB.15321.6	Protein_PB.15321.6	ARHGEF37	ARHGEF37	full-splice_match	YES	12.95	42.95	26.44
PB.15322.1	Protein_PB.15322.1	PPARGC1B	PPARGC1B	full-splice_match	YES	39.5	25.16	49.37
PB.15322.2	Protein_PB.15322.2	PPARGC1B	PPARGC1B	full-splice_match	YES	162.52	106.92	248.63
PB.15323.1	Protein_PB.15323.1	LOC113263937	LOC113263937	full-splice_match	YES	18.05	12.5	36.5
PB.15323.2		LOC113263937	LOC113263937	novel_not_in_catalog	NO	2.59	3.72	17.88
PB.15324.1	Protein_PB.15324.1	SLC26A2	SLC26A2	full-splice_match	YES	78.51	80.78	120.62
PB.15324.2	Protein_PB.15324.2	SLC26A2	SLC26A2	full-splice_match	YES	27.23	31.2	28.91
PB.15325.1	Protein_PB.15325.1	HMGXB3	HMGXB3	full-splice_match	YES	135.01	115.52	110.42
PB.15325.2	Protein_PB.15325.2	HMGXB3	HMGXB3	full-splice_match	YES	30.37	48.54	14.57
PB.15325.3	Protein_PB.15325.3	HMGXB3	HMGXB3	full-splice_match	YES	28.92	22.18	31.29
PB.15329.10	Protein_PB.15329.10	TCOF1	TCOF1	full-splice_match	YES	20.83	13.57	13.38
PB.15329.6	Protein_PB.15329.6	TCOF1	TCOF1	incomplete-splice_match	YES	8.46	8.14	28.62
PB.1533.2	Protein_PB.1533.2	ARMC10_LOC113259000	ARMC10_LOC113259000	fusion	YES	14.53	5.44	16.7
PB.1533.5	Protein_PB.1533.5	ARMC10	ARMC10	novel_not_in_catalog	YES	92.5	88.56	100.26
PB.15330.1	Protein_PB.15330.1	NDST1	NDST1	full-splice_match	YES	306.89	282.12	285.18
PB.15330.5	Protein_PB.15330.5	NDST1	NDST1	incomplete-splice_match	YES	132.03	130.1	124.61
PB.15331.2	Protein_PB.15331.2	SYNPO	SYNPO	novel_not_in_catalog	YES	1319.81	1377.81	1415.49
PB.15331.3	Protein_PB.15331.3	SYNPO	SYNPO	novel_not_in_catalog	YES	57.5	87.36	83.83
PB.15331.4	Protein_PB.15331.4	SYNPO	SYNPO	novel_not_in_catalog	YES	25.73	34.79	58.01
PB.15331.5	Protein_PB.15331.5	SYNPO	SYNPO	novel_not_in_catalog	YES	30.65	16.58	24.19
PB.15331.7	Protein_PB.15331.7	SYNPO	SYNPO	full-splice_match	YES	66.5	36.94	27.08
PB.15332.1	Protein_PB.15332.1	MYOZ3	MYOZ3	novel_not_in_catalog	YES	412.81	442.69	144.95
PB.15332.2	Protein_PB.15332.2	MYOZ3	MYOZ3	novel_not_in_catalog	YES	1353.53	1185.34	907.19
PB.15332.4	Protein_PB.15332.4	MYOZ3	MYOZ3	novel_not_in_catalog	YES	711.4	472.5	190.12
PB.15332.5	Protein_PB.15332.5	MYOZ3	MYOZ3	novel_not_in_catalog	YES	189.75	36.35	163.71
PB.15332.7	Protein_PB.15332.7	MYOZ3	MYOZ3	novel_not_in_catalog	YES	863.22	661.14	460.54
PB.15332.8	Protein_PB.15332.8	MYOZ3	MYOZ3	novel_not_in_catalog	YES	1735.81	1328.42	1210.08
PB.15338.1	Protein_PB.15338.1	GM2A	GM2A	full-splice_match	YES	372.17	398.71	369.08
PB.15340.7	Protein_PB.15340.7	SLC36A1	SLC36A1	full-splice_match	YES	19.69	16.26	11.37
PB.15341.1	Protein_PB.15341.1	G3BP1	G3BP1	full-splice_match	YES	1844.84	1906.27	1480.47
PB.15341.2	Protein_PB.15341.2	G3BP1	G3BP1	novel_not_in_catalog	YES	436.07	388.24	252.13
PB.15341.3	Protein_PB.15341.3	G3BP1	G3BP1	novel_not_in_catalog	YES	31.38	45.76	40.03
PB.15341.5	Protein_PB.15341.5	G3BP1	G3BP1	full-splice_match	YES	36.44	19.22	32.04
PB.15348.1	Protein_PB.15348.1	MFAP3	MFAP3	full-splice_match	YES	344.92	326.05	256.84
PB.1535.4	Protein_PB.1535.4	LRRC17	LRRC17	full-splice_match	YES	28.7	12.9	24.88
PB.15350.1	Protein_PB.15350.1	GALNT10	GALNT10	full-splice_match	YES	58.97	67.35	47.08
PB.15350.2	Protein_PB.15350.2	GALNT10	GALNT10	incomplete-splice_match	YES	61.54	55.61	27.47
PB.15350.3	Protein_PB.15350.3	GALNT10	GALNT10	incomplete-splice_match	YES	22.13	28.73	37.14
PB.15351.1	Protein_PB.15351.1	SAP30L	SAP30L	full-splice_match	YES	489.29	498.32	498.99
PB.15353.1	Protein_PB.15353.1	LARP1	LARP1	full-splice_match	YES	505.01	426.75	547.57
PB.15354.1	Protein_PB.15354.1	CNOT8	CNOT8	full-splice_match	YES	61.04	56.41	57.31
PB.15355.2	Protein_PB.15355.2	MRPL22	MRPL22	full-splice_match	YES	52.19	69.9	29.6
PB.15355.4	Protein_PB.15355.4	MRPL22	MRPL22	novel_not_in_catalog	YES	31.19	25.95	38.76
PB.15355.5	Protein_PB.15355.5	MRPL22	MRPL22	incomplete-splice_match	YES	9.22	10.12	23.41
PB.15355.6	Protein_PB.15355.6	MRPL22	MRPL22	full-splice_match	YES	111.08	118.84	86.63
PB.15356.5	Protein_PB.15356.5	SGCD	SGCD	full-splice_match	YES	1432.59	1556.6	1689.38
PB.1536.3	Protein_PB.1536.3	FAM185A	FAM185A	novel_not_in_catalog	YES	18.78	15.34	10.8
PB.1536.4	Protein_PB.1536.4	FAM185A	FAM185A	full-splice_match	YES	53.42	66.72	25.46
PB.15363.1	Protein_PB.15363.1	THG1L	THG1L	full-splice_match	YES	29.65	26.5	24.11
PB.15364.1	Protein_PB.15364.1	LSM11	LSM11	full-splice_match	YES	17.06	19.03	20.05
PB.1537.1	Protein_PB.1537.1	FGL2	FGL2	full-splice_match	YES	431.56	355.54	390.13
PB.15371.1	Protein_PB.15371.1	UBLCP1	UBLCP1	full-splice_match	YES	24.62	25.13	21.39
PB.15371.2	Protein_PB.15371.2	UBLCP1	UBLCP1	full-splice_match	YES	19.16	11.69	12.21
PB.15371.3	Protein_PB.15371.3	UBLCP1	UBLCP1	novel_in_catalog	YES	45.05	53.09	35.72
PB.15375.1	Protein_PB.15375.1	TTC1	TTC1	full-splice_match	YES	574.51	630.3	488.28
PB.1538.1	Protein_PB.1538.1	GSAP	GSAP	full-splice_match	YES	27.88	27.42	22.63
PB.15384.1	Protein_PB.15384.1	CCNG1	CCNG1	full-splice_match	YES	246.46	217.94	339.47
PB.15384.11	Protein_PB.15384.11	CCNG1	CCNG1	full-splice_match	YES	15563.12	15679.38	25212.41
PB.15384.12	Protein_PB.15384.12	CCNG1	CCNG1	incomplete-splice_match	YES	14.79	14.91	17.04
PB.15384.2	Protein_PB.15384.2	CCNG1	CCNG1	novel_not_in_catalog	YES	1041.95	1018.19	2162.4
PB.15384.4	Protein_PB.15384.4	CCNG1	CCNG1	incomplete-splice_match	YES	1739.67	2007.7	2191.91
PB.15384.5	Protein_PB.15384.5	CCNG1	CCNG1	novel_not_in_catalog	YES	103.49	217.86	394.23
PB.15384.6	Protein_PB.15384.6	CCNG1	CCNG1	novel_in_catalog	YES	47.35	55.07	47.57
PB.15384.7	Protein_PB.15384.7	CCNG1	CCNG1	novel_not_in_catalog	YES	124.15	131.99	220.97
PB.15384.8	Protein_PB.15384.8	CCNG1	CCNG1	novel_not_in_catalog	YES	30.0	25.92	34.5
PB.15384.9	Protein_PB.15384.9	CCNG1	CCNG1	novel_not_in_catalog	YES	39.84	47.0	75.18
PB.15386.1	Protein_PB.15386.1	MAT2B	MAT2B	full-splice_match	YES	42.61	30.62	24.42
PB.15386.2	Protein_PB.15386.2	MAT2B	MAT2B	novel_not_in_catalog	YES	100.21	95.09	101.07
PB.15386.3	Protein_PB.15386.3	MAT2B	MAT2B	full-splice_match	YES	121.46	138.39	186.69
PB.15391.1	Protein_PB.15391.1	RARS	RARS	full-splice_match	YES	449.37	481.57	360.72
PB.15394.1		LOC113264073	LOC113264073	novel_not_in_catalog	NO	6.25	10.5	20.98
PB.15398.1	Protein_PB.15398.1	DOCK2	DOCK2	full-splice_match	YES	16.98	20.09	24.1
PB.15407.1	Protein_PB.15407.1	NPM1	NPM1	full-splice_match	YES	520.65	501.31	426.92
PB.15407.3	Protein_PB.15407.3	NPM1	NPM1	full-splice_match	YES	913.11	879.45	802.06
PB.15415.1	Protein_PB.15415.1	NEURL1B	NEURL1B	full-splice_match	YES	59.93	38.0	53.23
PB.15416.1	Protein_PB.15416.1	ERGIC1	ERGIC1	full-splice_match	YES	78.03	64.79	49.49
PB.15417.3	Protein_PB.15417.3	RPL26L1	RPL26L1	full-splice_match	YES	17.46	21.58	22.13
PB.15418.1	Protein_PB.15418.1	ATP6V0E1	ATP6V0E1	full-splice_match	YES	153.55	174.1	166.82
PB.15418.2		ATP6V0E1	ATP6V0E1	novel_in_catalog	NO	19.61	18.1	16.57
PB.15419.2	Protein_PB.15419.2	CREBRF	CREBRF	full-splice_match	YES	104.32	88.75	98.35
PB.15419.4	Protein_PB.15419.4	CREBRF	CREBRF	full-splice_match	YES	124.03	132.09	130.36
PB.15420.1	Protein_PB.15420.1	BNIP1	BNIP1	incomplete-splice_match	YES	10.01	13.26	21.71
PB.15420.2	Protein_PB.15420.2	BNIP1	BNIP1	incomplete-splice_match	YES	22.68	16.01	17.71
PB.15420.3	Protein_PB.15420.3	BNIP1	BNIP1	full-splice_match	YES	26.77	19.83	19.41
PB.15420.4	Protein_PB.15420.4	BNIP1	BNIP1	full-splice_match	YES	61.28	68.52	55.87
PB.15428.1	Protein_PB.15428.1	CPEB4	CPEB4	full-splice_match	YES	214.72	182.26	198.93
PB.15428.2	Protein_PB.15428.2	CPEB4	CPEB4	full-splice_match	YES	562.9	557.39	482.62
PB.1543.1	Protein_PB.1543.1	TMEM60	TMEM60	full-splice_match	YES	118.59	148.95	121.43
PB.15433.2	Protein_PB.15433.2	SFXN1	SFXN1	full-splice_match	YES	15.98	10.07	17.91
PB.15433.4	Protein_PB.15433.4	SFXN1	SFXN1	full-splice_match	YES	36.59	17.96	30.46
PB.15436.1	Protein_PB.15436.1	SIMC1	SIMC1	full-splice_match	YES	28.07	27.84	41.06
PB.15438.1	Protein_PB.15438.1	ARL10	ARL10	full-splice_match	YES	117.58	96.06	267.44
PB.15438.3	Protein_PB.15438.3	ARL10	ARL10	incomplete-splice_match	YES	128.24	156.66	113.59
PB.15438.4	Protein_PB.15438.4	ARL10	ARL10	novel_not_in_catalog	YES	47.37	32.93	58.1
PB.15439.1	Protein_PB.15439.1	HIGD2A	HIGD2A	full-splice_match	YES	326.34	402.43	436.77
PB.15440.2	Protein_PB.15440.2	FAF2	FAF2	full-splice_match	YES	126.08	112.95	104.39
PB.15445.1	Protein_PB.15445.1	TSPAN17	TSPAN17	full-splice_match	YES	340.06	288.68	408.2
PB.15445.2	Protein_PB.15445.2	TSPAN17	TSPAN17	novel_not_in_catalog	YES	54.73	104.05	214.98
PB.15447.1	Protein_PB.15447.1	ZNF346	ZNF346	full-splice_match	YES	16.83	26.7	17.99
PB.15447.8	Protein_PB.15447.8	ZNF346	ZNF346	novel_in_catalog	YES	17.51	19.41	14.22
PB.15448.4	Protein_PB.15448.4	FGFR4	FGFR4	novel_not_in_catalog	YES	20.85	10.4	17.62
PB.15449.1	Protein_PB.15449.1	NSD1	NSD1	full-splice_match	YES	28.03	17.78	10.33
PB.15449.10	Protein_PB.15449.10	NSD1	NSD1	novel_in_catalog	YES	15.87	12.28	43.28
PB.15449.11	Protein_PB.15449.11	NSD1	NSD1	full-splice_match	YES	29.37	41.79	22.11
PB.15449.12	Protein_PB.15449.12	NSD1	NSD1	full-splice_match	YES	27.69	65.09	87.17
PB.15449.13	Protein_PB.15449.13	NSD1	NSD1	full-splice_match	YES	67.8	88.25	130.74
PB.15449.3	Protein_PB.15449.3	NSD1	NSD1	full-splice_match	YES	67.0	12.47	7.27
PB.15449.5	Protein_PB.15449.5	NSD1	NSD1	novel_in_catalog	YES	542.06	550.65	494.2
PB.15449.6	Protein_PB.15449.6	NSD1	NSD1	novel_in_catalog	YES	39.58	5.11	7.67
PB.15450.2	Protein_PB.15450.2	PRELID1	PRELID1	full-splice_match	YES	105.66	96.24	105.69
PB.15452.9	Protein_PB.15452.9	RGS14	RGS14	incomplete-splice_match	YES	32.52	40.27	47.38
PB.15454.1	Protein_PB.15454.1	GRK6	GRK6	full-splice_match	YES	63.8	73.81	62.11
PB.15457.1	Protein_PB.15457.1	novelGene_FAM193B_AS	novelGene_FAM193B_AS	antisense	YES	25.54	19.35	17.96
PB.15459.2	Protein_PB.15459.2	MOCS2	MOCS2	novel_not_in_catalog	YES	20.82	14.51	16.96
PB.15459.6	Protein_PB.15459.6	MOCS2	MOCS2	novel_not_in_catalog	YES	156.51	138.94	104.46
PB.15459.7	Protein_PB.15459.7	MOCS2	MOCS2	novel_not_in_catalog	YES	25.07	21.96	25.67
PB.15460.4	Protein_PB.15460.4	ARL15	ARL15	novel_not_in_catalog	YES	5.22	5.92	18.76
PB.15461.1	Protein_PB.15461.1	LOC113263919	LOC113263919	full-splice_match	YES	41.66	20.32	28.91
PB.15461.2	Protein_PB.15461.2	LOC113263919	LOC113263919	full-splice_match	YES	415.87	641.98	450.4
PB.15470.1	Protein_PB.15470.1	CSNK1A1	CSNK1A1	full-splice_match	YES	204.51	194.8	66.49
PB.15470.11	Protein_PB.15470.11	CSNK1A1	CSNK1A1	novel_in_catalog	YES	29.58	20.86	24.7
PB.15470.12	Protein_PB.15470.12	CSNK1A1	CSNK1A1	full-splice_match	YES	185.44	190.04	157.21
PB.15470.14	Protein_PB.15470.14	CSNK1A1	CSNK1A1	incomplete-splice_match	YES	177.85	202.13	188.87
PB.15470.3	Protein_PB.15470.3	CSNK1A1	CSNK1A1	full-splice_match	YES	664.64	726.79	791.36
PB.15470.7	Protein_PB.15470.7	CSNK1A1	CSNK1A1	novel_in_catalog	YES	505.9	502.13	443.18
PB.15475.1	Protein_PB.15475.1	CSF1R	CSF1R	full-splice_match	YES	53.08	53.68	36.74
PB.15475.5	Protein_PB.15475.5	CSF1R	CSF1R	novel_not_in_catalog	YES	20.68	20.45	34.36
PB.15476.1	Protein_PB.15476.1	PDGFRB	PDGFRB	full-splice_match	YES	28.56	11.97	10.97
PB.15476.3	Protein_PB.15476.3	PDGFRB	PDGFRB	full-splice_match	YES	359.3	167.47	346.77
PB.15476.5	Protein_PB.15476.5	PDGFRB	PDGFRB	full-splice_match	YES	244.43	185.04	133.85
PB.15476.8	Protein_PB.15476.8	PDGFRB	PDGFRB	novel_in_catalog	YES	22.64	7.23	23.01
PB.15477.1	Protein_PB.15477.1	CAMK2A	CAMK2A	novel_not_in_catalog	YES	463.5	434.03	485.25
PB.15477.2	Protein_PB.15477.2	CAMK2A	CAMK2A	novel_not_in_catalog	YES	365.5	366.88	582.45
PB.15477.3	Protein_PB.15477.3	CAMK2A	CAMK2A	novel_not_in_catalog	YES	348.82	303.67	250.47
PB.15477.4	Protein_PB.15477.4	CAMK2A	CAMK2A	novel_not_in_catalog	YES	135.32	209.48	196.82
PB.15477.5	Protein_PB.15477.5	CAMK2A	CAMK2A	novel_not_in_catalog	YES	172.65	133.75	21.56
PB.15477.6	Protein_PB.15477.6	CAMK2A	CAMK2A	novel_not_in_catalog	YES	682.82	719.01	550.55
PB.15477.7	Protein_PB.15477.7	CAMK2A	CAMK2A	full-splice_match	YES	50.18	27.88	40.56
PB.15477.9	Protein_PB.15477.9	CAMK2A	CAMK2A	incomplete-splice_match	YES	70.19	52.74	72.36
PB.15478.1	Protein_PB.15478.1	ARSI	ARSI	full-splice_match	YES	16.75	27.44	14.96
PB.15480.2	Protein_PB.15480.2	CD74	CD74	novel_in_catalog	YES	112.18	105.89	210.69
PB.15481.1	Protein_PB.15481.1	RPS14	RPS14	full-splice_match	YES	6167.2	6243.31	9521.1
PB.15481.2	Protein_PB.15481.2	RPS14	RPS14	full-splice_match	YES	50.1	57.11	83.7
PB.15484.1	Protein_PB.15484.1	RBM22	RBM22	novel_not_in_catalog	YES	7.89	10.7	21.73
PB.15484.10	Protein_PB.15484.10	RBM22	RBM22	novel_not_in_catalog	YES	140.36	162.96	154.32
PB.15484.4	Protein_PB.15484.4	RBM22	RBM22	novel_not_in_catalog	YES	26.32	28.04	34.64
PB.15484.8	Protein_PB.15484.8	RBM22	RBM22	full-splice_match	YES	49.76	41.0	36.58
PB.15485.1	Protein_PB.15485.1	DCTN4	DCTN4	full-splice_match	YES	1225.68	1280.96	1224.96
PB.15489.4	Protein_PB.15489.4	ZNF300	ZNF300	novel_in_catalog	YES	5.54	19.38	14.32
PB.15490.14	Protein_PB.15490.14	TNIP1	TNIP1	novel_not_in_catalog	YES	44.53	61.76	27.42
PB.15490.17	Protein_PB.15490.17	TNIP1	TNIP1	novel_not_in_catalog	YES	11.72	24.29	21.3
PB.15490.4	Protein_PB.15490.4	TNIP1	TNIP1	full-splice_match	YES	23.1	44.17	45.45
PB.15490.5	Protein_PB.15490.5	TNIP1	TNIP1	full-splice_match	YES	499.74	531.5	732.35
PB.15490.6	Protein_PB.15490.6	TNIP1	TNIP1	full-splice_match	YES	88.17	91.63	59.25
PB.15490.9	Protein_PB.15490.9	TNIP1	TNIP1	novel_in_catalog	YES	33.78	11.07	33.59
PB.15492.1	Protein_PB.15492.1	ANXA6	ANXA6	full-splice_match	YES	25.75	15.88	23.61
PB.15492.3	Protein_PB.15492.3	ANXA6	ANXA6	full-splice_match	YES	192.76	193.92	135.03
PB.15492.4	Protein_PB.15492.4	ANXA6	ANXA6	novel_in_catalog	YES	894.4	1047.51	655.6
PB.15492.6	Protein_PB.15492.6	ANXA6	ANXA6	novel_not_in_catalog	YES	210.68	78.78	108.49
PB.15492.8	Protein_PB.15492.8	ANXA6	ANXA6	novel_not_in_catalog	YES	354.0	376.52	227.25
PB.15492.9	Protein_PB.15492.9	ANXA6	ANXA6	full-splice_match	YES	342.93	371.76	243.78
PB.15493.1	Protein_PB.15493.1	CCDC69	CCDC69	full-splice_match	YES	69.53	60.92	102.96
PB.15493.2	Protein_PB.15493.2	CCDC69	CCDC69	novel_not_in_catalog	YES	56.76	56.38	43.22
PB.15497.1	Protein_PB.15497.1	SPARC	SPARC	full-splice_match	YES	2056.38	1122.99	1084.83
PB.15497.24	Protein_PB.15497.24	SPARC	SPARC	novel_not_in_catalog	YES	613.4	355.69	353.53
PB.15497.3	Protein_PB.15497.3	SPARC	SPARC	full-splice_match	YES	789.8	508.39	385.31
PB.15497.4	Protein_PB.15497.4	SPARC	SPARC	novel_not_in_catalog	YES	441.62	253.49	253.34
PB.15498.2	Protein_PB.15498.2	ATOX1	ATOX1	full-splice_match	YES	79.61	68.41	69.36
PB.15505.3	Protein_PB.15505.3	FAM114A2	FAM114A2	full-splice_match	YES	487.65	524.14	383.83
PB.15507.19	Protein_PB.15507.19	FAXDC2	FAXDC2	novel_in_catalog	YES	26.56	13.28	35.94
PB.15507.2	Protein_PB.15507.2	FAXDC2	FAXDC2	full-splice_match	YES	18.37	16.62	37.14
PB.15507.20	Protein_PB.15507.20	FAXDC2	FAXDC2	novel_not_in_catalog	YES	33.75	25.16	27.59
PB.15508.1	Protein_PB.15508.1	GEMIN5	GEMIN5	full-splice_match	YES	44.37	118.14	77.87
PB.15508.2	Protein_PB.15508.2	GEMIN5	GEMIN5	full-splice_match	YES	325.34	263.03	413.35
PB.15517.1	Protein_PB.15517.1	MED7	MED7	full-splice_match	YES	28.26	28.52	34.41
PB.15517.2	Protein_PB.15517.2	MED7	MED7	full-splice_match	YES	62.43	66.55	59.4
PB.15520.3	Protein_PB.15520.3	ADAM19	ADAM19	full-splice_match	YES	55.49	45.42	79.68
PB.15522.2	Protein_PB.15522.2	CLINT1	CLINT1	full-splice_match	YES	277.74	248.01	266.29
PB.15522.3	Protein_PB.15522.3	CLINT1	CLINT1	full-splice_match	YES	229.45	258.23	262.6
PB.15524.1	Protein_PB.15524.1	EBF1	EBF1	full-splice_match	YES	71.65	38.77	66.33
PB.15524.3	Protein_PB.15524.3	EBF1	EBF1	full-splice_match	YES	54.93	14.09	40.83
PB.15525.3	Protein_PB.15525.3	RNF145	RNF145	full-splice_match	YES	68.49	35.2	49.54
PB.15525.4	Protein_PB.15525.4	RNF145	RNF145	full-splice_match	YES	34.29	29.17	34.54
PB.15525.5	Protein_PB.15525.5	RNF145	RNF145	full-splice_match	YES	101.82	126.54	101.49
PB.15528.12	Protein_PB.15528.12	PWWP2A	PWWP2A	full-splice_match	YES	14.06	16.95	35.59
PB.15528.5	Protein_PB.15528.5	PWWP2A	PWWP2A	full-splice_match	YES	20.29	19.09	20.45
PB.15530.2	Protein_PB.15530.2	C1QTNF2	C1QTNF2	full-splice_match	YES	19.38	11.81	4.52
PB.15532.1	Protein_PB.15532.1	SLU7	SLU7	full-splice_match	YES	675.08	736.62	760.33
PB.15537.2	Protein_PB.15537.2	NUDCD2	NUDCD2	full-splice_match	YES	40.79	49.87	53.94
PB.1554.3	Protein_PB.1554.3	SEMA3C	SEMA3C	full-splice_match	YES	1360.7	1212.73	1076.67
PB.15546.1	Protein_PB.15546.1	PANK3	PANK3	full-splice_match	YES	227.22	206.29	242.07
PB.15547.1	Protein_PB.15547.1	SLIT3	SLIT3	full-splice_match	YES	135.83	53.29	104.57
PB.15552.1	Protein_PB.15552.1	FBXW11	FBXW11	full-splice_match	YES	20.27	16.0	42.83
PB.15552.2	Protein_PB.15552.2	FBXW11	FBXW11	full-splice_match	YES	55.08	71.36	73.78
PB.15552.4	Protein_PB.15552.4	FBXW11	FBXW11	full-splice_match	YES	93.99	86.89	88.22
PB.15552.5	Protein_PB.15552.5	FBXW11	FBXW11	full-splice_match	YES	147.41	136.22	92.95
PB.15553.1	Protein_PB.15553.1	STK10	STK10	full-splice_match	YES	51.3	32.45	39.24
PB.15554.1	Protein_PB.15554.1	UBTD2	UBTD2	full-splice_match	YES	54.91	45.54	53.77
PB.15555.1	Protein_PB.15555.1	SH3PXD2B	SH3PXD2B	full-splice_match	YES	68.08	25.06	80.92
PB.15560.1	Protein_PB.15560.1	DUSP1	DUSP1	novel_in_catalog	YES	20.81	15.68	28.69
PB.15560.2	Protein_PB.15560.2	DUSP1	DUSP1	novel_in_catalog	YES	27.87	21.03	41.17
PB.15560.3	Protein_PB.15560.3	DUSP1	DUSP1	full-splice_match	YES	285.83	326.61	458.04
PB.15564.1	Protein_PB.15564.1	BOD1	BOD1	full-splice_match	YES	114.3	114.77	119.95
PB.15567.1		novelGene_1779	novelGene_1779	intergenic	NO	350.6	332.97	318.31
PB.1557.1	Protein_PB.1557.1	CACNA2D1	CACNA2D1	full-splice_match	YES	94.89	84.63	59.44
PB.1557.2	Protein_PB.1557.2	CACNA2D1	CACNA2D1	full-splice_match	YES	13.36	3.68	33.72
PB.1557.3	Protein_PB.1557.3	CACNA2D1	CACNA2D1	full-splice_match	YES	38.48	29.99	3.45
PB.1557.4	Protein_PB.1557.4	CACNA2D1	CACNA2D1	novel_not_in_catalog	YES	1204.35	1172.07	1014.02
PB.1557.5	Protein_PB.1557.5	CACNA2D1	CACNA2D1	novel_not_in_catalog	YES	917.06	804.51	726.66
PB.1557.7	Protein_PB.1557.7	CACNA2D1	CACNA2D1	full-splice_match	YES	221.49	171.83	186.97
PB.15570.1	Protein_PB.15570.1	THOC3	THOC3	full-splice_match	YES	22.17	28.94	21.45
PB.15570.2	Protein_PB.15570.2	THOC3	THOC3	full-splice_match	YES	61.29	50.86	42.8
PB.15571.35	Protein_PB.15571.35	KIAA1191	KIAA1191	full-splice_match	YES	162.13	177.03	124.07
PB.15572.5	Protein_PB.15572.5	NOP16	NOP16	full-splice_match	YES	128.7	134.64	120.8
PB.15573.1	Protein_PB.15573.1	CLTB	CLTB	full-splice_match	YES	614.59	688.7	534.87
PB.15573.2	Protein_PB.15573.2	CLTB	CLTB	full-splice_match	YES	26.25	16.49	20.63
PB.15575.1	Protein_PB.15575.1	RNF44	RNF44	full-splice_match	YES	20.19	10.8	17.73
PB.15575.3	Protein_PB.15575.3	RNF44	RNF44	full-splice_match	YES	18.58	18.06	16.72
PB.15579.1	Protein_PB.15579.1	UIMC1	UIMC1	full-splice_match	YES	22.37	20.46	41.35
PB.15579.6	Protein_PB.15579.6	UIMC1	UIMC1	novel_in_catalog	YES	19.61	21.34	33.0
PB.15579.8	Protein_PB.15579.8	UIMC1	UIMC1	full-splice_match	YES	54.66	55.02	46.45
PB.15579.9	Protein_PB.15579.9	UIMC1	UIMC1	incomplete-splice_match	YES	15.61	18.75	15.73
PB.15581.2	Protein_PB.15581.2	RAB24	RAB24	full-splice_match	YES	49.18	69.42	50.22
PB.15581.5	Protein_PB.15581.5	RAB24	RAB24	full-splice_match	YES	126.19	136.02	116.26
PB.15583.1	Protein_PB.15583.1	LMAN2	LMAN2	novel_not_in_catalog	YES	160.17	149.39	172.49
PB.15583.2	Protein_PB.15583.2	LMAN2	LMAN2	full-splice_match	YES	314.0	293.43	310.1
PB.15586.2	Protein_PB.15586.2	DBN1	DBN1	full-splice_match	YES	86.64	23.93	46.21
PB.15586.3	Protein_PB.15586.3	DBN1	DBN1	full-splice_match	YES	8.74	21.57	13.62
PB.15587.1	Protein_PB.15587.1	PDLIM7	PDLIM7	full-splice_match	YES	23.39	17.13	7.24
PB.15587.2	Protein_PB.15587.2	PDLIM7	PDLIM7	full-splice_match	YES	78.46	60.73	46.25
PB.15587.20	Protein_PB.15587.20	PDLIM7	PDLIM7	full-splice_match	YES	860.45	745.27	647.53
PB.15587.7	Protein_PB.15587.7	PDLIM7	PDLIM7	full-splice_match	YES	253.77	186.52	221.31
PB.15589.1	Protein_PB.15589.1	DDX41	DDX41	full-splice_match	YES	14.14	27.98	17.65
PB.15589.17	Protein_PB.15589.17	DDX41	DDX41	novel_not_in_catalog	YES	2.14	11.19	30.67
PB.15589.2	Protein_PB.15589.2	DDX41	DDX41	novel_not_in_catalog	YES	19.86	21.47	1.89
PB.15589.39	Protein_PB.15589.39	DDX41	DDX41	full-splice_match	YES	69.11	28.3	38.74
PB.15596.2	Protein_PB.15596.2	LOC113264294	LOC113264294	full-splice_match	YES	59.96	83.77	56.98
PB.15600.1	Protein_PB.15600.1	LOC113264292	LOC113264292	full-splice_match	YES	31.29	29.47	26.15
PB.15602.1	Protein_PB.15602.1	LOC113264286	LOC113264286	full-splice_match	YES	14.31	18.49	32.01
PB.15621.1	Protein_PB.15621.1	ZNF184	ZNF184	full-splice_match	YES	33.13	24.9	15.89
PB.15621.2	Protein_PB.15621.2	ZNF184	ZNF184	full-splice_match	YES	15.04	14.15	19.26
PB.15622.2	Protein_PB.15622.2	LOC113264253	LOC113264253	novel_not_in_catalog	YES	12.9	17.57	9.08
PB.15622.3	Protein_PB.15622.3	LOC113264253	LOC113264253	novel_not_in_catalog	YES	77.86	73.6	68.63
PB.1563.1	Protein_PB.1563.1	SEMA3A	SEMA3A	novel_not_in_catalog	YES	20.39	12.23	31.41
PB.1563.2	Protein_PB.1563.2	SEMA3A	SEMA3A	full-splice_match	YES	18.86	0.95	19.04
PB.15644.4	Protein_PB.15644.4	ZNF322	ZNF322	novel_not_in_catalog	YES	28.89	38.5	9.96
PB.15644.7	Protein_PB.15644.7	ZNF322	ZNF322	full-splice_match	YES	85.96	71.02	102.12
PB.15644.8	Protein_PB.15644.8	ZNF322	ZNF322	novel_in_catalog	YES	100.08	112.14	107.21
PB.1565.2	Protein_PB.1565.2	SEMA3D	SEMA3D	novel_not_in_catalog	YES	36.2	10.62	37.26
PB.15660.1	Protein_PB.15660.1	LOC113264218	LOC113264218	full-splice_match	YES	80.8	79.23	92.25
PB.15661.2	Protein_PB.15661.2	LOC113264264	LOC113264264	full-splice_match	YES	74.6	87.93	136.54
PB.15662.1	Protein_PB.15662.1	LOC113264284	LOC113264284	full-splice_match	YES	4.26	4.44	20.45
PB.15663.1	Protein_PB.15663.1	LOC113264282	LOC113264282	full-splice_match	YES	5.76	11.76	45.79
PB.15663.2	Protein_PB.15663.2	LOC113264282	LOC113264282	full-splice_match	YES	43.92	34.32	23.31
PB.15663.3	Protein_PB.15663.3	LOC113264282	LOC113264282	full-splice_match	YES	43.92	34.32	26.67
PB.15665.1	Protein_PB.15665.1	LOC113264268	LOC113264268	full-splice_match	YES	169.24	170.81	213.44
PB.15666.1	Protein_PB.15666.1	LOC113264272	LOC113264272	full-splice_match	YES	17.8	17.05	18.94
PB.15667.1	Protein_PB.15667.1	LOC113264279	LOC113264279	full-splice_match	YES	46.4	47.9	36.07
PB.15669.1	Protein_PB.15669.1	LOC113264296	LOC113264296	full-splice_match	YES	96.28	98.48	80.36
PB.15678.4	Protein_PB.15678.4	RIPOR2	RIPOR2	full-splice_match	YES	44.45	42.06	36.17
PB.15678.5	Protein_PB.15678.5	RIPOR2	RIPOR2	full-splice_match	YES	31.5	23.14	21.66
PB.15682.1	Protein_PB.15682.1	CUNH6orf62	CUNH6orf62	novel_not_in_catalog	YES	13.2	21.76	21.81
PB.15682.2	Protein_PB.15682.2	CUNH6orf62	CUNH6orf62	novel_not_in_catalog	YES	16.78	23.96	14.82
PB.15682.3	Protein_PB.15682.3	CUNH6orf62	CUNH6orf62	novel_not_in_catalog	YES	17.16	4.25	7.09
PB.15682.4	Protein_PB.15682.4	CUNH6orf62	CUNH6orf62	novel_not_in_catalog	YES	8.21	18.28	3.89
PB.15682.5	Protein_PB.15682.5	CUNH6orf62	CUNH6orf62	full-splice_match	YES	266.79	248.23	344.09
PB.15685.3	Protein_PB.15685.3	TDP2	TDP2	full-splice_match	YES	88.57	78.76	125.02
PB.15685.4	Protein_PB.15685.4	TDP2	TDP2	novel_in_catalog	YES	132.41	124.6	87.7
PB.15685.5	Protein_PB.15685.5	TDP2	TDP2	novel_in_catalog	YES	54.3	69.89	38.11
PB.1569.3	Protein_PB.1569.3	KIAA1324L	KIAA1324L	full-splice_match	YES	45.21	45.79	52.5
PB.1569.5	Protein_PB.1569.5	KIAA1324L	KIAA1324L	novel_not_in_catalog	YES	28.66	36.77	52.83
PB.15697.1	Protein_PB.15697.1	IER3	IER3	full-splice_match	YES	93.33	83.71	72.52
PB.15698.16	Protein_PB.15698.16	FLOT1	FLOT1	novel_not_in_catalog	YES	8.94	18.07	41.84
PB.15698.19	Protein_PB.15698.19	FLOT1	FLOT1	full-splice_match	YES	691.45	705.52	564.26
PB.15698.20	Protein_PB.15698.20	FLOT1	FLOT1	novel_in_catalog	YES	39.49	50.03	29.27
PB.15698.4	Protein_PB.15698.4	FLOT1	FLOT1	full-splice_match	YES	36.09	56.68	33.23
PB.15699.13	Protein_PB.15699.13	MDC1	MDC1	novel_in_catalog	YES	59.65	21.8	19.82
PB.15699.25	Protein_PB.15699.25	MDC1	MDC1	incomplete-splice_match	YES	14.07	13.72	26.58
PB.15699.9	Protein_PB.15699.9	MDC1	MDC1	novel_in_catalog	YES	19.82	29.83	36.18
PB.15700.2	Protein_PB.15700.2	NRM	NRM	full-splice_match	YES	66.05	50.47	98.71
PB.15701.1	Protein_PB.15701.1	PPP1R18	PPP1R18	novel_not_in_catalog	YES	33.23	17.58	23.93
PB.15701.3	Protein_PB.15701.3	PPP1R18	PPP1R18	full-splice_match	YES	15.19	15.28	22.66
PB.15702.1	Protein_PB.15702.1	DHX16	DHX16	novel_in_catalog	YES	19.13	7.2	11.45
PB.15702.2	Protein_PB.15702.2	DHX16	DHX16	full-splice_match	YES	137.93	132.86	131.89
PB.15704.2		PPP1R10	PPP1R10	incomplete-splice_match	NO	21.74	16.03	27.64
PB.15704.3	Protein_PB.15704.3	PPP1R10	PPP1R10	novel_in_catalog	YES	28.41	18.44	28.87
PB.15704.7	Protein_PB.15704.7	PPP1R10	PPP1R10	full-splice_match	YES	84.81	92.21	84.27
PB.15705.1	Protein_PB.15705.1	GNL1	GNL1	novel_not_in_catalog	YES	84.27	61.36	83.97
PB.15705.2	Protein_PB.15705.2	GNL1	GNL1	full-splice_match	YES	36.16	32.94	49.65
PB.15705.3	Protein_PB.15705.3	GNL1	GNL1	novel_not_in_catalog	YES	62.44	56.54	116.66
PB.15705.4	Protein_PB.15705.4	GNL1	GNL1	incomplete-splice_match	YES	49.13	58.45	56.01
PB.15706.1		LOC113264372	LOC113264372	full-splice_match	NO	31.53	21.81	31.68
PB.15708.2	Protein_PB.15708.2	DUSP22	DUSP22	full-splice_match	YES	80.27	81.72	98.05
PB.15708.4	Protein_PB.15708.4	DUSP22	DUSP22	novel_in_catalog	YES	40.97	51.45	41.39
PB.15708.6	Protein_PB.15708.6	DUSP22	DUSP22	full-splice_match	YES	14.85	19.63	14.84
PB.15716.1	Protein_PB.15716.1	WRNIP1	WRNIP1	full-splice_match	YES	6.9	3.43	19.64
PB.15716.2	Protein_PB.15716.2	WRNIP1	WRNIP1	full-splice_match	YES	300.77	294.68	228.47
PB.15719.5	Protein_PB.15719.5	NQO2	NQO2	full-splice_match	YES	180.31	161.05	159.64
PB.15719.9	Protein_PB.15719.9	NQO2	NQO2	full-splice_match	YES	17.08	6.5	8.33
PB.15720.5	Protein_PB.15720.5	RIPK1	RIPK1	full-splice_match	YES	72.58	55.29	57.42
PB.15721.2	Protein_PB.15721.2	BPHL	BPHL	full-splice_match	YES	116.99	121.41	105.14
PB.15724.3	Protein_PB.15724.3	PSMG4	PSMG4	full-splice_match	YES	149.93	137.81	159.16
PB.15724.4	Protein_PB.15724.4	PSMG4	PSMG4	novel_not_in_catalog	YES	35.28	33.12	73.85
PB.15727.12	Protein_PB.15727.12	PRPF4B	PRPF4B	novel_not_in_catalog	YES	29.2	51.16	41.54
PB.15727.18	Protein_PB.15727.18	PRPF4B	PRPF4B	novel_in_catalog	YES	26.4	22.03	16.94
PB.15727.19	Protein_PB.15727.19	PRPF4B	PRPF4B	novel_not_in_catalog	YES	21.66	20.67	38.51
PB.15727.2	Protein_PB.15727.2	PRPF4B	PRPF4B	full-splice_match	YES	19.48	12.38	6.06
PB.15727.22	Protein_PB.15727.22	PRPF4B	PRPF4B	incomplete-splice_match	YES	98.15	67.41	78.93
PB.1573.2	Protein_PB.1573.2	ABCB1	ABCB1	full-splice_match	YES	33.0	18.86	28.9
PB.15733.1	Protein_PB.15733.1	CDYL	CDYL	full-splice_match	YES	84.81	66.71	93.42
PB.15734.1	Protein_PB.15734.1	PPP1R3G	PPP1R3G	full-splice_match	YES	534.27	583.62	571.79
PB.15736.1	Protein_PB.15736.1	FARS2	FARS2	novel_not_in_catalog	YES	286.62	345.77	254.12
PB.15736.2	Protein_PB.15736.2	FARS2	FARS2	full-splice_match	YES	39.37	34.11	9.87
PB.1574.1	Protein_PB.1574.1	SLC25A40	SLC25A40	full-splice_match	YES	42.99	38.38	38.15
PB.1574.2	Protein_PB.1574.2	SLC25A40	SLC25A40	full-splice_match	YES	27.05	18.42	32.02
PB.1574.3	Protein_PB.1574.3	SLC25A40	SLC25A40	novel_not_in_catalog	YES	24.07	24.55	26.9
PB.1574.5	Protein_PB.1574.5	SLC25A40	SLC25A40	full-splice_match	YES	34.21	42.11	20.71
PB.1574.6	Protein_PB.1574.6	SLC25A40	SLC25A40	novel_not_in_catalog	YES	18.42	36.46	9.89
PB.1574.7	Protein_PB.1574.7	SLC25A40	SLC25A40	novel_not_in_catalog	YES	45.11	56.82	39.59
PB.15741.1		novelGene_1886	novelGene_1886	intergenic	NO	24.76	15.03	40.27
PB.15742.1	Protein_PB.15742.1	RREB1	RREB1	full-splice_match	YES	71.64	53.1	68.49
PB.15742.3	Protein_PB.15742.3	RREB1	RREB1	full-splice_match	YES	20.16	4.32	24.86
PB.15742.5	Protein_PB.15742.5	RREB1	RREB1	full-splice_match	YES	65.28	71.72	123.79
PB.15743.2	Protein_PB.15743.2	RIOK1	RIOK1	full-splice_match	YES	65.15	47.64	82.03
PB.15743.6	Protein_PB.15743.6	RIOK1	RIOK1	full-splice_match	YES	17.96	17.47	14.5
PB.15743.7	Protein_PB.15743.7	RIOK1	RIOK1	full-splice_match	YES	65.89	99.88	97.32
PB.15747.1	Protein_PB.15747.1	SNRNP48	SNRNP48	full-splice_match	YES	163.97	237.51	191.31
PB.15748.1	Protein_PB.15748.1	BMP6	BMP6	full-splice_match	YES	35.03	33.32	33.42
PB.1575.1	Protein_PB.1575.1	SRI	SRI	full-splice_match	YES	64.93	49.14	52.66
PB.1575.3	Protein_PB.1575.3	SRI	SRI	novel_in_catalog	YES	69.11	70.38	53.0
PB.1575.6	Protein_PB.1575.6	SRI	SRI	novel_in_catalog	YES	63.25	58.27	59.07
PB.15753.1	Protein_PB.15753.1	PAK1IP1	PAK1IP1	full-splice_match	YES	102.61	101.73	95.91
PB.15754.2	Protein_PB.15754.2	LOC113264443	LOC113264443	full-splice_match	YES	429.17	491.29	299.53
PB.15754.3	Protein_PB.15754.3	LOC113264443	LOC113264443	full-splice_match	YES	35.65	30.98	27.38
PB.15756.1	Protein_PB.15756.1	SMIM13	SMIM13	full-splice_match	YES	92.61	86.08	85.29
PB.15758.1	Protein_PB.15758.1	TMEM170B	TMEM170B	full-splice_match	YES	99.51	82.38	123.38
PB.1576.3	Protein_PB.1576.3	STEAP4	STEAP4	full-splice_match	YES	36.43	25.71	42.48
PB.15760.2	Protein_PB.15760.2	HIVEP1	HIVEP1	full-splice_match	YES	63.21	24.9	53.96
PB.15763.1	Protein_PB.15763.1	PHACTR1	PHACTR1	full-splice_match	YES	18.46	18.76	14.29
PB.15765.2	Protein_PB.15765.2	SIRT5	SIRT5	full-splice_match	YES	43.14	36.08	41.31
PB.15765.3	Protein_PB.15765.3	SIRT5	SIRT5	full-splice_match	YES	13.19	47.19	44.74
PB.15765.4	Protein_PB.15765.4	SIRT5	SIRT5	novel_not_in_catalog	YES	15.3	21.74	5.86
PB.15765.5	Protein_PB.15765.5	SIRT5	SIRT5	novel_not_in_catalog	YES	238.4	245.81	177.92
PB.15765.6	Protein_PB.15765.6	SIRT5	SIRT5	full-splice_match	YES	180.63	214.06	129.63
PB.15766.10	Protein_PB.15766.10	NOL7	NOL7	full-splice_match	YES	84.34	91.94	92.09
PB.15766.5	Protein_PB.15766.5	NOL7	NOL7	incomplete-splice_match	YES	145.05	168.77	174.69
PB.15770.1	Protein_PB.15770.1	CD83	CD83	full-splice_match	YES	84.48	103.8	68.84
PB.15770.3		CD83	CD83	incomplete-splice_match	NO	36.97	59.36	33.33
PB.15771.1	Protein_PB.15771.1	novelGene_1892	novelGene_1892	intergenic	YES	33.54	21.32	6.0
PB.15773.1	Protein_PB.15773.1	JARID2	JARID2	full-splice_match	YES	185.43	122.92	101.18
PB.15773.4	Protein_PB.15773.4	JARID2	JARID2	full-splice_match	YES	1.94	14.63	44.17
PB.15773.5	Protein_PB.15773.5	JARID2	JARID2	full-splice_match	YES	21.97	31.87	30.28
PB.15775.1	Protein_PB.15775.1	MYLIP	MYLIP	full-splice_match	YES	91.4	94.39	108.84
PB.15779.1	Protein_PB.15779.1	GMPR	GMPR	full-splice_match	YES	338.42	371.24	407.51
PB.15779.2	Protein_PB.15779.2	GMPR	GMPR	novel_in_catalog	YES	57.51	57.17	117.38
PB.15779.3	Protein_PB.15779.3	GMPR	GMPR	full-splice_match	YES	341.99	400.5	139.67
PB.15779.4	Protein_PB.15779.4	GMPR	GMPR	novel_in_catalog	YES	52.64	40.68	74.36
PB.15779.5	Protein_PB.15779.5	GMPR	GMPR	incomplete-splice_match	YES	67.03	57.31	56.94
PB.15782.1	Protein_PB.15782.1	RBM24	RBM24	full-splice_match	YES	154.6	163.04	172.59
PB.15783.1	Protein_PB.15783.1	CAP2	CAP2	full-splice_match	YES	2745.59	2787.94	2015.05
PB.15783.2	Protein_PB.15783.2	CAP2	CAP2	incomplete-splice_match	YES	1045.4	1117.46	794.84
PB.15784.2	Protein_PB.15784.2	FAM8A1	FAM8A1	full-splice_match	YES	230.62	218.9	267.46
PB.15787.1	Protein_PB.15787.1	LOC113264503	LOC113264503	full-splice_match	YES	38.77	37.92	57.03
PB.15788.1	Protein_PB.15788.1	KDM1B	KDM1B	full-splice_match	YES	98.51	124.05	40.59
PB.15788.2	Protein_PB.15788.2	KDM1B	KDM1B	full-splice_match	YES	28.77	39.92	24.2
PB.15788.3	Protein_PB.15788.3	KDM1B	KDM1B	full-splice_match	YES	30.13	63.09	38.01
PB.15788.6	Protein_PB.15788.6	KDM1B	KDM1B	incomplete-splice_match	YES	54.04	54.29	67.25
PB.15789.2	Protein_PB.15789.2	RNF144B	RNF144B	full-splice_match	YES	268.53	275.89	263.17
PB.15792.1	Protein_PB.15792.1	ID4	ID4	full-splice_match	YES	25.19	12.33	31.38
PB.15793.1	Protein_PB.15793.1	E2F3	E2F3	full-splice_match	YES	30.88	10.44	16.94
PB.15793.2	Protein_PB.15793.2	E2F3	E2F3	full-splice_match	YES	69.22	97.77	96.98
PB.15795.1	Protein_PB.15795.1	CDKAL1	CDKAL1	novel_not_in_catalog	YES	69.79	71.0	42.93
PB.15795.4	Protein_PB.15795.4	CDKAL1	CDKAL1	novel_in_catalog	YES	42.55	38.27	46.42
PB.15799.1	Protein_PB.15799.1	SOX4	SOX4	full-splice_match	YES	36.76	18.6	27.07
PB.15801.1		LOC113264521	LOC113264521	full-splice_match	NO	18.13	22.33	23.0
PB.15820.1	Protein_PB.15820.1	LOC113264285	LOC113264285	full-splice_match	YES	23.05	15.44	37.29
PB.15821.1	Protein_PB.15821.1	LOC113264295	LOC113264295	full-splice_match	YES	45.46	37.92	24.25
PB.15827.8		LOC113264304	LOC113264304	incomplete-splice_match	NO	20.02	18.48	22.18
PB.15866.1	Protein_PB.15866.1	ABT1	ABT1	full-splice_match	YES	171.1	173.41	125.68
PB.15874.1		HMGN4	HMGN4	full-splice_match	NO	354.09	380.77	321.41
PB.15874.2	Protein_PB.15874.2	HMGN4	HMGN4	full-splice_match	YES	63.77	55.16	62.7
PB.15874.3		HMGN4	HMGN4	full-splice_match	NO	103.88	84.65	126.74
PB.15885.1	Protein_PB.15885.1	LOC113264289	LOC113264289	full-splice_match	YES	18.79	19.22	18.31
PB.15886.1	Protein_PB.15886.1	LOC113264288	LOC113264288	full-splice_match	YES	93.72	91.65	112.34
PB.15887.1	Protein_PB.15887.1	LOC113264219	LOC113264219	full-splice_match	YES	67.15	75.9	58.41
PB.15889.1	Protein_PB.15889.1	LOC113264283	LOC113264283	full-splice_match	YES	35.17	32.57	56.5
PB.15889.2	Protein_PB.15889.2	LOC113264266	LOC113264266	full-splice_match	YES	77.03	47.89	138.82
PB.15889.3	Protein_PB.15889.3	LOC113264266	LOC113264266	full-splice_match	YES	469.8	462.85	474.68
PB.15890.3	Protein_PB.15890.3	LOC113264274	LOC113264274	full-splice_match	YES	80.61	69.37	71.58
PB.15891.1	Protein_PB.15891.1	LOC113264291	LOC113264291	full-splice_match	YES	525.95	494.83	389.17
PB.15892.6	Protein_PB.15892.6	HFE	HFE	novel_in_catalog	YES	21.93	22.88	23.4
PB.15894.1	Protein_PB.15894.1	LOC113264273	LOC113264273	full-splice_match	YES	12.16	12.43	18.83
PB.15896.1	Protein_PB.15896.1	LOC113264302	LOC113264302	full-splice_match	YES	17.83	14.21	15.75
PB.15898.1	Protein_PB.15898.1	TRIM38	TRIM38	novel_not_in_catalog	YES	12.45	19.74	35.16
PB.15898.2	Protein_PB.15898.2	TRIM38	TRIM38	novel_in_catalog	YES	29.28	34.72	14.22
PB.15898.3	Protein_PB.15898.3	TRIM38	TRIM38	novel_not_in_catalog	YES	21.47	16.01	20.63
PB.1590.1	Protein_PB.1590.1	MTERF1	MTERF1	full-splice_match	YES	46.88	56.07	46.13
PB.1590.6	Protein_PB.1590.6	MTERF1	MTERF1	novel_not_in_catalog	YES	27.43	29.59	29.86
PB.15903.1	Protein_PB.15903.1	CARMIL1	CARMIL1	full-splice_match	YES	33.99	21.37	19.33
PB.15904.1	Protein_PB.15904.1	GMNN	GMNN	full-splice_match	YES	28.16	26.77	33.99
PB.15905.1	Protein_PB.15905.1	ACOT13	ACOT13	full-splice_match	YES	307.01	344.91	241.02
PB.15906.1	Protein_PB.15906.1	ALDH5A1	ALDH5A1	full-splice_match	YES	189.66	242.75	150.32
PB.15907.1	Protein_PB.15907.1	MRS2	MRS2	full-splice_match	YES	21.57	15.08	19.32
PB.15907.3	Protein_PB.15907.3	MRS2	MRS2	novel_not_in_catalog	YES	164.98	103.78	76.27
PB.15907.4	Protein_PB.15907.4	MRS2	MRS2	full-splice_match	YES	48.74	45.42	19.22
PB.15907.5	Protein_PB.15907.5	MRS2	MRS2	full-splice_match	YES	37.83	84.91	49.11
PB.1591.1	Protein_PB.1591.1	LOC113259854	LOC113259854	full-splice_match	YES	139.92	177.97	165.25
PB.15913.3	Protein_PB.15913.3	VARS2	VARS2	full-splice_match	YES	104.24	126.65	131.53
PB.15913.4	Protein_PB.15913.4	VARS2	VARS2	novel_not_in_catalog	YES	33.34	17.83	12.18
PB.15914.1	Protein_PB.15914.1	GTF2H4	GTF2H4	full-splice_match	YES	22.04	24.69	30.89
PB.15914.2	Protein_PB.15914.2	GTF2H4	GTF2H4	full-splice_match	YES	28.57	24.12	16.25
PB.15914.5	Protein_PB.15914.5	GTF2H4	GTF2H4	full-splice_match	YES	35.3	26.88	22.19
PB.15914.6	Protein_PB.15914.6	GTF2H4	GTF2H4	novel_not_in_catalog	YES	10.9	23.07	24.66
PB.15915.1	Protein_PB.15915.1	DDR1	DDR1	incomplete-splice_match	YES	4.53	21.11	22.83
PB.15915.2	Protein_PB.15915.2	DDR1	DDR1	novel_in_catalog	YES	68.02	32.89	59.37
PB.15915.4	Protein_PB.15915.4	DDR1	DDR1	full-splice_match	YES	25.71	7.22	40.99
PB.15915.6	Protein_PB.15915.6	DDR1	DDR1	full-splice_match	YES	104.38	96.35	104.43
PB.15915.7	Protein_PB.15915.7	DDR1	DDR1	full-splice_match	YES	7.7	20.49	29.55
PB.15917.2		LOC113264349	LOC113264349	novel_not_in_catalog	NO	41.34	42.11	28.71
PB.15919.1	Protein_PB.15919.1	TUBB	TUBB	full-splice_match	YES	531.1	382.32	523.36
PB.15919.3	Protein_PB.15919.3	TUBB	TUBB	novel_not_in_catalog	YES	382.23	354.35	422.98
PB.15920.3	Protein_PB.15920.3	CUNH6orf136	CUNH6orf136	full-splice_match	YES	133.72	123.82	97.9
PB.15922.1	Protein_PB.15922.1	MRPS18B	MRPS18B	novel_in_catalog	YES	25.51	33.98	32.65
PB.15922.4	Protein_PB.15922.4	MRPS18B	MRPS18B	full-splice_match	YES	451.96	579.18	377.3
PB.15923.1	Protein_PB.15923.1	ABCF1	ABCF1	full-splice_match	YES	60.1	43.97	60.6
PB.15923.12	Protein_PB.15923.12	ABCF1	ABCF1	novel_not_in_catalog	YES	68.01	41.3	12.87
PB.15923.13	Protein_PB.15923.13	ABCF1	ABCF1	novel_not_in_catalog	YES	25.89	55.27	50.63
PB.15923.2	Protein_PB.15923.2	ABCF1	ABCF1	novel_in_catalog	YES	36.43	56.03	29.29
PB.15923.4	Protein_PB.15923.4	ABCF1	ABCF1	full-splice_match	YES	181.46	130.62	121.25
PB.15923.5	Protein_PB.15923.5	ABCF1	ABCF1	full-splice_match	YES	105.05	123.45	102.28
PB.15923.6	Protein_PB.15923.6	ABCF1	ABCF1	full-splice_match	YES	57.17	59.73	44.73
PB.15923.7	Protein_PB.15923.7	ABCF1	ABCF1	novel_not_in_catalog	YES	12.86	16.12	35.17
PB.15924.1	Protein_PB.15924.1	PRR3	PRR3	full-splice_match	YES	17.74	15.61	16.6
PB.15924.2	Protein_PB.15924.2	PRR3	PRR3	full-splice_match	YES	20.27	13.6	27.22
PB.15925.2	Protein_PB.15925.2	RPP21	RPP21	full-splice_match	YES	59.0	62.17	51.73
PB.15925.21	Protein_PB.15925.21	LOC113264370	LOC113264370	novel_not_in_catalog	YES	29.92	44.98	33.13
PB.15925.25	Protein_PB.15925.25	LOC113264370	LOC113264370	novel_not_in_catalog	YES	7.69	23.42	23.51
PB.15925.26	Protein_PB.15925.26	LOC113264370	LOC113264370	full-splice_match	YES	53.32	8.66	29.22
PB.15928.11	Protein_PB.15928.11	EXOC2	EXOC2	novel_not_in_catalog	YES	18.63	11.17	11.59
PB.15928.12	Protein_PB.15928.12	EXOC2	EXOC2	incomplete-splice_match	YES	31.59	41.48	33.94
PB.15928.3	Protein_PB.15928.3	EXOC2	EXOC2	full-splice_match	YES	67.43	55.67	41.75
PB.15928.4	Protein_PB.15928.4	EXOC2	EXOC2	full-splice_match	YES	19.89	8.89	11.56
PB.15928.7	Protein_PB.15928.7	EXOC2	EXOC2	novel_not_in_catalog	YES	14.82	24.58	20.67
PB.1593.6	Protein_PB.1593.6	KRIT1	KRIT1	novel_not_in_catalog	YES	34.41	90.09	57.55
PB.1593.7	Protein_PB.1593.7	KRIT1	KRIT1	novel_not_in_catalog	YES	88.88	53.73	22.63
PB.1593.9	Protein_PB.1593.9	KRIT1	KRIT1	novel_in_catalog	YES	57.45	63.9	74.22
PB.15931.2	Protein_PB.15931.2	GMDS	GMDS	full-splice_match	YES	24.18	27.81	20.28
PB.15933.1	Protein_PB.15933.1	MYLK4	MYLK4	novel_not_in_catalog	YES	1103.15	662.23	219.9
PB.15933.2	Protein_PB.15933.2	MYLK4	MYLK4	full-splice_match	YES	75.83	46.72	15.6
PB.15934.2	Protein_PB.15934.2	SERPINB1	SERPINB1	novel_not_in_catalog	YES	27.42	46.31	34.1
PB.15934.3	Protein_PB.15934.3	SERPINB1	SERPINB1	full-splice_match	YES	118.38	125.83	78.87
PB.15934.4	Protein_PB.15934.4	SERPINB1	SERPINB1	full-splice_match	YES	48.96	46.2	66.22
PB.15935.2	Protein_PB.15935.2	SERPINB9	SERPINB9	full-splice_match	YES	34.24	32.67	49.9
PB.15937.4	Protein_PB.15937.4	SERPINB6	SERPINB6	full-splice_match	YES	61.51	62.7	85.32
PB.15937.8	Protein_PB.15937.8	SERPINB6	SERPINB6	full-splice_match	YES	27.15	32.54	32.37
PB.15939.1	Protein_PB.15939.1	LOC113264400	LOC113264400	full-splice_match	YES	162.24	215.15	280.97
PB.15942.1	Protein_PB.15942.1	SLC22A23	SLC22A23	full-splice_match	YES	101.79	144.92	162.05
PB.15944.1	Protein_PB.15944.1	PXDC1	PXDC1	full-splice_match	YES	45.34	24.39	37.87
PB.15944.2	Protein_PB.15944.2	PXDC1	PXDC1	novel_not_in_catalog	YES	23.34	24.33	29.54
PB.15946.1	Protein_PB.15946.1	ECI2	ECI2	novel_not_in_catalog	YES	7.49	27.33	22.96
PB.15946.12	Protein_PB.15946.12	ECI2	ECI2	novel_in_catalog	YES	85.78	69.77	86.53
PB.15946.2	Protein_PB.15946.2	ECI2	ECI2	full-splice_match	YES	270.24	311.02	116.88
PB.15946.20	Protein_PB.15946.20	ECI2	ECI2	novel_not_in_catalog	YES	79.37	161.96	39.88
PB.15946.4	Protein_PB.15946.4	ECI2	ECI2	full-splice_match	YES	50.51	52.36	16.19
PB.15946.8	Protein_PB.15946.8	ECI2	ECI2	full-splice_match	YES	1160.07	1577.59	777.69
PB.15948.1	Protein_PB.15948.1	RPP40	RPP40	full-splice_match	YES	149.06	178.96	138.84
PB.15949.1		LYRM4	LYRM4	full-splice_match	NO	38.93	37.85	35.95
PB.1595.10	Protein_PB.1595.10	PEX1	PEX1	novel_in_catalog	YES	23.66	57.22	33.5
PB.1595.13	Protein_PB.1595.13	PEX1	PEX1	novel_in_catalog	YES	59.05	102.48	77.22
PB.1595.2	Protein_PB.1595.2	PEX1	PEX1	full-splice_match	YES	142.72	98.39	136.79
PB.1595.6	Protein_PB.1595.6	PEX1	PEX1	novel_in_catalog	YES	18.27	3.74	4.61
PB.15951.4	Protein_PB.15951.4	F13A1	F13A1	novel_not_in_catalog	YES	73.66	60.08	95.41
PB.15956.1		LOC113264195	LOC113264195	full-splice_match	NO	58.5	40.39	52.8
PB.15958.1	Protein_PB.15958.1	SSR1	SSR1	full-splice_match	YES	303.76	297.87	389.58
PB.15958.2	Protein_PB.15958.2	SSR1	SSR1	novel_not_in_catalog	YES	79.14	54.96	59.4
PB.15958.3	Protein_PB.15958.3	SSR1	SSR1	full-splice_match	YES	142.35	96.4	183.24
PB.15959.1	Protein_PB.15959.1	CAGE1	CAGE1	novel_not_in_catalog	YES	28.25	23.33	19.81
PB.15959.2	Protein_PB.15959.2	CAGE1	CAGE1	full-splice_match	YES	14.03	29.86	20.61
PB.1596.4	Protein_PB.1596.4	FAM133B_LOC113259966	FAM133B_LOC113259966	fusion	YES	22.96	21.8	25.79
PB.1596.9	Protein_PB.1596.9	FAM133B	FAM133B	full-splice_match	YES	27.61	21.57	22.5
PB.15962.1	Protein_PB.15962.1	TXNDC5	TXNDC5	full-splice_match	YES	133.98	96.79	158.92
PB.15964.1	Protein_PB.15964.1	BLOC1S5	BLOC1S5	full-splice_match	YES	18.07	13.38	10.48
PB.15964.2	Protein_PB.15964.2	BLOC1S5	BLOC1S5	novel_in_catalog	YES	18.0	18.64	15.23
PB.15965.2	Protein_PB.15965.2	EEF1E1	EEF1E1	full-splice_match	YES	64.43	68.09	55.02
PB.15966.3	Protein_PB.15966.3	SLC35B3	SLC35B3	novel_in_catalog	YES	14.56	14.89	19.7
PB.15976.1	Protein_PB.15976.1	NEDD9	NEDD9	full-splice_match	YES	101.23	89.84	82.7
PB.15981.5	Protein_PB.15981.5	LOC113264465	LOC113264465	full-splice_match	YES	193.07	229.25	144.61
PB.15981.6	Protein_PB.15981.6	LOC113264465	LOC113264465	full-splice_match	YES	45.23	35.66	31.87
PB.15981.8	Protein_PB.15981.8	LOC113264465	LOC113264465	full-splice_match	YES	8.03	19.15	11.46
PB.15982.1	Protein_PB.15982.1	GFOD1	GFOD1	full-splice_match	YES	462.23	466.42	564.08
PB.15983.1	Protein_PB.15983.1	RANBP9	RANBP9	full-splice_match	YES	248.6	268.28	283.47
PB.15984.1	Protein_PB.15984.1	MCUR1	MCUR1	full-splice_match	YES	27.59	21.08	18.89
PB.15984.2	Protein_PB.15984.2	MCUR1	MCUR1	full-splice_match	YES	25.6	21.04	11.18
PB.15984.3	Protein_PB.15984.3	MCUR1	MCUR1	full-splice_match	YES	106.68	118.09	73.59
PB.15990.2	Protein_PB.15990.2	DTNBP1	DTNBP1	full-splice_match	YES	99.1	99.41	102.96
PB.15993.1	Protein_PB.15993.1	ATXN1	ATXN1	full-splice_match	YES	258.32	297.45	312.33
PB.15993.2	Protein_PB.15993.2	ATXN1	ATXN1	full-splice_match	YES	24.3	5.82	6.31
PB.15993.4	Protein_PB.15993.4	ATXN1	ATXN1	full-splice_match	YES	207.82	212.71	186.65
PB.15993.5	Protein_PB.15993.5	ATXN1	ATXN1	full-splice_match	YES	133.23	93.46	136.11
PB.15993.7	Protein_PB.15993.7	ATXN1	ATXN1	novel_not_in_catalog	YES	22.09	23.83	51.48
PB.15993.8	Protein_PB.15993.8	ATXN1	ATXN1	novel_not_in_catalog	YES	19.87	7.01	0.14
PB.15999.1	Protein_PB.15999.1	NUP153	NUP153	full-splice_match	YES	70.07	82.12	84.86
PB.15999.2	Protein_PB.15999.2	NUP153	NUP153	full-splice_match	YES	271.14	267.54	272.08
PB.16000.2	Protein_PB.16000.2	KIF13A	KIF13A	full-splice_match	YES	81.02	95.51	129.92
PB.16000.3	Protein_PB.16000.3	KIF13A	KIF13A	full-splice_match	YES	365.64	316.76	139.5
PB.16000.4	Protein_PB.16000.4	KIF13A	KIF13A	full-splice_match	YES	838.25	1117.04	1147.52
PB.16001.1	Protein_PB.16001.1	NHLRC1	NHLRC1	full-splice_match	YES	94.28	90.91	65.01
PB.16002.2	Protein_PB.16002.2	TPMT	TPMT	novel_not_in_catalog	YES	5.67	17.11	23.19
PB.16002.3	Protein_PB.16002.3	TPMT	TPMT	novel_in_catalog	YES	21.37	26.9	21.41
PB.16002.4	Protein_PB.16002.4	TPMT	TPMT	full-splice_match	YES	116.83	131.54	91.94
PB.16002.5	Protein_PB.16002.5	TPMT	TPMT	full-splice_match	YES	62.64	69.19	52.25
PB.16002.6	Protein_PB.16002.6	TPMT	TPMT	full-splice_match	YES	26.65	28.21	28.47
PB.16002.7	Protein_PB.16002.7	TPMT	TPMT	novel_not_in_catalog	YES	61.46	59.02	43.23
PB.16003.1	Protein_PB.16003.1	DEK	DEK	novel_not_in_catalog	YES	53.08	45.72	147.52
PB.16003.11	Protein_PB.16003.11	DEK	DEK	novel_not_in_catalog	YES	21.87	10.04	18.51
PB.16003.12	Protein_PB.16003.12	DEK	DEK	incomplete-splice_match	YES	14.41	9.81	25.54
PB.16003.2	Protein_PB.16003.2	DEK	DEK	full-splice_match	YES	217.68	217.68	312.38
PB.16003.3	Protein_PB.16003.3	DEK	DEK	novel_not_in_catalog	YES	48.92	53.19	106.33
PB.16003.4	Protein_PB.16003.4	DEK	DEK	novel_not_in_catalog	YES	11.28	15.91	22.29
PB.16003.7	Protein_PB.16003.7	DEK	DEK	novel_not_in_catalog	YES	455.9	441.38	691.49
PB.16004.1	Protein_PB.16004.1	MBOAT1	MBOAT1	full-splice_match	YES	23.0	10.77	17.29
PB.16004.3	Protein_PB.16004.3	MBOAT1	MBOAT1	novel_not_in_catalog	YES	16.07	11.74	24.18
PB.16011.1	Protein_PB.16011.1	HS3ST5	HS3ST5	novel_not_in_catalog	YES	31.65	25.54	46.86
PB.16011.2	Protein_PB.16011.2	HS3ST5	HS3ST5	novel_not_in_catalog	YES	14.79	21.92	27.67
PB.16011.3	Protein_PB.16011.3	HS3ST5	HS3ST5	novel_not_in_catalog	YES	36.15	39.17	27.55
PB.16012.1	Protein_PB.16012.1	HDAC2	HDAC2	full-splice_match	YES	477.58	471.51	412.0
PB.16019.1	Protein_PB.16019.1	LAMA4	LAMA4	novel_not_in_catalog	YES	206.95	32.49	74.24
PB.16019.13	Protein_PB.16019.13	LAMA4	LAMA4	incomplete-splice_match	YES	155.26	46.12	69.23
PB.16019.15	Protein_PB.16019.15	LAMA4	LAMA4	novel_not_in_catalog	YES	12.32	28.67	6.22
PB.16019.2	Protein_PB.16019.2	LAMA4	LAMA4	incomplete-splice_match	YES	79.41	11.24	14.61
PB.16019.5	Protein_PB.16019.5	LAMA4	LAMA4	novel_not_in_catalog	YES	37.02	114.54	88.81
PB.16019.6	Protein_PB.16019.6	LAMA4	LAMA4	novel_not_in_catalog	YES	181.43	145.8	154.79
PB.1602.1	Protein_PB.1602.1	SAMD9L	SAMD9L	novel_in_catalog	YES	57.5	42.79	63.96
PB.1602.2	Protein_PB.1602.2	SAMD9L	SAMD9L	full-splice_match	YES	31.45	12.75	21.09
PB.16023.3	Protein_PB.16023.3	FYN	FYN	full-splice_match	YES	53.75	46.5	41.54
PB.16023.4	Protein_PB.16023.4	FYN	FYN	novel_not_in_catalog	YES	26.85	3.12	10.12
PB.16024.5	Protein_PB.16024.5	TRAF3IP2	TRAF3IP2	novel_not_in_catalog	YES	24.73	15.76	23.62
PB.16025.2	Protein_PB.16025.2	REV3L	REV3L	novel_not_in_catalog	YES	34.48	20.35	32.64
PB.16025.5	Protein_PB.16025.5	REV3L	REV3L	full-splice_match	YES	529.56	435.61	475.16
PB.16025.6	Protein_PB.16025.6	REV3L	REV3L	full-splice_match	YES	50.17	8.11	30.03
PB.16025.7	Protein_PB.16025.7	REV3L	REV3L	novel_not_in_catalog	YES	36.37	19.15	26.28
PB.16027.1	Protein_PB.16027.1	CDK19	CDK19	full-splice_match	YES	39.91	29.77	30.56
PB.16027.2	Protein_PB.16027.2	CDK19	CDK19	full-splice_match	YES	36.48	52.78	64.63
PB.16029.2	Protein_PB.16029.2	SLC22A16	SLC22A16	full-splice_match	YES	47.39	46.1	36.19
PB.16030.1	Protein_PB.16030.1	DDO	DDO	full-splice_match	YES	188.98	209.92	157.91
PB.16030.2	Protein_PB.16030.2	METTL24_DDO	METTL24_DDO	fusion	YES	137.89	148.12	69.82
PB.16030.6	Protein_PB.16030.6	METTL24	METTL24	full-splice_match	YES	33.55	37.27	34.75
PB.16030.7	Protein_PB.16030.7	METTL24	METTL24	full-splice_match	YES	31.91	34.38	14.63
PB.16030.9	Protein_PB.16030.9	METTL24	METTL24	full-splice_match	YES	90.34	73.99	50.73
PB.16034.3	Protein_PB.16034.3	ZBTB24	ZBTB24	full-splice_match	YES	9.99	15.45	20.54
PB.16034.5	Protein_PB.16034.5	ZBTB24	ZBTB24	full-splice_match	YES	54.37	51.23	50.21
PB.16037.1	Protein_PB.16037.1	CD164	CD164	full-splice_match	YES	679.37	608.58	813.62
PB.16040.1	Protein_PB.16040.1	SESN1	SESN1	full-splice_match	YES	1091.78	986.31	616.85
PB.16040.11	Protein_PB.16040.11	SESN1	SESN1	full-splice_match	YES	565.53	534.13	304.5
PB.16040.3	Protein_PB.16040.3	SESN1	SESN1	novel_not_in_catalog	YES	66.38	126.03	34.97
PB.16040.4	Protein_PB.16040.4	SESN1	SESN1	novel_in_catalog	YES	31.56	22.01	13.35
PB.16040.5	Protein_PB.16040.5	SESN1	SESN1	incomplete-splice_match	YES	68.32	67.22	10.41
PB.16042.1	Protein_PB.16042.1	SNX3	SNX3	full-splice_match	YES	987.28	1106.56	830.81
PB.16043.3	Protein_PB.16043.3	OSTM1	OSTM1	novel_in_catalog	YES	18.61	20.83	19.07
PB.16043.5	Protein_PB.16043.5	OSTM1	OSTM1	novel_not_in_catalog	YES	8.35	50.63	40.32
PB.16043.6	Protein_PB.16043.6	OSTM1	OSTM1	full-splice_match	YES	21.05	16.94	13.18
PB.16046.13	Protein_PB.16046.13	SEC63	SEC63	novel_in_catalog	YES	15.39	14.88	28.67
PB.16046.14	Protein_PB.16046.14	SEC63	SEC63	incomplete-splice_match	YES	46.75	45.29	105.58
PB.16046.5	Protein_PB.16046.5	SEC63	SEC63	full-splice_match	YES	25.46	9.09	15.66
PB.16046.8	Protein_PB.16046.8	SEC63	SEC63	full-splice_match	YES	22.94	35.95	88.81
PB.16046.9	Protein_PB.16046.9	SEC63	SEC63	novel_not_in_catalog	YES	62.23	39.51	23.92
PB.16048.1	Protein_PB.16048.1	PDSS2	PDSS2	full-splice_match	YES	9.6	20.07	8.9
PB.16048.3	Protein_PB.16048.3	PDSS2	PDSS2	full-splice_match	YES	47.86	42.28	37.24
PB.16051.1		LOC113264777	LOC113264777	full-splice_match	NO	32.31	12.2	33.07
PB.16053.1	Protein_PB.16053.1	RTN4IP1	RTN4IP1	novel_in_catalog	YES	18.39	17.33	14.99
PB.16053.2	Protein_PB.16053.2	RTN4IP1	RTN4IP1	full-splice_match	YES	127.84	192.76	114.1
PB.16053.4	Protein_PB.16053.4	RTN4IP1	RTN4IP1	full-splice_match	YES	214.53	278.29	162.3
PB.16055.1	Protein_PB.16055.1	ATG5	ATG5	full-splice_match	YES	34.19	9.39	23.95
PB.16055.2	Protein_PB.16055.2	ATG5	ATG5	novel_not_in_catalog	YES	27.64	35.54	33.87
PB.16055.3	Protein_PB.16055.3	ATG5	ATG5	novel_not_in_catalog	YES	39.11	46.78	37.0
PB.16055.5	Protein_PB.16055.5	ATG5	ATG5	novel_not_in_catalog	YES	33.52	47.79	40.74
PB.16055.6	Protein_PB.16055.6	ATG5	ATG5	novel_in_catalog	YES	22.89	64.63	56.61
PB.16055.7	Protein_PB.16055.7	ATG5	ATG5	full-splice_match	YES	32.43	13.24	10.26
PB.16058.1	Protein_PB.16058.1	PREP	PREP	full-splice_match	YES	25.28	21.66	39.91
PB.16058.2	Protein_PB.16058.2	PREP	PREP	full-splice_match	YES	430.88	472.86	366.55
PB.16058.4	Protein_PB.16058.4	PREP	PREP	novel_not_in_catalog	YES	44.09	43.77	23.28
PB.16060.1	Protein_PB.16060.1	POPDC3	POPDC3	novel_not_in_catalog	YES	201.38	195.74	190.57
PB.16060.2	Protein_PB.16060.2	POPDC3	POPDC3	novel_not_in_catalog	YES	688.9	836.39	581.25
PB.16060.3	Protein_PB.16060.3	POPDC3	POPDC3	full-splice_match	YES	237.69	167.92	155.33
PB.16061.1	Protein_PB.16061.1	BVES	BVES	full-splice_match	YES	353.8	393.55	368.4
PB.16061.2	Protein_PB.16061.2	BVES	BVES	novel_not_in_catalog	YES	51.23	52.28	25.72
PB.16061.3	Protein_PB.16061.3	BVES	BVES	novel_not_in_catalog	YES	23.08	20.26	24.23
PB.16061.5	Protein_PB.16061.5	BVES	BVES	novel_not_in_catalog	YES	21.12	40.38	33.34
PB.16061.9	Protein_PB.16061.9	BVES	BVES	novel_not_in_catalog	YES	93.24	110.11	69.43
PB.16064.1	Protein_PB.16064.1	HACE1	HACE1	full-splice_match	YES	40.16	56.53	50.26
PB.16064.4	Protein_PB.16064.4	HACE1	HACE1	incomplete-splice_match	YES	44.23	24.93	21.85
PB.1607.1	Protein_PB.1607.1	BET1	BET1	full-splice_match	YES	43.17	64.45	43.39
PB.16071.1	Protein_PB.16071.1	ASCC3	ASCC3	incomplete-splice_match	YES	17.95	13.84	5.12
PB.16071.2	Protein_PB.16071.2	ASCC3	ASCC3	full-splice_match	YES	14.98	19.14	12.3
PB.16071.3	Protein_PB.16071.3	ASCC3	ASCC3	full-splice_match	YES	372.31	330.02	323.77
PB.16071.5	Protein_PB.16071.5	ASCC3	ASCC3	full-splice_match	YES	34.38	27.93	31.02
PB.16072.1	Protein_PB.16072.1	SIM1	SIM1	full-splice_match	YES	33.1	156.41	88.96
PB.16075.1	Protein_PB.16075.1	CCNC	CCNC	full-splice_match	YES	38.94	30.91	26.88
PB.16075.11	Protein_PB.16075.11	CCNC	CCNC	incomplete-splice_match	YES	17.18	25.87	14.03
PB.16075.5	Protein_PB.16075.5	CCNC	CCNC	full-splice_match	YES	21.49	19.29	22.75
PB.16076.1	Protein_PB.16076.1	USP45	USP45	full-splice_match	YES	59.51	56.53	67.45
PB.16077.13	Protein_PB.16077.13	PNISR	PNISR	incomplete-splice_match	YES	29.73	27.8	41.66
PB.16077.16	Protein_PB.16077.16	PNISR	PNISR	full-splice_match	YES	56.46	73.56	70.44
PB.16077.18	Protein_PB.16077.18	PNISR	PNISR	incomplete-splice_match	YES	39.62	34.39	26.9
PB.16077.8	Protein_PB.16077.8	PNISR	PNISR	incomplete-splice_match	YES	220.66	188.32	243.85
PB.16078.12	Protein_PB.16078.12	FAXC	FAXC	full-splice_match	YES	73.21	36.34	86.8
PB.16078.5	Protein_PB.16078.5	COQ3	COQ3	novel_not_in_catalog	YES	72.74	70.34	26.24
PB.16078.6	Protein_PB.16078.6	COQ3	COQ3	full-splice_match	YES	65.8	74.79	44.73
PB.16078.9	Protein_PB.16078.9	COQ3	COQ3	incomplete-splice_match	YES	142.95	148.73	82.47
PB.16079.1	Protein_PB.16079.1	FBXL4	FBXL4	incomplete-splice_match	YES	138.48	130.07	144.97
PB.16079.12	Protein_PB.16079.12	FBXL4	FBXL4	full-splice_match	YES	89.74	120.12	81.43
PB.16079.2	Protein_PB.16079.2	FBXL4	FBXL4	full-splice_match	YES	16.47	13.2	20.29
PB.16079.7	Protein_PB.16079.7	FBXL4	FBXL4	novel_not_in_catalog	YES	14.21	11.74	17.59
PB.16083.1	Protein_PB.16083.1	NDUFAF4	NDUFAF4	full-splice_match	YES	219.2	240.66	220.1
PB.16092.1	Protein_PB.16092.1	MAP3K7	MAP3K7	full-splice_match	YES	125.51	133.04	113.91
PB.16092.3	Protein_PB.16092.3	MAP3K7	MAP3K7	novel_in_catalog	YES	22.66	34.5	36.58
PB.16092.4	Protein_PB.16092.4	MAP3K7	MAP3K7	novel_in_catalog	YES	63.57	79.57	86.4
PB.16092.5	Protein_PB.16092.5	MAP3K7	MAP3K7	full-splice_match	YES	30.58	22.37	34.76
PB.16097.2	Protein_PB.16097.2	MDN1	MDN1	full-splice_match	YES	291.96	245.41	235.59
PB.16097.5	Protein_PB.16097.5	MDN1	MDN1	incomplete-splice_match	YES	27.39	24.05	24.3
PB.16099.2		LYRM2	LYRM2	full-splice_match	NO	130.64	119.28	140.08
PB.16102.1	Protein_PB.16102.1	RRAGD	RRAGD	full-splice_match	YES	386.73	385.32	369.5
PB.16103.1	Protein_PB.16103.1	UBE2J1	UBE2J1	full-splice_match	YES	162.7	104.79	121.53
PB.16103.3	Protein_PB.16103.3	UBE2J1	UBE2J1	incomplete-splice_match	YES	26.5	54.92	37.46
PB.16109.2	Protein_PB.16109.2	RNGTT	RNGTT	full-splice_match	YES	173.31	187.85	73.74
PB.16109.3	Protein_PB.16109.3	RNGTT	RNGTT	novel_not_in_catalog	YES	36.79	22.03	24.04
PB.16109.4	Protein_PB.16109.4	RNGTT	RNGTT	novel_not_in_catalog	YES	81.3	58.61	214.34
PB.16113.1	Protein_PB.16113.1	AKIRIN2	AKIRIN2	full-splice_match	YES	178.34	163.67	142.44
PB.16115.6	Protein_PB.16115.6	RARS2	RARS2	full-splice_match	YES	73.74	75.21	57.03
PB.16115.9	Protein_PB.16115.9	RARS2	RARS2	novel_not_in_catalog	YES	20.98	28.76	18.54
PB.1612.1	Protein_PB.1612.1	SGCE	SGCE	full-splice_match	YES	37.84	29.89	31.83
PB.16126.1	Protein_PB.16126.1	MARCKS	MARCKS	full-splice_match	YES	247.28	164.16	265.0
PB.16134.4	Protein_PB.16134.4	LOC113264723	LOC113264723	novel_not_in_catalog	YES	24.56	24.32	13.28
PB.16137.1	Protein_PB.16137.1	MFSD4B	MFSD4B	novel_in_catalog	YES	107.94	82.8	54.8
PB.16138.1	Protein_PB.16138.1	SLC16A10	SLC16A10	full-splice_match	YES	123.22	111.51	126.26
PB.16138.2	Protein_PB.16138.2	SLC16A10	SLC16A10	full-splice_match	YES	70.58	64.18	66.18
PB.1614.2	Protein_PB.1614.2	LOC113260329	LOC113260329	full-splice_match	YES	49.09	26.48	21.48
PB.1614.4	Protein_PB.1614.4	LOC113260329	LOC113260329	full-splice_match	YES	180.88	105.1	63.36
PB.1614.5	Protein_PB.1614.5	LOC113260329	LOC113260329	full-splice_match	YES	50.8	10.4	10.53
PB.16140.1	Protein_PB.16140.1	RPF2	RPF2	full-splice_match	YES	36.85	36.0	22.01
PB.16140.2	Protein_PB.16140.2	RPF2	RPF2	full-splice_match	YES	34.14	46.91	41.32
PB.16142.1	Protein_PB.16142.1	GTF3C6	GTF3C6	full-splice_match	YES	13.43	31.45	20.21
PB.16142.2	Protein_PB.16142.2	GTF3C6	GTF3C6	novel_in_catalog	YES	36.52	36.66	38.32
PB.16142.3	Protein_PB.16142.3	GTF3C6	GTF3C6	novel_not_in_catalog	YES	28.62	14.56	28.01
PB.16143.1	Protein_PB.16143.1	AMD1	AMD1	full-splice_match	YES	57.27	58.84	79.89
PB.16143.11	Protein_PB.16143.11	AMD1	AMD1	novel_not_in_catalog	YES	170.03	204.76	215.25
PB.16143.6	Protein_PB.16143.6	AMD1	AMD1	novel_not_in_catalog	YES	140.71	166.98	196.26
PB.16144.2	Protein_PB.16144.2	LOC113264735	LOC113264735	novel_not_in_catalog	YES	53.04	53.17	47.78
PB.16145.1		LOC113264737	LOC113264737	full-splice_match	NO	42.2	47.31	51.58
PB.16146.1		LOC113264738	LOC113264738	full-splice_match	NO	38.68	43.79	60.37
PB.16147.1	Protein_PB.16147.1	CDC40	CDC40	full-splice_match	YES	215.93	227.62	224.74
PB.16149.10	Protein_PB.16149.10	FIG4	FIG4	novel_in_catalog	YES	72.6	59.83	91.77
PB.16149.9	Protein_PB.16149.9	FIG4	FIG4	novel_not_in_catalog	YES	163.95	229.59	174.93
PB.1615.1	Protein_PB.1615.1	PON2	PON2	full-splice_match	YES	95.79	81.24	105.68
PB.16155.12	Protein_PB.16155.12	CEP57L1	CEP57L1	novel_not_in_catalog	YES	19.12	19.74	20.88
PB.16157.1	Protein_PB.16157.1	FOXO3	FOXO3	full-splice_match	YES	187.62	131.65	122.7
PB.16157.2	Protein_PB.16157.2	FOXO3	FOXO3	full-splice_match	YES	481.45	500.53	441.85
PB.16159.1	Protein_PB.16159.1	AFG1L	AFG1L	full-splice_match	YES	32.44	50.05	17.02
PB.16159.4	Protein_PB.16159.4	AFG1L	AFG1L	novel_in_catalog	YES	6.72	23.62	23.29
PB.1616.1	Protein_PB.1616.1	PDK4	PDK4	full-splice_match	YES	1531.25	1412.7	4811.85
PB.1616.2	Protein_PB.1616.2	PDK4	PDK4	novel_in_catalog	YES	8.38	16.47	32.54
PB.16162.1	Protein_PB.16162.1	SOBP	SOBP	full-splice_match	YES	44.93	34.48	32.82
PB.16162.2	Protein_PB.16162.2	SOBP	SOBP	full-splice_match	YES	50.17	33.21	53.71
PB.16164.2	Protein_PB.16164.2	CUNH6orf203	CUNH6orf203	full-splice_match	YES	244.31	274.36	178.26
PB.16164.3	Protein_PB.16164.3	CUNH6orf203	CUNH6orf203	novel_in_catalog	YES	20.46	7.17	16.79
PB.16165.1	Protein_PB.16165.1	QRSL1	QRSL1	full-splice_match	YES	446.58	651.73	397.57
PB.16165.4	Protein_PB.16165.4	QRSL1	QRSL1	novel_not_in_catalog	YES	30.85	39.6	26.09
PB.16166.2	Protein_PB.16166.2	CRYBG1	CRYBG1	incomplete-splice_match	YES	115.3	73.97	109.65
PB.16170.1		novelGene_POPDC3_AS	novelGene_POPDC3_AS	antisense	NO	41.92	27.03	51.22
PB.16170.2		novelGene_POPDC3_AS	novelGene_POPDC3_AS	antisense	NO	78.62	75.15	84.82
PB.1618.1	Protein_PB.1618.1	SLC25A13	SLC25A13	full-splice_match	YES	131.43	293.58	137.25
PB.1618.2	Protein_PB.1618.2	SLC25A13	SLC25A13	full-splice_match	YES	21.86	62.37	54.87
PB.1618.6	Protein_PB.1618.6	SLC25A13	SLC25A13	novel_not_in_catalog	YES	62.73	65.02	74.56
PB.1619.1		LOC113260424	LOC113260424	full-splice_match	NO	657.51	806.56	522.38
PB.16194.10	Protein_PB.16194.10	FHL5	FHL5	full-splice_match	YES	79.39	73.11	80.71
PB.16194.11	Protein_PB.16194.11	FHL5	FHL5	full-splice_match	YES	69.25	53.09	46.87
PB.16195.1	Protein_PB.16195.1	UFL1	UFL1	full-splice_match	YES	141.69	172.27	174.88
PB.16195.3	Protein_PB.16195.3	UFL1	UFL1	novel_not_in_catalog	YES	207.52	241.26	210.58
PB.16195.8	Protein_PB.16195.8	UFL1	UFL1	incomplete-splice_match	YES	34.33	57.6	48.5
PB.16197.11	Protein_PB.16197.11	MANEA	MANEA	novel_not_in_catalog	YES	37.3	39.3	39.9
PB.162.1	Protein_PB.162.1	CUNH21orf91	CUNH21orf91	full-splice_match	YES	68.04	54.82	62.22
PB.16203.6	Protein_PB.16203.6	CASP8AP2	CASP8AP2	full-splice_match	YES	93.31	30.58	22.81
PB.16203.7	Protein_PB.16203.7	CASP8AP2	CASP8AP2	full-splice_match	YES	74.68	110.91	120.78
PB.16203.9	Protein_PB.16203.9	CASP8AP2	CASP8AP2	full-splice_match	YES	25.96	17.64	34.05
PB.16206.1	Protein_PB.16206.1	PM20D2	PM20D2	full-splice_match	YES	22.03	15.51	32.38
PB.16206.2	Protein_PB.16206.2	PM20D2	PM20D2	novel_not_in_catalog	YES	15.5	9.31	36.49
PB.16206.4	Protein_PB.16206.4	PM20D2	PM20D2	full-splice_match	YES	23.55	16.36	18.89
PB.16206.5	Protein_PB.16206.5	PM20D2	PM20D2	novel_not_in_catalog	YES	9.87	7.88	24.88
PB.16207.1	Protein_PB.16207.1	PNRC1	PNRC1	full-splice_match	YES	983.98	1122.9	1230.39
PB.16207.2	Protein_PB.16207.2	PNRC1	PNRC1	novel_not_in_catalog	YES	531.77	621.49	747.37
PB.16213.8	Protein_PB.16213.8	ORC3	ORC3	novel_in_catalog	YES	34.06	36.44	32.24
PB.16213.9	Protein_PB.16213.9	ORC3	ORC3	novel_in_catalog	YES	21.6	21.02	8.58
PB.16214.4	Protein_PB.16214.4	SLC35A1	SLC35A1	novel_in_catalog	YES	32.21	21.57	23.67
PB.16214.5	Protein_PB.16214.5	SLC35A1	SLC35A1	full-splice_match	YES	71.43	77.51	67.63
PB.16214.8	Protein_PB.16214.8	SLC35A1	SLC35A1	novel_not_in_catalog	YES	13.33	21.15	23.57
PB.16216.2	Protein_PB.16216.2	SMIM8_CUNH6orf163	SMIM8_CUNH6orf163	fusion	YES	14.55	13.83	19.05
PB.16216.4	Protein_PB.16216.4	SMIM8_CUNH6orf163	SMIM8_CUNH6orf163	full-splice_match	YES	69.7	74.58	58.7
PB.16217.1	Protein_PB.16217.1	ZNF292	ZNF292	full-splice_match	YES	157.94	161.65	223.01
PB.16217.2	Protein_PB.16217.2	ZNF292	ZNF292	novel_not_in_catalog	YES	93.15	87.76	155.34
PB.16226.6	Protein_PB.16226.6	LOC113264918_LOC113264947	LOC113264918_LOC113264947	fusion	YES	65.84	64.45	77.44
PB.16227.10	Protein_PB.16227.10	FNBP4	FNBP4	incomplete-splice_match	YES	19.86	8.28	17.41
PB.16227.3	Protein_PB.16227.3	FNBP4	FNBP4	full-splice_match	YES	64.92	56.51	73.32
PB.16227.5	Protein_PB.16227.5	FNBP4	FNBP4	novel_not_in_catalog	YES	17.68	17.55	21.2
PB.16227.6	Protein_PB.16227.6	FNBP4	FNBP4	novel_not_in_catalog	YES	30.56	43.53	13.92
PB.16227.7	Protein_PB.16227.7	FNBP4	FNBP4	novel_in_catalog	YES	38.09	10.69	32.24
PB.16228.2	Protein_PB.16228.2	AGBL2	AGBL2	novel_not_in_catalog	YES	7.33	19.02	8.82
PB.16229.3	Protein_PB.16229.3	MTCH2	MTCH2	full-splice_match	YES	722.45	810.91	518.0
PB.16229.4	Protein_PB.16229.4	MTCH2	MTCH2	novel_not_in_catalog	YES	67.13	23.46	47.43
PB.16229.5	Protein_PB.16229.5	MTCH2	MTCH2	novel_in_catalog	YES	106.68	73.29	48.87
PB.16229.8	Protein_PB.16229.8	MTCH2	MTCH2	full-splice_match	YES	268.65	411.63	219.23
PB.16230.1	Protein_PB.16230.1	C1QTNF4	C1QTNF4	full-splice_match	YES	27.8	28.01	70.24
PB.16231.4	Protein_PB.16231.4	KBTBD4	KBTBD4	full-splice_match	YES	19.92	18.03	32.37
PB.16233.14	Protein_PB.16233.14	CELF1	CELF1	full-splice_match	YES	230.1	294.58	235.3
PB.16233.16	Protein_PB.16233.16	CELF1	CELF1	full-splice_match	YES	35.71	13.72	33.94
PB.16233.19	Protein_PB.16233.19	CELF1	CELF1	novel_in_catalog	YES	30.42	56.45	77.42
PB.16233.3	Protein_PB.16233.3	CELF1	CELF1	full-splice_match	YES	59.03	38.31	58.72
PB.16233.4	Protein_PB.16233.4	CELF1	CELF1	novel_in_catalog	YES	38.33	31.23	37.19
PB.16233.6	Protein_PB.16233.6	CELF1	CELF1	novel_in_catalog	YES	195.24	183.04	147.0
PB.16234.1	Protein_PB.16234.1	RAPSN	RAPSN	novel_not_in_catalog	YES	134.05	129.57	100.28
PB.16234.5	Protein_PB.16234.5	RAPSN	RAPSN	full-splice_match	YES	114.9	114.73	84.98
PB.16235.1	Protein_PB.16235.1	PSMC3	PSMC3	full-splice_match	YES	22.48	22.66	37.53
PB.16235.18	Protein_PB.16235.18	PSMC3	PSMC3	novel_in_catalog	YES	17.34	22.55	41.76
PB.16235.2	Protein_PB.16235.2	PSMC3	PSMC3	full-splice_match	YES	1145.77	1183.01	1244.64
PB.16235.3	Protein_PB.16235.3	PSMC3	PSMC3	novel_not_in_catalog	YES	274.56	340.45	368.38
PB.16239.1	Protein_PB.16239.1	ACP2	ACP2	full-splice_match	YES	284.99	281.94	376.29
PB.16239.2	Protein_PB.16239.2	ACP2	ACP2	novel_not_in_catalog	YES	46.85	38.28	76.08
PB.16239.9	Protein_PB.16239.9	ACP2	ACP2	novel_not_in_catalog	YES	10.63	17.7	20.85
PB.1624.8	Protein_PB.1624.8	ASNS	ASNS	incomplete-splice_match	YES	21.96	20.21	31.57
PB.16240.1	Protein_PB.16240.1	PACSIN3	PACSIN3	full-splice_match	YES	1139.03	1127.98	1166.96
PB.16240.13	Protein_PB.16240.13	PACSIN3	PACSIN3	full-splice_match	YES	31.75	37.74	60.68
PB.16240.14	Protein_PB.16240.14	PACSIN3	PACSIN3	full-splice_match	YES	32.9	32.38	21.73
PB.16240.15	Protein_PB.16240.15	PACSIN3	PACSIN3	novel_not_in_catalog	YES	29.61	26.68	24.76
PB.16240.2	Protein_PB.16240.2	PACSIN3	PACSIN3	full-splice_match	YES	409.62	408.91	194.46
PB.16241.21	Protein_PB.16241.21	ARFGAP2	ARFGAP2	novel_not_in_catalog	YES	160.72	238.03	198.98
PB.16241.3	Protein_PB.16241.3	ARFGAP2	ARFGAP2	full-splice_match	YES	742.09	774.71	670.9
PB.16241.37	Protein_PB.16241.37	ARFGAP2	ARFGAP2	incomplete-splice_match	YES	31.38	65.29	53.75
PB.16244.1	Protein_PB.16244.1	LRP4	LRP4	full-splice_match	YES	49.49	53.32	43.34
PB.16245.1	Protein_PB.16245.1	CKAP5	CKAP5	full-splice_match	YES	850.93	1005.36	804.54
PB.16245.2	Protein_PB.16245.2	CKAP5	CKAP5	incomplete-splice_match	YES	209.36	175.43	187.68
PB.16245.6	Protein_PB.16245.6	CKAP5	CKAP5	incomplete-splice_match	YES	34.43	59.59	54.23
PB.16245.7	Protein_PB.16245.7	CKAP5	CKAP5	novel_not_in_catalog	YES	57.65	63.03	45.75
PB.16247.1	Protein_PB.16247.1	ARHGAP1	ARHGAP1	full-splice_match	YES	103.12	54.0	85.83
PB.16248.1	Protein_PB.16248.1	HARBI1	HARBI1	full-splice_match	YES	54.08	61.29	68.09
PB.16249.1	Protein_PB.16249.1	AMBRA1	AMBRA1	full-splice_match	YES	25.58	33.53	23.21
PB.16249.3	Protein_PB.16249.3	AMBRA1	AMBRA1	novel_in_catalog	YES	15.71	19.23	21.41
PB.16249.4	Protein_PB.16249.4	AMBRA1	AMBRA1	full-splice_match	YES	39.37	29.03	2.62
PB.16249.6	Protein_PB.16249.6	AMBRA1	AMBRA1	full-splice_match	YES	49.53	78.03	88.85
PB.16249.7	Protein_PB.16249.7	AMBRA1	AMBRA1	full-splice_match	YES	36.51	23.86	36.24
PB.16252.1	Protein_PB.16252.1	PHF21A	PHF21A	full-splice_match	YES	46.01	34.02	22.02
PB.16252.5	Protein_PB.16252.5	PHF21A	PHF21A	novel_in_catalog	YES	14.81	16.49	15.71
PB.16252.9	Protein_PB.16252.9	PHF21A	PHF21A	incomplete-splice_match	YES	20.44	27.28	11.05
PB.1626.3	Protein_PB.1626.3	RPA3	RPA3	full-splice_match	YES	138.53	167.38	131.09
PB.16260.2	Protein_PB.16260.2	TP53I11	TP53I11	full-splice_match	YES	34.11	18.44	9.9
PB.16260.3	Protein_PB.16260.3	TP53I11	TP53I11	novel_not_in_catalog	YES	21.31	6.55	2.48
PB.16271.1	Protein_PB.16271.1	TRAF6	TRAF6	full-splice_match	YES	74.66	66.69	71.1
PB.16271.2	Protein_PB.16271.2	TRAF6	TRAF6	full-splice_match	YES	113.97	106.7	139.18
PB.16273.1	Protein_PB.16273.1	COMMD9	COMMD9	full-splice_match	YES	86.84	96.89	75.61
PB.16276.5	Protein_PB.16276.5	SLC1A2	SLC1A2	novel_not_in_catalog	YES	40.23	18.1	34.28
PB.16277.1	Protein_PB.16277.1	APIP	APIP	novel_in_catalog	YES	61.44	72.82	65.05
PB.16277.2	Protein_PB.16277.2	APIP	APIP	full-splice_match	YES	134.84	160.44	138.91
PB.16280.2	Protein_PB.16280.2	ABTB2	ABTB2	full-splice_match	YES	62.36	74.76	131.42
PB.16282.1	Protein_PB.16282.1	LMO2	LMO2	full-splice_match	YES	55.25	43.49	43.5
PB.16283.1	Protein_PB.16283.1	FBXO3	FBXO3	novel_not_in_catalog	YES	195.41	216.79	251.92
PB.16283.2	Protein_PB.16283.2	FBXO3	FBXO3	novel_in_catalog	YES	223.69	270.82	254.11
PB.16283.4	Protein_PB.16283.4	FBXO3	FBXO3	incomplete-splice_match	YES	47.3	56.71	48.44
PB.16283.5	Protein_PB.16283.5	FBXO3	FBXO3	full-splice_match	YES	17.16	12.39	20.59
PB.16283.6	Protein_PB.16283.6	FBXO3	FBXO3	incomplete-splice_match	YES	17.75	16.13	18.79
PB.16283.7	Protein_PB.16283.7	FBXO3	FBXO3	novel_not_in_catalog	YES	97.78	107.14	168.11
PB.16284.1	Protein_PB.16284.1	CD59	CD59	full-splice_match	YES	1700.86	1693.26	1813.49
PB.16284.3	Protein_PB.16284.3	CD59	CD59	novel_in_catalog	YES	154.31	130.83	66.61
PB.16284.7	Protein_PB.16284.7	CD59	CD59	novel_not_in_catalog	YES	17.33	11.97	31.24
PB.16288.8	Protein_PB.16288.8	CSTF3	CSTF3	full-splice_match	YES	86.96	84.92	110.87
PB.16294.3	Protein_PB.16294.3	IMMP1L	IMMP1L	full-splice_match	YES	28.98	38.78	18.37
PB.16298.1	Protein_PB.16298.1	MPPED2	MPPED2	full-splice_match	YES	13.87	28.43	18.48
PB.163.1	Protein_PB.163.1	BTG3	BTG3	full-splice_match	YES	24.04	16.51	27.69
PB.16307.2	Protein_PB.16307.2	LIN7C	LIN7C	novel_in_catalog	YES	57.61	55.04	70.72
PB.16307.3	Protein_PB.16307.3	LIN7C	LIN7C	full-splice_match	YES	129.92	142.62	146.51
PB.16308.1	Protein_PB.16308.1	LGR4	LGR4	full-splice_match	YES	79.27	47.0	30.14
PB.16308.2	Protein_PB.16308.2	LGR4	LGR4	full-splice_match	YES	81.37	64.97	92.07
PB.16308.3	Protein_PB.16308.3	LGR4	LGR4	novel_not_in_catalog	YES	126.54	93.74	115.81
PB.16309.1	Protein_PB.16309.1	CCDC34	CCDC34	full-splice_match	YES	44.64	39.64	35.16
PB.16313.2	Protein_PB.16313.2	MUC15	MUC15	full-splice_match	YES	15.12	33.36	14.2
PB.1632.1		NDUFA4	NDUFA4	full-splice_match	NO	5457.3	6278.65	4031.45
PB.1632.3		NDUFA4	NDUFA4	novel_in_catalog	NO	89.22	93.46	85.18
PB.16324.1		SVIP	SVIP	full-splice_match	NO	76.11	96.11	87.41
PB.16325.2	Protein_PB.16325.2	FANCF	FANCF	full-splice_match	YES	8.69	14.43	21.98
PB.16331.1	Protein_PB.16331.1	E2F8	E2F8	full-splice_match	YES	19.09	26.35	27.24
PB.16332.1		novelGene_1944	novelGene_1944	intergenic	NO	77.05	59.11	120.13
PB.16332.11	Protein_PB.16332.11	CSRP3	CSRP3	novel_not_in_catalog	YES	20.24	33.71	18.22
PB.16332.12	Protein_PB.16332.12	CSRP3	CSRP3	novel_not_in_catalog	YES	14474.88	21004.73	20017.91
PB.16332.14	Protein_PB.16332.14	CSRP3	CSRP3	full-splice_match	YES	235.1	229.26	350.99
PB.16332.2	Protein_PB.16332.2	CSRP3	CSRP3	novel_not_in_catalog	YES	25.03	20.7	5.01
PB.16332.5	Protein_PB.16332.5	CSRP3	CSRP3	novel_not_in_catalog	YES	178.94	95.24	189.51
PB.16332.6	Protein_PB.16332.6	CSRP3	CSRP3	novel_not_in_catalog	YES	122.22	97.22	141.86
PB.16332.8	Protein_PB.16332.8	CSRP3	CSRP3	novel_not_in_catalog	YES	52.08	21.44	50.23
PB.16336.1	Protein_PB.16336.1	SPTY2D1	SPTY2D1	novel_not_in_catalog	YES	50.18	52.22	71.4
PB.16336.3	Protein_PB.16336.3	SPTY2D1	SPTY2D1	full-splice_match	YES	57.7	47.98	64.56
PB.16337.3	Protein_PB.16337.3	UEVLD	UEVLD	full-splice_match	YES	64.51	61.56	63.35
PB.16338.11	Protein_PB.16338.11	TSG101	TSG101	novel_not_in_catalog	YES	38.25	37.45	46.48
PB.16338.7	Protein_PB.16338.7	TSG101	TSG101	full-splice_match	YES	451.53	469.18	413.61
PB.16341.10	Protein_PB.16341.10	HPS5	HPS5	novel_in_catalog	YES	32.54	74.23	69.33
PB.16341.16	Protein_PB.16341.16	HPS5	HPS5	full-splice_match	YES	81.01	49.11	56.11
PB.16341.17	Protein_PB.16341.17	HPS5	HPS5	novel_not_in_catalog	YES	36.44	14.99	49.73
PB.16341.2	Protein_PB.16341.2	HPS5	HPS5	full-splice_match	YES	28.34	10.46	11.45
PB.16341.23	Protein_PB.16341.23	HPS5	HPS5	novel_not_in_catalog	YES	0.0	21.42	21.53
PB.16341.24	Protein_PB.16341.24	HPS5	HPS5	full-splice_match	YES	45.9	121.55	73.68
PB.16341.5	Protein_PB.16341.5	HPS5	HPS5	full-splice_match	YES	183.89	185.22	197.71
PB.16351.1	Protein_PB.16351.1	PTPRJ	PTPRJ	full-splice_match	YES	28.21	23.53	32.54
PB.16354.1	Protein_PB.16354.1	FAM180B	FAM180B	full-splice_match	YES	35.84	17.18	25.88
PB.16355.1	Protein_PB.16355.1	NDUFS3	NDUFS3	full-splice_match	YES	451.14	473.63	408.73
PB.16355.2	Protein_PB.16355.2	NDUFS3	NDUFS3	full-splice_match	YES	2364.65	2602.92	1795.69
PB.16356.1	Protein_PB.16356.1	PTPMT1	PTPMT1	full-splice_match	YES	185.86	195.61	174.66
PB.16358.10	Protein_PB.16358.10	SLC39A13	SLC39A13	full-splice_match	YES	70.38	41.22	32.82
PB.16358.2	Protein_PB.16358.2	SLC39A13	SLC39A13	full-splice_match	YES	11.5	8.69	17.25
PB.16358.7	Protein_PB.16358.7	SLC39A13	SLC39A13	full-splice_match	YES	9.01	16.77	22.83
PB.16358.9	Protein_PB.16358.9	SLC39A13	SLC39A13	novel_in_catalog	YES	39.4	35.64	37.51
PB.16360.14	Protein_PB.16360.14	MADD	MADD	full-splice_match	YES	52.45	36.6	52.82
PB.16360.16	Protein_PB.16360.16	MADD	MADD	full-splice_match	YES	19.87	6.79	49.53
PB.16360.2	Protein_PB.16360.2	MADD	MADD	novel_in_catalog	YES	67.16	73.16	115.24
PB.16360.4	Protein_PB.16360.4	MADD	MADD	novel_in_catalog	YES	41.22	28.11	21.53
PB.16360.6	Protein_PB.16360.6	MADD	MADD	novel_not_in_catalog	YES	9.86	31.19	25.67
PB.16366.17	Protein_PB.16366.17	ATG13	ATG13	novel_in_catalog	YES	14.84	31.21	19.2
PB.16366.22	Protein_PB.16366.22	ATG13	ATG13	novel_in_catalog	YES	38.74	96.96	97.12
PB.16366.23	Protein_PB.16366.23	ATG13	ATG13	novel_in_catalog	YES	50.81	43.2	11.51
PB.16366.27	Protein_PB.16366.27	ATG13	ATG13	novel_in_catalog	YES	51.1	79.7	13.62
PB.16366.7	Protein_PB.16366.7	ATG13	ATG13	full-splice_match	YES	26.49	28.2	12.51
PB.16368.10	Protein_PB.16368.10	DGKZ	DGKZ	novel_not_in_catalog	YES	5.45	16.92	28.8
PB.16368.14	Protein_PB.16368.14	DGKZ	DGKZ	novel_not_in_catalog	YES	41.37	27.45	36.31
PB.16368.15	Protein_PB.16368.15	DGKZ	DGKZ	novel_not_in_catalog	YES	77.29	93.75	82.66
PB.16368.18	Protein_PB.16368.18	DGKZ	DGKZ	novel_not_in_catalog	YES	79.42	60.29	84.59
PB.16368.8	Protein_PB.16368.8	DGKZ	DGKZ	full-splice_match	YES	27.54	37.93	36.34
PB.16372.1	Protein_PB.16372.1	MAPK8IP1	MAPK8IP1	incomplete-splice_match	YES	40.37	30.91	32.01
PB.16372.2	Protein_PB.16372.2	MAPK8IP1	MAPK8IP1	full-splice_match	YES	136.18	149.19	85.4
PB.16373.1	Protein_PB.16373.1	CRY2	CRY2	full-splice_match	YES	455.85	364.88	375.97
PB.16373.10	Protein_PB.16373.10	CRY2	CRY2	full-splice_match	YES	425.22	559.28	624.34
PB.16373.3	Protein_PB.16373.3	CRY2	CRY2	novel_not_in_catalog	YES	8.17	4.26	51.44
PB.16373.7	Protein_PB.16373.7	CRY2	CRY2	novel_in_catalog	YES	14.72	9.51	27.76
PB.16381.1	Protein_PB.16381.1	EXT2	EXT2	full-splice_match	YES	177.43	144.17	162.82
PB.16382.8	Protein_PB.16382.8	ACCS	ACCS	novel_in_catalog	YES	11.43	21.25	1.42
PB.16384.1	Protein_PB.16384.1	CUNH11orf96	CUNH11orf96	full-splice_match	YES	59.62	29.58	69.21
PB.16385.1	Protein_PB.16385.1	ALKBH3	ALKBH3	full-splice_match	YES	372.23	375.41	325.42
PB.16385.2	Protein_PB.16385.2	ALKBH3	ALKBH3	full-splice_match	YES	13.94	28.51	37.14
PB.16385.3	Protein_PB.16385.3	ALKBH3	ALKBH3	full-splice_match	YES	25.86	26.89	53.49
PB.16385.4	Protein_PB.16385.4	ALKBH3	ALKBH3	novel_in_catalog	YES	14.21	8.94	19.74
PB.16386.1	Protein_PB.16386.1	HSD17B12	HSD17B12	full-splice_match	YES	15.9	31.02	22.74
PB.16386.10	Protein_PB.16386.10	HSD17B12	HSD17B12	full-splice_match	YES	18.12	29.88	21.9
PB.16386.6	Protein_PB.16386.6	HSD17B12	HSD17B12	novel_in_catalog	YES	41.1	20.04	15.11
PB.16386.8	Protein_PB.16386.8	HSD17B12	HSD17B12	novel_not_in_catalog	YES	12.43	20.29	14.51
PB.16386.9	Protein_PB.16386.9	HSD17B12	HSD17B12	novel_not_in_catalog	YES	39.01	42.14	13.09
PB.16388.1	Protein_PB.16388.1	TTC17	TTC17	full-splice_match	YES	189.92	163.1	159.03
PB.16388.2	Protein_PB.16388.2	TTC17	TTC17	full-splice_match	YES	58.96	108.94	93.97
PB.16388.4	Protein_PB.16388.4	TTC17	TTC17	incomplete-splice_match	YES	43.26	58.04	42.84
PB.16389.1	Protein_PB.16389.1	API5	API5	full-splice_match	YES	24.96	29.99	40.21
PB.16389.2	Protein_PB.16389.2	API5	API5	full-splice_match	YES	115.82	145.52	231.0
PB.16389.5	Protein_PB.16389.5	API5	API5	novel_not_in_catalog	YES	111.02	113.19	138.45
PB.16389.6	Protein_PB.16389.6	API5	API5	novel_in_catalog	YES	137.95	150.76	151.58
PB.1640.2	Protein_PB.1640.2	ETV1	ETV1	full-splice_match	YES	16.65	12.22	8.79
PB.16400.1	Protein_PB.16400.1	CUNH11orf74	CUNH11orf74	full-splice_match	YES	22.25	34.49	14.06
PB.16400.2	Protein_PB.16400.2	CUNH11orf74	CUNH11orf74	novel_not_in_catalog	YES	17.48	23.37	11.82
PB.16400.3	Protein_PB.16400.3	CUNH11orf74	CUNH11orf74	full-splice_match	YES	48.24	40.14	23.56
PB.16400.4	Protein_PB.16400.4	CUNH11orf74	CUNH11orf74	full-splice_match	YES	24.88	49.3	13.69
PB.16400.5	Protein_PB.16400.5	CUNH11orf74	CUNH11orf74	full-splice_match	YES	35.88	30.91	14.26
PB.16403.1	Protein_PB.16403.1	LDLRAD3	LDLRAD3	full-splice_match	YES	43.39	33.46	47.32
PB.16405.1	Protein_PB.16405.1	TRIM44	TRIM44	full-splice_match	YES	159.89	107.37	152.74
PB.16405.2	Protein_PB.16405.2	TRIM44	TRIM44	full-splice_match	YES	38.88	63.81	44.86
PB.16408.1	Protein_PB.16408.1	CD44	CD44	full-splice_match	YES	194.34	76.75	131.0
PB.16408.13	Protein_PB.16408.13	CD44	CD44	novel_not_in_catalog	YES	37.28	22.17	41.18
PB.16410.1	Protein_PB.16410.1	PDHX	PDHX	novel_not_in_catalog	YES	112.58	158.6	88.6
PB.16410.13	Protein_PB.16410.13	PDHX	PDHX	novel_not_in_catalog	YES	145.76	166.68	193.57
PB.16410.6	Protein_PB.16410.6	PDHX	PDHX	full-splice_match	YES	1628.81	1838.25	733.28
PB.16412.11	Protein_PB.16412.11	CAT	CAT	novel_not_in_catalog	YES	194.88	348.76	340.47
PB.16412.12	Protein_PB.16412.12	CAT	CAT	novel_in_catalog	YES	95.62	301.79	169.01
PB.16412.13	Protein_PB.16412.13	CAT	CAT	novel_in_catalog	YES	13.5	7.12	26.08
PB.16412.15	Protein_PB.16412.15	CAT	CAT	novel_in_catalog	YES	190.31	221.72	406.37
PB.16412.21	Protein_PB.16412.21	CAT	CAT	novel_not_in_catalog	YES	22.43	19.4	21.66
PB.16412.24	Protein_PB.16412.24	CAT	CAT	novel_in_catalog	YES	406.79	582.12	751.94
PB.16412.27	Protein_PB.16412.27	CAT	CAT	novel_in_catalog	YES	122.96	61.89	175.89
PB.16412.29	Protein_PB.16412.29	CAT	CAT	novel_not_in_catalog	YES	71.17	91.08	108.76
PB.16412.3	Protein_PB.16412.3	CAT	CAT	novel_not_in_catalog	YES	64.09	206.46	48.32
PB.16412.31	Protein_PB.16412.31	CAT	CAT	novel_not_in_catalog	YES	253.8	407.33	429.34
PB.16412.33	Protein_PB.16412.33	CAT	CAT	novel_not_in_catalog	YES	142.25	21.84	188.28
PB.16414.1	Protein_PB.16414.1	NAT10	NAT10	novel_not_in_catalog	YES	1.9	16.3	30.14
PB.16414.2	Protein_PB.16414.2	NAT10	NAT10	novel_not_in_catalog	YES	56.44	53.01	65.31
PB.16414.3	Protein_PB.16414.3	NAT10	NAT10	novel_not_in_catalog	YES	72.03	53.68	58.63
PB.16414.4	Protein_PB.16414.4	NAT10	NAT10	full-splice_match	YES	29.56	25.83	30.62
PB.16415.1	Protein_PB.16415.1	CAPRIN1	CAPRIN1	full-splice_match	YES	722.0	688.87	694.66
PB.16419.1	Protein_PB.16419.1	HIPK3	HIPK3	full-splice_match	YES	15.59	48.76	73.27
PB.16419.2	Protein_PB.16419.2	HIPK3	HIPK3	full-splice_match	YES	99.91	52.44	3.37
PB.16419.3	Protein_PB.16419.3	HIPK3	HIPK3	full-splice_match	YES	1043.58	1126.19	1518.57
PB.16419.5	Protein_PB.16419.5	HIPK3	HIPK3	full-splice_match	YES	1406.04	1376.04	1560.0
PB.16419.6	Protein_PB.16419.6	HIPK3	HIPK3	novel_in_catalog	YES	1496.03	1541.86	1533.44
PB.16419.7	Protein_PB.16419.7	HIPK3	HIPK3	novel_in_catalog	YES	223.22	126.34	271.37
PB.16420.3	Protein_PB.16420.3	TCP11L1	TCP11L1	full-splice_match	YES	110.65	93.39	102.8
PB.16422.1	Protein_PB.16422.1	QSER1	QSER1	full-splice_match	YES	243.37	225.79	290.87
PB.16425.1	Protein_PB.16425.1	EIF3M	EIF3M	novel_not_in_catalog	YES	65.24	55.55	104.08
PB.16425.2	Protein_PB.16425.2	EIF3M	EIF3M	full-splice_match	YES	462.73	467.52	560.83
PB.16425.3	Protein_PB.16425.3	EIF3M	EIF3M	novel_in_catalog	YES	924.1	944.17	989.71
PB.16427.2	Protein_PB.16427.2	RCN1	RCN1	full-splice_match	YES	151.86	69.78	135.88
PB.16427.4	Protein_PB.16427.4	RCN1	RCN1	novel_not_in_catalog	YES	174.12	143.04	378.99
PB.16428.1	Protein_PB.16428.1	ELP4	ELP4	full-splice_match	YES	107.7	101.27	86.02
PB.16430.1	Protein_PB.16430.1	DNAJC24	DNAJC24	full-splice_match	YES	48.25	48.78	27.9
PB.16430.6	Protein_PB.16430.6	DNAJC24	DNAJC24	novel_not_in_catalog	YES	22.42	25.88	14.46
PB.16432.1	Protein_PB.16432.1	ARL14EP	ARL14EP	full-splice_match	YES	305.36	284.89	319.85
PB.16438.2	Protein_PB.16438.2	METTL15	METTL15	full-splice_match	YES	111.31	105.43	40.07
PB.16438.4	Protein_PB.16438.4	METTL15	METTL15	full-splice_match	YES	20.5	15.77	10.52
PB.16439.2	Protein_PB.16439.2	BBOX1	BBOX1	novel_not_in_catalog	YES	1.42	26.45	7.16
PB.16440.2	Protein_PB.16440.2	FIBIN	FIBIN	full-splice_match	YES	80.8	83.3	52.33
PB.16449.1	Protein_PB.16449.1	ANO5	ANO5	novel_not_in_catalog	YES	1094.55	1096.38	1097.34
PB.16449.2	Protein_PB.16449.2	ANO5	ANO5	novel_not_in_catalog	YES	23.79	11.56	30.87
PB.16449.3	Protein_PB.16449.3	ANO5	ANO5	novel_not_in_catalog	YES	572.33	545.87	505.29
PB.16449.4	Protein_PB.16449.4	ANO5	ANO5	full-splice_match	YES	548.04	644.67	538.4
PB.16450.1	Protein_PB.16450.1	NELL1	NELL1	full-splice_match	YES	9.77	23.72	18.37
PB.16454.1	Protein_PB.16454.1	PRMT3	PRMT3	full-splice_match	YES	31.98	38.17	39.43
PB.16454.5	Protein_PB.16454.5	PRMT3	PRMT3	novel_not_in_catalog	YES	23.58	21.8	41.69
PB.16455.1	Protein_PB.16455.1	HTATIP2	HTATIP2	full-splice_match	YES	28.61	24.81	18.67
PB.16455.2	Protein_PB.16455.2	HTATIP2	HTATIP2	full-splice_match	YES	81.67	122.21	89.39
PB.16457.3	Protein_PB.16457.3	NAV2	NAV2	full-splice_match	YES	56.41	29.54	73.43
PB.16461.2	Protein_PB.16461.2	ZDHHC13	ZDHHC13	full-splice_match	YES	23.91	34.53	28.21
PB.16463.1		novelGene_IGSF22_AS	novelGene_IGSF22_AS	antisense	NO	13.32	11.26	16.54
PB.16464.3	Protein_PB.16464.3	TMEM86A	TMEM86A	full-splice_match	YES	13.75	19.06	16.66
PB.16467.1	Protein_PB.16467.1	LOC113265126	LOC113265126	full-splice_match	YES	15344.93	9360.85	8413.02
PB.16468.16	Protein_PB.16468.16	GTF2H1	GTF2H1	incomplete-splice_match	YES	26.82	40.07	32.89
PB.16468.17	Protein_PB.16468.17	GTF2H1	GTF2H1	incomplete-splice_match	YES	22.06	24.2	33.18
PB.16468.5	Protein_PB.16468.5	GTF2H1	GTF2H1	novel_not_in_catalog	YES	18.55	8.33	10.3
PB.16468.6	Protein_PB.16468.6	GTF2H1	GTF2H1	novel_in_catalog	YES	10.65	31.86	32.79
PB.16480.1	Protein_PB.16480.1	SDK2	SDK2	full-splice_match	YES	28.96	5.42	10.56
PB.16481.1	Protein_PB.16481.1	CDC42EP4	CDC42EP4	full-splice_match	YES	32.42	38.77	30.84
PB.16481.4	Protein_PB.16481.4	CDC42EP4	CDC42EP4	full-splice_match	YES	17.04	4.98	22.01
PB.16484.1	Protein_PB.16484.1	FAM104A	FAM104A	full-splice_match	YES	37.39	42.27	34.92
PB.16484.2	Protein_PB.16484.2	FAM104A	FAM104A	full-splice_match	YES	128.86	121.41	155.45
PB.16489.1		LOC113265228	LOC113265228	full-splice_match	NO	37.44	55.19	26.88
PB.1649.1	Protein_PB.1649.1	MEOX2	MEOX2	full-splice_match	YES	77.77	64.83	62.75
PB.1649.3	Protein_PB.1649.3	MEOX2	MEOX2	novel_not_in_catalog	YES	73.66	38.22	49.26
PB.16490.1	Protein_PB.16490.1	ABCA5	ABCA5	full-splice_match	YES	93.21	105.57	89.16
PB.16490.3	Protein_PB.16490.3	ABCA5	ABCA5	novel_in_catalog	YES	36.72	51.06	52.9
PB.16490.5	Protein_PB.16490.5	ABCA5	ABCA5	novel_in_catalog	YES	165.37	190.85	174.37
PB.16492.1	Protein_PB.16492.1	ABCA6	ABCA6	full-splice_match	YES	66.01	64.75	67.02
PB.16492.2	Protein_PB.16492.2	ABCA6	ABCA6	full-splice_match	YES	22.77	28.44	20.82
PB.16493.13	Protein_PB.16493.13	ABCA9	ABCA9	novel_not_in_catalog	YES	47.99	47.93	43.45
PB.16493.14	Protein_PB.16493.14	ABCA9	ABCA9	incomplete-splice_match	YES	18.15	23.62	18.78
PB.16493.18	Protein_PB.16493.18	ABCA9	ABCA9	novel_in_catalog	YES	183.98	135.07	187.39
PB.16493.8	Protein_PB.16493.8	ABCA9	ABCA9	novel_in_catalog	YES	114.28	108.64	104.24
PB.16493.9	Protein_PB.16493.9	ABCA9	ABCA9	incomplete-splice_match	YES	19.35	8.64	1.5
PB.16494.17	Protein_PB.16494.17	LOC113265233	LOC113265233	novel_in_catalog	YES	19.83	10.58	33.87
PB.16494.20	Protein_PB.16494.20	LOC113265233	LOC113265233	incomplete-splice_match	YES	40.44	44.35	47.4
PB.16494.21	Protein_PB.16494.21	LOC113265233	LOC113265233	incomplete-splice_match	YES	55.99	31.92	46.64
PB.16494.3	Protein_PB.16494.3	LOC113265233	LOC113265233	incomplete-splice_match	YES	18.0	36.37	39.67
PB.16494.6	Protein_PB.16494.6	LOC113265233	LOC113265233	incomplete-splice_match	YES	35.71	15.58	12.14
PB.16498.4	Protein_PB.16498.4	WIPI1	WIPI1	full-splice_match	YES	367.92	535.54	340.98
PB.16498.5	Protein_PB.16498.5	WIPI1	WIPI1	novel_not_in_catalog	YES	25.8	35.68	8.46
PB.16498.7	Protein_PB.16498.7	WIPI1	WIPI1	incomplete-splice_match	YES	102.8	87.12	78.04
PB.16498.8	Protein_PB.16498.8	WIPI1	WIPI1	novel_in_catalog	YES	114.38	109.78	114.52
PB.16500.1	Protein_PB.16500.1	LOC113265243	LOC113265243	full-splice_match	YES	20.47	17.01	16.02
PB.16505.1	Protein_PB.16505.1	PRKCA	PRKCA	full-splice_match	YES	175.37	120.02	155.91
PB.16509.1	Protein_PB.16509.1	CACNG1	CACNG1	full-splice_match	YES	923.87	868.99	870.03
PB.16511.3	Protein_PB.16511.3	PITPNC1	PITPNC1	full-splice_match	YES	20.0	35.36	13.67
PB.16511.5	Protein_PB.16511.5	PITPNC1	PITPNC1	novel_not_in_catalog	YES	87.54	50.22	75.72
PB.16512.1	Protein_PB.16512.1	NOL11	NOL11	full-splice_match	YES	111.92	114.86	106.31
PB.16512.4	Protein_PB.16512.4	NOL11	NOL11	novel_in_catalog	YES	71.43	71.08	73.77
PB.16512.5	Protein_PB.16512.5	NOL11	NOL11	full-splice_match	YES	31.08	24.58	30.2
PB.16514.12	Protein_PB.16514.12	BPTF	BPTF	full-splice_match	YES	25.06	29.71	47.04
PB.16514.14	Protein_PB.16514.14	BPTF	BPTF	incomplete-splice_match	YES	44.38	42.61	53.43
PB.16514.4	Protein_PB.16514.4	BPTF	BPTF	full-splice_match	YES	64.76	92.35	75.42
PB.16514.8	Protein_PB.16514.8	BPTF	BPTF	full-splice_match	YES	121.54	94.1	150.4
PB.16516.4	Protein_PB.16516.4	KPNA2	KPNA2	incomplete-splice_match	YES	79.46	80.05	61.09
PB.16517.1	Protein_PB.16517.1	SMURF2	SMURF2	full-splice_match	YES	75.5	62.48	70.64
PB.16517.2		SMURF2	SMURF2	novel_in_catalog	NO	16.85	17.61	18.7
PB.16518.14	Protein_PB.16518.14	DDX5	DDX5	novel_not_in_catalog	YES	120.67	118.2	121.72
PB.16518.17	Protein_PB.16518.17	DDX5	DDX5	novel_not_in_catalog	YES	102.84	55.62	72.71
PB.16518.18	Protein_PB.16518.18	DDX5	DDX5	novel_not_in_catalog	YES	497.46	477.35	471.75
PB.16518.2	Protein_PB.16518.2	DDX5	DDX5	novel_not_in_catalog	YES	46.88	0.0	8.52
PB.16518.21	Protein_PB.16518.21	DDX5	DDX5	novel_in_catalog	YES	14.05	10.43	17.15
PB.16518.39	Protein_PB.16518.39	DDX5	DDX5	novel_in_catalog	YES	21.08	11.11	28.98
PB.16518.41	Protein_PB.16518.41	DDX5	DDX5	novel_not_in_catalog	YES	46.27	29.56	113.89
PB.16518.51	Protein_PB.16518.51	DDX5	DDX5	novel_in_catalog	YES	57.52	24.9	90.49
PB.16518.69	Protein_PB.16518.69	DDX5	DDX5	incomplete-splice_match	YES	30.69	34.55	103.73
PB.16518.70	Protein_PB.16518.70	DDX5	DDX5	incomplete-splice_match	YES	71.6	49.19	41.79
PB.16518.71	Protein_PB.16518.71	DDX5	DDX5	novel_in_catalog	YES	13.5	14.37	63.05
PB.16518.86	Protein_PB.16518.86	DDX5	DDX5	incomplete-splice_match	YES	331.43	288.4	344.03
PB.16519.3	Protein_PB.16519.3	POLG2	POLG2	novel_not_in_catalog	YES	17.33	17.81	11.52
PB.16521.1	Protein_PB.16521.1	PECAM1	PECAM1	full-splice_match	YES	123.33	101.1	74.24
PB.16521.10	Protein_PB.16521.10	PECAM1	PECAM1	incomplete-splice_match	YES	130.12	104.64	78.65
PB.16521.4	Protein_PB.16521.4	PECAM1	PECAM1	full-splice_match	YES	18.61	56.55	12.76
PB.16521.5	Protein_PB.16521.5	PECAM1	PECAM1	full-splice_match	YES	176.76	94.21	129.85
PB.16521.6	Protein_PB.16521.6	PECAM1	PECAM1	full-splice_match	YES	171.14	86.67	148.71
PB.16521.7	Protein_PB.16521.7	PECAM1	PECAM1	full-splice_match	YES	30.24	20.66	30.02
PB.16521.8	Protein_PB.16521.8	PECAM1	PECAM1	novel_not_in_catalog	YES	73.06	124.38	70.18
PB.16522.1	Protein_PB.16522.1	TEX2	TEX2	full-splice_match	YES	1039.83	1324.0	1045.54
PB.16522.11	Protein_PB.16522.11	TEX2	TEX2	novel_not_in_catalog	YES	105.43	85.48	260.07
PB.16522.15	Protein_PB.16522.15	TEX2	TEX2	novel_not_in_catalog	YES	41.44	54.25	11.21
PB.16522.16	Protein_PB.16522.16	TEX2	TEX2	novel_not_in_catalog	YES	80.96	140.37	84.39
PB.16522.2	Protein_PB.16522.2	TEX2	TEX2	novel_not_in_catalog	YES	831.82	855.72	851.2
PB.16522.3	Protein_PB.16522.3	TEX2	TEX2	novel_not_in_catalog	YES	41.93	49.46	90.06
PB.16522.4	Protein_PB.16522.4	TEX2	TEX2	novel_not_in_catalog	YES	28.56	22.55	11.91
PB.16522.5	Protein_PB.16522.5	TEX2	TEX2	novel_not_in_catalog	YES	218.18	77.47	96.02
PB.16522.6	Protein_PB.16522.6	TEX2	TEX2	novel_in_catalog	YES	52.19	48.08	54.36
PB.16522.7	Protein_PB.16522.7	TEX2	TEX2	novel_not_in_catalog	YES	19.27	86.17	10.52
PB.16522.8	Protein_PB.16522.8	TEX2	TEX2	novel_not_in_catalog	YES	12.84	69.74	128.27
PB.16522.9	Protein_PB.16522.9	TEX2	TEX2	novel_not_in_catalog	YES	212.33	220.83	136.1
PB.16524.1	Protein_PB.16524.1	ERN1	ERN1	novel_not_in_catalog	YES	92.36	57.4	80.33
PB.16525.13	Protein_PB.16525.13	ICAM2	ICAM2	incomplete-splice_match	YES	19.92	19.69	10.96
PB.16526.1	Protein_PB.16526.1	SCN4A	SCN4A	full-splice_match	YES	735.84	616.97	750.02
PB.16526.2	Protein_PB.16526.2	SCN4A	SCN4A	novel_in_catalog	YES	270.61	228.27	275.58
PB.16529.1	Protein_PB.16529.1	SMARCD2	SMARCD2	full-splice_match	YES	185.7	178.1	178.62
PB.16530.1	Protein_PB.16530.1	FTSJ3	FTSJ3	novel_in_catalog	YES	10.78	16.46	20.02
PB.16530.2	Protein_PB.16530.2	FTSJ3	FTSJ3	novel_not_in_catalog	YES	44.43	36.54	35.36
PB.16530.3	Protein_PB.16530.3	FTSJ3	FTSJ3	full-splice_match	YES	40.94	32.79	35.74
PB.16531.2	Protein_PB.16531.2	CCDC47	CCDC47	full-splice_match	YES	87.08	118.73	82.96
PB.16531.3	Protein_PB.16531.3	CCDC47	CCDC47	incomplete-splice_match	YES	313.14	309.9	311.68
PB.16531.4	Protein_PB.16531.4	CCDC47	CCDC47	novel_not_in_catalog	YES	26.21	46.38	59.3
PB.16531.5	Protein_PB.16531.5	CCDC47	CCDC47	full-splice_match	YES	33.01	26.57	17.11
PB.16531.7	Protein_PB.16531.7	CCDC47	CCDC47	novel_not_in_catalog	YES	67.46	57.53	35.95
PB.16531.9	Protein_PB.16531.9	CCDC47	CCDC47	incomplete-splice_match	YES	115.01	91.16	128.2
PB.16532.1	Protein_PB.16532.1	STRADA	STRADA	full-splice_match	YES	29.83	20.46	31.64
PB.16534.4	Protein_PB.16534.4	LOC113265298	LOC113265298	full-splice_match	YES	30.99	16.49	12.05
PB.16539.1		LOC113265304	LOC113265304	full-splice_match	NO	20.75	26.99	45.5
PB.16542.10	Protein_PB.16542.10	CDC27	CDC27	novel_not_in_catalog	YES	64.7	92.31	57.11
PB.16542.13	Protein_PB.16542.13	CDC27	CDC27	novel_in_catalog	YES	48.58	41.73	40.62
PB.16542.14	Protein_PB.16542.14	CDC27	CDC27	novel_in_catalog	YES	5.05	31.87	25.43
PB.16542.3	Protein_PB.16542.3	CDC27	CDC27	full-splice_match	YES	33.22	43.77	12.39
PB.16542.4	Protein_PB.16542.4	CDC27	CDC27	full-splice_match	YES	109.85	35.71	35.93
PB.16542.5	Protein_PB.16542.5	CDC27	CDC27	full-splice_match	YES	92.51	161.39	177.58
PB.16542.7	Protein_PB.16542.7	CDC27	CDC27	incomplete-splice_match	YES	123.08	133.46	123.39
PB.16542.8	Protein_PB.16542.8	CDC27	CDC27	novel_in_catalog	YES	85.84	113.97	128.6
PB.16543.1	Protein_PB.16543.1	KANSL1	KANSL1	full-splice_match	YES	241.64	220.45	245.51
PB.16543.4	Protein_PB.16543.4	KANSL1	KANSL1	full-splice_match	YES	92.8	85.34	74.93
PB.16544.1	Protein_PB.16544.1	NSF	NSF	full-splice_match	YES	157.58	136.79	107.9
PB.16545.1	Protein_PB.16545.1	GOSR2	GOSR2	full-splice_match	YES	35.4	42.5	37.97
PB.16545.2	Protein_PB.16545.2	GOSR2	GOSR2	full-splice_match	YES	82.08	44.98	123.91
PB.16545.5	Protein_PB.16545.5	GOSR2	GOSR2	novel_not_in_catalog	YES	28.28	58.52	0.0
PB.1655.4	Protein_PB.1655.4	ISPD	ISPD	full-splice_match	YES	58.82	81.18	43.11
PB.1655.5	Protein_PB.1655.5	ISPD	ISPD	full-splice_match	YES	85.12	73.46	73.15
PB.16550.2	Protein_PB.16550.2	PLEKHM1	PLEKHM1	full-splice_match	YES	57.75	75.18	78.79
PB.16550.3	Protein_PB.16550.3	PLEKHM1	PLEKHM1	full-splice_match	YES	22.99	29.72	23.35
PB.16552.1	Protein_PB.16552.1	MAP3K14	MAP3K14	full-splice_match	YES	91.64	61.87	107.06
PB.16552.2	Protein_PB.16552.2	MAP3K14	MAP3K14	full-splice_match	YES	10.28	3.63	25.58
PB.16555.5	Protein_PB.16555.5	PLCD3	PLCD3	full-splice_match	YES	40.53	19.06	30.77
PB.16556.10	Protein_PB.16556.10	DCAKD	DCAKD	novel_in_catalog	YES	17.28	10.39	16.51
PB.16560.1	Protein_PB.16560.1	EFTUD2	EFTUD2	full-splice_match	YES	49.13	36.28	54.29
PB.16560.2	Protein_PB.16560.2	EFTUD2	EFTUD2	novel_not_in_catalog	YES	142.0	154.54	100.23
PB.16560.3	Protein_PB.16560.3	EFTUD2	EFTUD2	incomplete-splice_match	YES	156.53	131.78	164.77
PB.16563.1	Protein_PB.16563.1	CCDC43	CCDC43	full-splice_match	YES	807.49	947.48	843.43
PB.16563.9	Protein_PB.16563.9	CCDC43	CCDC43	incomplete-splice_match	YES	11.46	19.53	26.98
PB.16565.1	Protein_PB.16565.1	GPATCH8	GPATCH8	full-splice_match	YES	122.06	112.98	149.43
PB.16565.2	Protein_PB.16565.2	GPATCH8	GPATCH8	full-splice_match	YES	59.08	51.58	49.7
PB.16565.4	Protein_PB.16565.4	GPATCH8	GPATCH8	full-splice_match	YES	18.93	8.16	18.05
PB.16567.1	Protein_PB.16567.1	FAM171A2	FAM171A2	full-splice_match	YES	29.01	31.19	51.24
PB.16568.10	Protein_PB.16568.10	SLC25A39	SLC25A39	incomplete-splice_match	YES	21.76	50.08	19.76
PB.16568.5	Protein_PB.16568.5	SLC25A39	SLC25A39	full-splice_match	YES	47.53	38.58	25.11
PB.16568.8	Protein_PB.16568.8	SLC25A39	SLC25A39	full-splice_match	YES	40.9	12.91	36.44
PB.16571.2	Protein_PB.16571.2	UBTF	UBTF	full-splice_match	YES	51.78	70.7	78.52
PB.16571.5	Protein_PB.16571.5	UBTF	UBTF	full-splice_match	YES	15.36	26.97	18.86
PB.16571.6	Protein_PB.16571.6	UBTF	UBTF	full-splice_match	YES	79.58	59.52	23.83
PB.16571.7	Protein_PB.16571.7	UBTF	UBTF	full-splice_match	YES	12.58	11.06	65.09
PB.16571.8	Protein_PB.16571.8	UBTF	UBTF	novel_in_catalog	YES	285.2	245.67	261.55
PB.16572.1	Protein_PB.16572.1	ATXN7L3	ATXN7L3	full-splice_match	YES	69.64	52.41	75.64
PB.16572.2	Protein_PB.16572.2	ATXN7L3	ATXN7L3	full-splice_match	YES	51.28	44.45	43.1
PB.16572.4	Protein_PB.16572.4	ATXN7L3	ATXN7L3	incomplete-splice_match	YES	5.14	28.35	26.24
PB.16574.1	Protein_PB.16574.1	HDAC5	HDAC5	full-splice_match	YES	106.06	85.17	71.0
PB.16574.2	Protein_PB.16574.2	HDAC5	HDAC5	full-splice_match	YES	133.68	73.51	141.05
PB.16574.3	Protein_PB.16574.3	HDAC5	HDAC5	full-splice_match	YES	110.75	211.11	107.91
PB.16574.4	Protein_PB.16574.4	HDAC5	HDAC5	full-splice_match	YES	75.99	60.98	125.78
PB.16575.2	Protein_PB.16575.2	LSM12	LSM12	full-splice_match	YES	475.67	459.44	503.57
PB.16576.1	Protein_PB.16576.1	TMEM101	TMEM101	full-splice_match	YES	38.89	30.16	39.46
PB.1658.1	Protein_PB.1658.1	ANKMY2	ANKMY2	full-splice_match	YES	312.13	301.19	290.35
PB.1658.10	Protein_PB.1658.10	ANKMY2	ANKMY2	incomplete-splice_match	YES	46.93	46.17	47.02
PB.1658.8	Protein_PB.1658.8	ANKMY2	ANKMY2	novel_not_in_catalog	YES	0.0	0.0	25.72
PB.16582.1	Protein_PB.16582.1	DUSP3	DUSP3	novel_not_in_catalog	YES	26.21	26.51	29.67
PB.16582.2	Protein_PB.16582.2	DUSP3	DUSP3	full-splice_match	YES	1604.24	1458.0	1779.44
PB.16582.3	Protein_PB.16582.3	DUSP3	DUSP3	novel_not_in_catalog	YES	610.83	575.08	703.98
PB.16582.4	Protein_PB.16582.4	DUSP3	DUSP3	full-splice_match	YES	41.27	75.96	52.85
PB.16582.8	Protein_PB.16582.8	DUSP3	DUSP3	novel_not_in_catalog	YES	62.65	45.85	16.71
PB.16584.3	Protein_PB.16584.3	MEOX1	MEOX1	full-splice_match	YES	65.38	39.46	40.39
PB.16586.1		novelGene_1963	novelGene_1963	intergenic	NO	134.39	108.29	65.65
PB.16587.1	Protein_PB.16587.1	BRCA1	BRCA1	full-splice_match	YES	35.84	48.61	17.52
PB.16588.1	Protein_PB.16588.1	VAT1	VAT1	full-splice_match	YES	130.3	101.25	103.7
PB.16588.5	Protein_PB.16588.5	VAT1	VAT1	novel_not_in_catalog	YES	86.35	60.88	107.95
PB.16589.3	Protein_PB.16589.3	PTGES3L	PTGES3L	full-splice_match	YES	46.55	44.84	31.01
PB.16589.5	Protein_PB.16589.5	PTGES3L	PTGES3L	full-splice_match	YES	249.92	274.61	146.99
PB.16590.11	Protein_PB.16590.11	AARSD1	AARSD1	full-splice_match	YES	101.11	100.37	79.6
PB.16590.12	Protein_PB.16590.12	AARSD1	AARSD1	novel_not_in_catalog	YES	13.81	17.94	32.54
PB.16590.2	Protein_PB.16590.2	AARSD1	AARSD1	novel_not_in_catalog	YES	107.07	109.6	100.57
PB.16593.10	Protein_PB.16593.10	BECN1	BECN1	full-splice_match	YES	46.55	42.16	39.44
PB.16593.4	Protein_PB.16593.4	BECN1	BECN1	novel_in_catalog	YES	52.59	52.74	11.52
PB.16593.7	Protein_PB.16593.7	BECN1	BECN1	full-splice_match	YES	36.32	41.2	32.87
PB.16593.9	Protein_PB.16593.9	BECN1	BECN1	full-splice_match	YES	192.98	233.64	183.48
PB.16594.1	Protein_PB.16594.1	LOC113265403	LOC113265403	full-splice_match	YES	159.66	185.96	124.21
PB.16595.1	Protein_PB.16595.1	EZH1	EZH1	full-splice_match	YES	46.05	44.45	62.94
PB.16595.3	Protein_PB.16595.3	EZH1	EZH1	novel_in_catalog	YES	287.79	276.78	258.41
PB.16597.2	Protein_PB.16597.2	PLEKHH3	PLEKHH3	full-splice_match	YES	26.22	26.47	43.69
PB.16597.4	Protein_PB.16597.4	PLEKHH3	PLEKHH3	full-splice_match	YES	89.25	57.85	132.56
PB.16597.5	Protein_PB.16597.5	PLEKHH3	PLEKHH3	full-splice_match	YES	8.24	5.85	20.7
PB.16598.1	Protein_PB.16598.1	RETREG3	RETREG3	full-splice_match	YES	211.2	149.42	189.24
PB.16598.3	Protein_PB.16598.3	RETREG3	RETREG3	novel_in_catalog	YES	14.92	46.18	28.52
PB.16601.1	Protein_PB.16601.1	CAVIN1	CAVIN1	novel_not_in_catalog	YES	278.94	266.5	325.77
PB.16601.2	Protein_PB.16601.2	CAVIN1	CAVIN1	novel_not_in_catalog	YES	753.37	548.74	677.84
PB.16601.3	Protein_PB.16601.3	CAVIN1	CAVIN1	novel_not_in_catalog	YES	1239.83	961.32	1033.25
PB.16601.4	Protein_PB.16601.4	CAVIN1	CAVIN1	full-splice_match	YES	304.67	211.03	229.12
PB.16601.5	Protein_PB.16601.5	CAVIN1	CAVIN1	novel_not_in_catalog	YES	296.55	195.67	280.01
PB.16602.1	Protein_PB.16602.1	STAT3	STAT3	full-splice_match	YES	51.48	69.38	54.19
PB.16602.3	Protein_PB.16602.3	STAT3	STAT3	full-splice_match	YES	152.32	159.34	149.46
PB.16602.4	Protein_PB.16602.4	STAT3	STAT3	full-splice_match	YES	601.37	468.17	538.36
PB.16603.1	Protein_PB.16603.1	LOC113265424	LOC113265424	full-splice_match	YES	1069.66	1088.68	1211.05
PB.16603.3	Protein_PB.16603.3	LOC113265424	LOC113265424	full-splice_match	YES	7.88	10.99	30.94
PB.16603.4	Protein_PB.16603.4	LOC113265424	LOC113265424	novel_not_in_catalog	YES	332.06	363.72	293.79
PB.16607.3	Protein_PB.16607.3	RAB5C	RAB5C	full-splice_match	YES	160.68	136.35	152.66
PB.16608.4	Protein_PB.16608.4	KAT2A	KAT2A	full-splice_match	YES	46.06	37.59	48.16
PB.16609.1	Protein_PB.16609.1	DHX58	DHX58	full-splice_match	YES	15.72	13.69	22.71
PB.1661.1	Protein_PB.1661.1	SNX13	SNX13	full-splice_match	YES	331.08	352.16	291.53
PB.1661.3	Protein_PB.1661.3	SNX13	SNX13	full-splice_match	YES	39.78	26.41	48.02
PB.1661.4	Protein_PB.1661.4	SNX13	SNX13	full-splice_match	YES	15.81	36.28	13.4
PB.1661.5	Protein_PB.1661.5	SNX13	SNX13	incomplete-splice_match	YES	180.26	195.24	170.27
PB.16612.1	Protein_PB.16612.1	DNAJC7	DNAJC7	full-splice_match	YES	5.66	10.58	16.79
PB.16612.12	Protein_PB.16612.12	DNAJC7	DNAJC7	full-splice_match	YES	480.79	400.39	302.7
PB.16612.15	Protein_PB.16612.15	DNAJC7	DNAJC7	full-splice_match	YES	50.87	65.16	68.14
PB.16612.16	Protein_PB.16612.16	DNAJC7	DNAJC7	incomplete-splice_match	YES	83.4	117.44	137.74
PB.16612.8	Protein_PB.16612.8	DNAJC7	DNAJC7	novel_in_catalog	YES	43.91	20.88	82.95
PB.16614.8	Protein_PB.16614.8	ACLY	ACLY	full-splice_match	YES	136.87	100.35	119.17
PB.16615.1	Protein_PB.16615.1	KLHL11	KLHL11	novel_not_in_catalog	YES	9.35	17.43	22.57
PB.16615.2	Protein_PB.16615.2	KLHL11	KLHL11	full-splice_match	YES	51.65	34.44	52.41
PB.16616.2	Protein_PB.16616.2	NT5C3B	NT5C3B	full-splice_match	YES	42.89	32.88	30.83
PB.16617.1	Protein_PB.16617.1	P3H4	P3H4	full-splice_match	YES	56.2	36.75	36.82
PB.16618.1	Protein_PB.16618.1	JUP	JUP	full-splice_match	YES	35.72	12.48	33.23
PB.16618.2	Protein_PB.16618.2	JUP	JUP	full-splice_match	YES	75.78	57.18	58.43
PB.16618.9	Protein_PB.16618.9	JUP	JUP	incomplete-splice_match	YES	21.76	5.14	4.75
PB.16649.3		KRT10	KRT10	incomplete-splice_match	NO	16.99	13.51	22.85
PB.16656.1	Protein_PB.16656.1	SMARCE1	SMARCE1	full-splice_match	YES	181.67	190.51	173.17
PB.16656.3	Protein_PB.16656.3	SMARCE1	SMARCE1	novel_in_catalog	YES	41.44	59.5	61.72
PB.16665.1	Protein_PB.16665.1	NR1D1	NR1D1	incomplete-splice_match	YES	59.29	51.59	37.84
PB.16665.3	Protein_PB.16665.3	NR1D1	NR1D1	novel_not_in_catalog	YES	8.65	4.21	44.1
PB.16665.6	Protein_PB.16665.6	NR1D1	NR1D1	novel_in_catalog	YES	12.32	5.16	64.45
PB.16666.1	Protein_PB.16666.1	MED24	MED24	full-splice_match	YES	172.73	128.71	119.06
PB.16666.2	Protein_PB.16666.2	MED24	MED24	full-splice_match	YES	18.99	30.91	40.41
PB.16669.14	Protein_PB.16669.14	ORMDL3	ORMDL3	full-splice_match	YES	29.0	58.16	69.84
PB.16669.3	Protein_PB.16669.3	ORMDL3	ORMDL3	full-splice_match	YES	277.05	372.4	480.74
PB.1667.1	Protein_PB.1667.1	TWISTNB	TWISTNB	novel_in_catalog	YES	75.27	81.09	70.56
PB.16673.1	Protein_PB.16673.1	MIEN1	MIEN1	full-splice_match	YES	176.79	195.88	122.09
PB.16674.1	Protein_PB.16674.1	PGAP3	PGAP3	full-splice_match	YES	24.17	23.21	17.38
PB.16674.5	Protein_PB.16674.5	PGAP3	PGAP3	incomplete-splice_match	YES	15.92	23.66	16.1
PB.16674.7	Protein_PB.16674.7	PGAP3	PGAP3	novel_not_in_catalog	YES	155.88	166.4	137.53
PB.16677.10	Protein_PB.16677.10	MED1	MED1	full-splice_match	YES	102.02	98.75	95.2
PB.16677.4	Protein_PB.16677.4	MED1	MED1	incomplete-splice_match	YES	92.72	60.78	84.12
PB.16677.5	Protein_PB.16677.5	MED1	MED1	novel_in_catalog	YES	10.23	42.6	25.11
PB.16677.6	Protein_PB.16677.6	MED1	MED1	novel_not_in_catalog	YES	55.04	43.57	43.5
PB.16677.9	Protein_PB.16677.9	MED1	MED1	novel_not_in_catalog	YES	129.9	116.96	120.9
PB.16678.3	Protein_PB.16678.3	FBXL20	FBXL20	novel_not_in_catalog	YES	30.64	33.68	32.07
PB.16678.4	Protein_PB.16678.4	FBXL20	FBXL20	full-splice_match	YES	107.87	101.61	108.89
PB.16680.1	Protein_PB.16680.1	CACNB1	CACNB1	full-splice_match	YES	64.96	45.71	86.25
PB.16680.10	Protein_PB.16680.10	CACNB1	CACNB1	novel_not_in_catalog	YES	318.46	349.48	410.43
PB.16680.11	Protein_PB.16680.11	CACNB1	CACNB1	novel_not_in_catalog	YES	398.28	361.22	268.62
PB.16680.4	Protein_PB.16680.4	CACNB1	CACNB1	full-splice_match	YES	61.31	57.87	253.79
PB.16680.5	Protein_PB.16680.5	CACNB1	CACNB1	novel_not_in_catalog	YES	38.01	31.97	23.87
PB.16680.6	Protein_PB.16680.6	CACNB1	CACNB1	novel_not_in_catalog	YES	36.78	44.92	26.98
PB.16680.7	Protein_PB.16680.7	CACNB1	CACNB1	novel_not_in_catalog	YES	409.85	367.09	465.67
PB.16680.8	Protein_PB.16680.8	CACNB1	CACNB1	novel_not_in_catalog	YES	110.68	85.56	167.8
PB.16680.9	Protein_PB.16680.9	CACNB1	CACNB1	novel_not_in_catalog	YES	477.74	399.73	555.64
PB.16684.3	Protein_PB.16684.3	PLXDC1	PLXDC1	full-splice_match	YES	101.27	67.01	62.0
PB.16689.1	Protein_PB.16689.1	RPL23	RPL23	full-splice_match	YES	7196.68	7308.27	9111.34
PB.16693.6	Protein_PB.16693.6	CWC25	CWC25	full-splice_match	YES	48.06	38.34	51.6
PB.16694.1	Protein_PB.16694.1	PIP4K2B	PIP4K2B	full-splice_match	YES	1318.56	1223.23	1317.68
PB.16694.2	Protein_PB.16694.2	PIP4K2B	PIP4K2B	full-splice_match	YES	20.77	6.21	7.93
PB.16699.1	Protein_PB.16699.1	SRCIN1	SRCIN1	novel_in_catalog	YES	17.23	57.32	59.36
PB.16701.2	Protein_PB.16701.2	NPEPPS	NPEPPS	full-splice_match	YES	490.68	532.27	403.71
PB.16701.3	Protein_PB.16701.3	NPEPPS	NPEPPS	incomplete-splice_match	YES	171.2	158.7	162.07
PB.16705.1	Protein_PB.16705.1	KPNB1	KPNB1	full-splice_match	YES	361.4	313.1	331.29
PB.16705.2	Protein_PB.16705.2	KPNB1	KPNB1	incomplete-splice_match	YES	480.32	468.09	407.7
PB.16705.3	Protein_PB.16705.3	KPNB1	KPNB1	incomplete-splice_match	YES	113.4	119.6	75.35
PB.16705.4	Protein_PB.16705.4	KPNB1	KPNB1	incomplete-splice_match	YES	398.14	407.37	354.73
PB.16709.1	Protein_PB.16709.1	SP2	SP2	full-splice_match	YES	17.02	14.32	20.87
PB.16710.1	Protein_PB.16710.1	PNPO	PNPO	novel_not_in_catalog	YES	49.26	62.31	44.57
PB.16710.11		PNPO	PNPO	novel_not_in_catalog	NO	34.56	44.25	63.63
PB.16710.12	Protein_PB.16710.12	PNPO	PNPO	novel_not_in_catalog	YES	34.41	72.25	64.67
PB.16710.14	Protein_PB.16710.14	PNPO	PNPO	novel_not_in_catalog	YES	24.02	41.5	54.43
PB.16710.15	Protein_PB.16710.15	PNPO	PNPO	novel_not_in_catalog	YES	4.08	71.11	14.35
PB.16710.16	Protein_PB.16710.16	PNPO	PNPO	novel_not_in_catalog	YES	14.08	45.82	16.56
PB.16710.17	Protein_PB.16710.17	PNPO	PNPO	novel_not_in_catalog	YES	113.01	231.25	132.09
PB.16710.18	Protein_PB.16710.18	PNPO	PNPO	novel_not_in_catalog	YES	7.45	1.71	20.26
PB.16710.2	Protein_PB.16710.2	PNPO	PNPO	full-splice_match	YES	483.85	647.73	317.65
PB.16710.20	Protein_PB.16710.20	PNPO	PNPO	novel_not_in_catalog	YES	36.06	22.49	24.36
PB.16710.21	Protein_PB.16710.21	PNPO	PNPO	novel_not_in_catalog	YES	116.49	150.61	41.69
PB.16710.22		PNPO	PNPO	novel_not_in_catalog	NO	26.71	44.48	33.71
PB.16710.3	Protein_PB.16710.3	PNPO	PNPO	full-splice_match	YES	15.62	19.36	35.94
PB.16711.7	Protein_PB.16711.7	CDK5RAP3	CDK5RAP3	full-splice_match	YES	129.0	137.44	160.02
PB.16712.1	Protein_PB.16712.1	NFE2L1	NFE2L1	full-splice_match	YES	225.4	217.24	259.22
PB.16712.2	Protein_PB.16712.2	NFE2L1	NFE2L1	novel_not_in_catalog	YES	1044.92	1152.23	1182.97
PB.16712.3	Protein_PB.16712.3	NFE2L1	NFE2L1	full-splice_match	YES	719.36	819.45	845.95
PB.16712.4	Protein_PB.16712.4	NFE2L1	NFE2L1	full-splice_match	YES	674.39	847.44	1216.37
PB.16712.5	Protein_PB.16712.5	NFE2L1	NFE2L1	full-splice_match	YES	1879.38	2385.71	1682.23
PB.16712.6	Protein_PB.16712.6	NFE2L1	NFE2L1	novel_not_in_catalog	YES	874.86	1096.97	1006.71
PB.16713.1	Protein_PB.16713.1	SNX11	SNX11	full-splice_match	YES	30.3	52.83	34.9
PB.16718.1	Protein_PB.16718.1	CALCOCO2	CALCOCO2	full-splice_match	YES	1705.1	1647.13	2051.7
PB.16718.11	Protein_PB.16718.11	CALCOCO2	CALCOCO2	novel_in_catalog	YES	14.53	22.01	13.15
PB.16718.12	Protein_PB.16718.12	CALCOCO2	CALCOCO2	incomplete-splice_match	YES	196.61	105.0	180.05
PB.16718.5	Protein_PB.16718.5	CALCOCO2	CALCOCO2	incomplete-splice_match	YES	138.02	82.35	133.05
PB.16718.9	Protein_PB.16718.9	CALCOCO2	CALCOCO2	novel_not_in_catalog	YES	23.48	15.33	75.61
PB.16720.1	Protein_PB.16720.1	ATP5MC1	ATP5MC1	full-splice_match	YES	9.95	27.32	13.32
PB.16720.2	Protein_PB.16720.2	ATP5MC1	ATP5MC1	full-splice_match	YES	564.95	695.08	424.44
PB.16720.6	Protein_PB.16720.6	ATP5MC1	ATP5MC1	full-splice_match	YES	3450.1	4053.47	2130.46
PB.16720.7		ATP5MC1	ATP5MC1	novel_in_catalog	NO	18.97	10.97	14.82
PB.16721.1	Protein_PB.16721.1	UBE2Z	UBE2Z	full-splice_match	YES	71.34	88.12	107.88
PB.16721.3	Protein_PB.16721.3	UBE2Z	UBE2Z	incomplete-splice_match	YES	245.94	246.66	268.19
PB.16726.1	Protein_PB.16726.1	NGFR	NGFR	full-splice_match	YES	36.09	20.14	19.0
PB.16728.1	Protein_PB.16728.1	KAT7	KAT7	full-splice_match	YES	37.83	33.72	45.21
PB.16728.13	Protein_PB.16728.13	KAT7	KAT7	full-splice_match	YES	13.55	11.63	18.91
PB.16728.6	Protein_PB.16728.6	KAT7	KAT7	novel_not_in_catalog	YES	31.35	13.31	36.05
PB.16728.9	Protein_PB.16728.9	KAT7	KAT7	novel_not_in_catalog	YES	5.64	17.01	8.57
PB.16732.3	Protein_PB.16732.3	ITGA3	ITGA3	full-splice_match	YES	41.97	33.95	42.35
PB.16733.1	Protein_PB.16733.1	PDK2	PDK2	full-splice_match	YES	44.42	65.16	17.01
PB.16733.2	Protein_PB.16733.2	PDK2	PDK2	full-splice_match	YES	611.88	755.44	437.95
PB.16733.7	Protein_PB.16733.7	PDK2	PDK2	novel_not_in_catalog	YES	15.23	33.69	12.56
PB.16734.1	Protein_PB.16734.1	SGCA	SGCA	full-splice_match	YES	899.51	1062.02	1655.0
PB.16738.1	Protein_PB.16738.1	XYLT2	XYLT2	full-splice_match	YES	87.9	75.45	109.77
PB.16740.1	Protein_PB.16740.1	RSAD1_ACSF2	RSAD1_ACSF2	full-splice_match	YES	66.67	58.19	25.71
PB.16740.12	Protein_PB.16740.12	RSAD1	RSAD1	full-splice_match	YES	55.37	43.67	22.74
PB.16740.13	Protein_PB.16740.13	RSAD1	RSAD1	incomplete-splice_match	YES	39.54	35.48	21.35
PB.16740.3	Protein_PB.16740.3	RSAD1_ACSF2	RSAD1_ACSF2	fusion	YES	40.39	19.83	17.18
PB.16744.2	Protein_PB.16744.2	SPATA20	SPATA20	novel_in_catalog	YES	7.67	16.87	26.44
PB.16744.4	Protein_PB.16744.4	SPATA20	SPATA20	full-splice_match	YES	238.11	200.34	247.05
PB.16744.6	Protein_PB.16744.6	SPATA20	SPATA20	full-splice_match	YES	75.6	59.72	38.69
PB.16744.7	Protein_PB.16744.7	SPATA20	SPATA20	full-splice_match	YES	21.86	12.78	33.86
PB.16744.8	Protein_PB.16744.8	SPATA20	SPATA20	full-splice_match	YES	15.16	33.29	47.02
PB.16747.14	Protein_PB.16747.14	LUC7L3	LUC7L3	full-splice_match	YES	39.03	33.54	62.77
PB.16747.15	Protein_PB.16747.15	LUC7L3	LUC7L3	full-splice_match	YES	15.25	14.0	21.74
PB.16747.3	Protein_PB.16747.3	LUC7L3	LUC7L3	full-splice_match	YES	82.01	60.39	95.63
PB.16749.1	Protein_PB.16749.1	WFIKKN2	WFIKKN2	novel_not_in_catalog	YES	41.8	25.65	24.01
PB.16749.2	Protein_PB.16749.2	WFIKKN2	WFIKKN2	full-splice_match	YES	20.66	17.77	30.12
PB.16751.1	Protein_PB.16751.1	LOC113265643	LOC113265643	full-splice_match	YES	25.38	19.6	31.93
PB.16751.2	Protein_PB.16751.2	LOC113265643	LOC113265643	full-splice_match	YES	16.0	21.45	14.62
PB.16752.1	Protein_PB.16752.1	NME2	NME2	full-splice_match	YES	162.0	159.42	148.2
PB.16752.2	Protein_PB.16752.2	NME2	NME2	full-splice_match	YES	487.09	514.03	520.17
PB.16753.11	Protein_PB.16753.11	UTP18	UTP18	full-splice_match	YES	244.27	228.05	260.12
PB.16753.4	Protein_PB.16753.4	UTP18	UTP18	novel_not_in_catalog	YES	27.43	33.33	63.78
PB.16760.1	Protein_PB.16760.1	HLF	HLF	full-splice_match	YES	34.43	13.2	45.9
PB.16765.13	Protein_PB.16765.13	GPRC5C	GPRC5C	full-splice_match	YES	50.54	62.92	33.85
PB.16765.14	Protein_PB.16765.14	GPRC5C	GPRC5C	novel_not_in_catalog	YES	280.1	302.46	266.62
PB.16765.2	Protein_PB.16765.2	GPRC5C	GPRC5C	full-splice_match	YES	32.72	48.22	29.41
PB.16765.4	Protein_PB.16765.4	GPRC5C	GPRC5C	full-splice_match	YES	21.31	16.51	59.25
PB.16765.5	Protein_PB.16765.5	GPRC5C	GPRC5C	full-splice_match	YES	23.35	23.55	21.76
PB.16765.7	Protein_PB.16765.7	GPRC5C	GPRC5C	full-splice_match	YES	41.67	79.63	65.34
PB.16769.1	Protein_PB.16769.1	TTYH2	TTYH2	full-splice_match	YES	392.07	362.61	367.72
PB.1677.4	Protein_PB.1677.4	CDCA7L	CDCA7L	full-splice_match	YES	24.81	34.61	11.41
PB.16770.1		RPL38	RPL38	full-splice_match	NO	278.15	269.79	235.43
PB.16770.2		RPL38	RPL38	full-splice_match	NO	196.43	191.64	354.54
PB.16770.3	Protein_PB.16770.3	RPL38	RPL38	full-splice_match	YES	1111.92	1164.11	1672.21
PB.16773.11	Protein_PB.16773.11	CUNH17orf80	CUNH17orf80	novel_not_in_catalog	YES	38.75	43.74	25.21
PB.16773.13	Protein_PB.16773.13	CUNH17orf80	CUNH17orf80	novel_not_in_catalog	YES	15.33	26.99	28.29
PB.16773.3	Protein_PB.16773.3	CUNH17orf80	CUNH17orf80	novel_not_in_catalog	YES	11.27	8.78	21.09
PB.16773.4	Protein_PB.16773.4	CUNH17orf80	CUNH17orf80	novel_not_in_catalog	YES	25.09	26.5	13.24
PB.16774.17	Protein_PB.16774.17	COG1	COG1	novel_not_in_catalog	YES	136.29	145.75	124.03
PB.16774.20	Protein_PB.16774.20	COG1	COG1	novel_not_in_catalog	YES	25.69	29.22	25.46
PB.16774.5	Protein_PB.16774.5	COG1	COG1	novel_in_catalog	YES	33.98	22.99	60.87
PB.16779.1	Protein_PB.16779.1	KCNJ2	KCNJ2	full-splice_match	YES	363.19	430.99	516.51
PB.16779.2	Protein_PB.16779.2	KCNJ2	KCNJ2	novel_not_in_catalog	YES	93.32	84.45	129.78
PB.1678.4	Protein_PB.1678.4	RAPGEF5	RAPGEF5	full-splice_match	YES	24.65	20.25	30.43
PB.1678.5	Protein_PB.1678.5	RAPGEF5	RAPGEF5	incomplete-splice_match	YES	52.36	60.33	59.5
PB.1678.6	Protein_PB.1678.6	RAPGEF5	RAPGEF5	novel_in_catalog	YES	32.01	24.27	21.66
PB.16782.1	Protein_PB.16782.1	MAP2K6	MAP2K6	full-splice_match	YES	260.01	258.72	183.51
PB.16783.1	Protein_PB.16783.1	PRKAR1A	PRKAR1A	full-splice_match	YES	88.78	65.63	82.87
PB.16783.3		PRKAR1A	PRKAR1A	novel_not_in_catalog	NO	133.65	132.23	180.1
PB.16783.4	Protein_PB.16783.4	PRKAR1A	PRKAR1A	novel_not_in_catalog	YES	69.69	125.93	180.45
PB.16783.5	Protein_PB.16783.5	PRKAR1A	PRKAR1A	novel_in_catalog	YES	49.2	40.09	47.22
PB.16783.6	Protein_PB.16783.6	PRKAR1A	PRKAR1A	full-splice_match	YES	302.59	227.13	293.63
PB.16783.7	Protein_PB.16783.7	PRKAR1A	PRKAR1A	full-splice_match	YES	421.24	371.88	444.19
PB.16784.11	Protein_PB.16784.11	ARSG	ARSG	full-splice_match	YES	14.95	16.52	12.46
PB.16785.2	Protein_PB.16785.2	AMZ2	AMZ2	full-splice_match	YES	57.97	60.06	65.22
PB.16785.3	Protein_PB.16785.3	AMZ2	AMZ2	full-splice_match	YES	21.3	19.47	21.98
PB.16785.5	Protein_PB.16785.5	AMZ2	AMZ2	full-splice_match	YES	222.18	233.15	202.19
PB.16787.1	Protein_PB.16787.1	GNA13	GNA13	full-splice_match	YES	181.61	178.34	174.93
PB.16787.2	Protein_PB.16787.2	GNA13	GNA13	novel_not_in_catalog	YES	94.08	38.68	86.72
PB.16787.3	Protein_PB.16787.3	GNA13	GNA13	novel_not_in_catalog	YES	132.99	128.19	138.72
PB.16788.1	Protein_PB.16788.1	AXIN2	AXIN2	full-splice_match	YES	50.18	55.73	79.89
PB.16789.6	Protein_PB.16789.6	CEP112	CEP112	novel_not_in_catalog	YES	40.2	21.38	6.76
PB.16793.3	Protein_PB.16793.3	HELZ	HELZ	full-splice_match	YES	87.18	86.24	79.51
PB.16793.4	Protein_PB.16793.4	HELZ	HELZ	full-splice_match	YES	64.11	113.5	103.46
PB.16793.5	Protein_PB.16793.5	HELZ	HELZ	full-splice_match	YES	260.65	112.08	172.28
PB.16793.6	Protein_PB.16793.6	HELZ	HELZ	novel_in_catalog	YES	21.21	39.72	47.42
PB.16793.7	Protein_PB.16793.7	HELZ	HELZ	incomplete-splice_match	YES	25.66	44.83	27.68
PB.16795.2	Protein_PB.16795.2	PSMD12	PSMD12	full-splice_match	YES	1267.43	1439.89	1265.08
PB.16796.1	Protein_PB.16796.1	CUNH17orf58	CUNH17orf58	full-splice_match	YES	22.8	12.78	16.8
PB.16798.1	Protein_PB.16798.1	CEP95	CEP95	novel_in_catalog	YES	36.89	10.36	31.02
PB.16798.10	Protein_PB.16798.10	CEP95	CEP95	novel_not_in_catalog	YES	21.85	33.84	34.46
PB.16798.12	Protein_PB.16798.12	CEP95	CEP95	novel_not_in_catalog	YES	4.59	2.84	17.53
PB.16798.2	Protein_PB.16798.2	CEP95	CEP95	full-splice_match	YES	10.55	18.18	24.7
PB.16798.3	Protein_PB.16798.3	CEP95	CEP95	full-splice_match	YES	11.9	0.18	23.46
PB.16798.4	Protein_PB.16798.4	CEP95	CEP95	novel_not_in_catalog	YES	14.98	22.89	21.89
PB.16798.5	Protein_PB.16798.5	CEP95	CEP95	novel_not_in_catalog	YES	24.15	17.85	15.52
PB.16798.6	Protein_PB.16798.6	CEP95	CEP95	novel_not_in_catalog	YES	90.23	79.1	59.24
PB.16798.8	Protein_PB.16798.8	CEP95	CEP95	novel_not_in_catalog	YES	18.12	58.76	33.59
PB.168.1	Protein_PB.168.1	NRIP1	NRIP1	full-splice_match	YES	949.66	556.24	759.09
PB.1680.1		TOMM7	TOMM7	full-splice_match	NO	439.64	509.9	473.91
PB.1680.2		TOMM7	TOMM7	novel_in_catalog	NO	227.35	246.76	303.26
PB.16800.1		novelGene_1953	novelGene_1953	intergenic	NO	18.15	25.18	11.55
PB.16806.1	Protein_PB.16806.1	PSMC5	PSMC5	full-splice_match	YES	586.34	605.95	599.25
PB.16806.2	Protein_PB.16806.2	PSMC5	PSMC5	full-splice_match	YES	66.26	46.93	79.86
PB.16807.1	Protein_PB.16807.1	DDX42	DDX42	novel_in_catalog	YES	127.89	106.81	162.3
PB.16807.2	Protein_PB.16807.2	DDX42	DDX42	full-splice_match	YES	35.61	27.25	49.66
PB.16807.5	Protein_PB.16807.5	DDX42	DDX42	full-splice_match	YES	257.03	356.43	341.47
PB.16807.6	Protein_PB.16807.6	DDX42	DDX42	incomplete-splice_match	YES	57.04	42.81	34.67
PB.16809.1	Protein_PB.16809.1	MAP3K3	MAP3K3	incomplete-splice_match	YES	125.77	132.89	94.84
PB.16809.2	Protein_PB.16809.2	MAP3K3	MAP3K3	full-splice_match	YES	106.75	100.09	90.57
PB.16809.3	Protein_PB.16809.3	MAP3K3	MAP3K3	full-splice_match	YES	38.93	44.11	60.38
PB.16810.1	Protein_PB.16810.1	LOC113265291	LOC113265291	novel_not_in_catalog	YES	145.71	144.84	83.26
PB.16810.2	Protein_PB.16810.2	LOC113265291	LOC113265291	full-splice_match	YES	151.18	167.86	182.54
PB.16810.3	Protein_PB.16810.3	LOC113265291	LOC113265291	novel_in_catalog	YES	15.07	25.94	13.44
PB.16810.5	Protein_PB.16810.5	LOC113265291	LOC113265291	incomplete-splice_match	YES	18.99	9.74	9.41
PB.16810.6	Protein_PB.16810.6	LOC113265291	LOC113265291	novel_not_in_catalog	YES	244.94	258.21	184.07
PB.16811.1	Protein_PB.16811.1	DCAF7	DCAF7	full-splice_match	YES	95.68	101.66	142.39
PB.16811.2	Protein_PB.16811.2	DCAF7	DCAF7	full-splice_match	YES	136.35	122.77	84.52
PB.16814.1	Protein_PB.16814.1	LOC113265295	LOC113265295	full-splice_match	YES	21.6	17.49	15.67
PB.16814.4	Protein_PB.16814.4	LOC113265295	LOC113265295	full-splice_match	YES	23.3	9.54	42.45
PB.16816.12	Protein_PB.16816.12	TANC2	TANC2	full-splice_match	YES	4.94	40.24	32.29
PB.16816.9	Protein_PB.16816.9	TANC2	TANC2	full-splice_match	YES	38.09	9.79	3.05
PB.16817.1	Protein_PB.16817.1	MRC2	MRC2	full-splice_match	YES	163.77	97.7	103.77
PB.16817.2	Protein_PB.16817.2	MRC2	MRC2	full-splice_match	YES	90.07	23.33	29.14
PB.16818.2	Protein_PB.16818.2	TLK2	TLK2	full-splice_match	YES	160.9	230.74	226.89
PB.16818.3	Protein_PB.16818.3	TLK2	TLK2	full-splice_match	YES	52.94	36.6	74.06
PB.16818.4	Protein_PB.16818.4	TLK2	TLK2	full-splice_match	YES	190.35	134.36	198.6
PB.16819.5	Protein_PB.16819.5	METTL2A	METTL2A	full-splice_match	YES	45.93	58.19	48.47
PB.16823.1	Protein_PB.16823.1	ITGB3	ITGB3	full-splice_match	YES	48.13	28.12	47.37
PB.16826.1	Protein_PB.16826.1	MAPT	MAPT	full-splice_match	YES	24.02	17.09	10.21
PB.16826.11	Protein_PB.16826.11	MAPT	MAPT	full-splice_match	YES	10.29	25.97	20.21
PB.16826.14	Protein_PB.16826.14	MAPT	MAPT	full-splice_match	YES	21.2	16.32	3.94
PB.16826.16	Protein_PB.16826.16	MAPT	MAPT	full-splice_match	YES	19.63	15.77	15.34
PB.16826.9	Protein_PB.16826.9	MAPT	MAPT	novel_not_in_catalog	YES	203.3	209.75	167.41
PB.16829.1	Protein_PB.16829.1	LOC113265314	LOC113265314	full-splice_match	YES	93.56	76.67	66.38
PB.16834.7	Protein_PB.16834.7	FMNL1	FMNL1	full-splice_match	YES	26.42	16.9	9.1
PB.16836.1	Protein_PB.16836.1	HEXIM1	HEXIM1	full-splice_match	YES	31.12	21.62	25.25
PB.16836.2	Protein_PB.16836.2	HEXIM1	HEXIM1	full-splice_match	YES	228.36	202.0	306.85
PB.16838.1	Protein_PB.16838.1	NMT1	NMT1	full-splice_match	YES	552.68	626.21	508.97
PB.1684.1	Protein_PB.1684.1	FAM126A	FAM126A	full-splice_match	YES	115.18	107.27	107.2
PB.1684.3	Protein_PB.1684.3	FAM126A	FAM126A	full-splice_match	YES	49.61	41.71	55.76
PB.16849.22	Protein_PB.16849.22	GRN	GRN	full-splice_match	YES	139.02	145.7	138.16
PB.16849.23	Protein_PB.16849.23	GRN	GRN	full-splice_match	YES	38.16	37.98	20.87
PB.16853.1	Protein_PB.16853.1	TMUB2	TMUB2	full-splice_match	YES	26.18	19.59	12.89
PB.16853.3	Protein_PB.16853.3	TMUB2	TMUB2	full-splice_match	YES	25.19	23.92	33.83
PB.16853.4	Protein_PB.16853.4	TMUB2	TMUB2	full-splice_match	YES	12.78	20.39	29.09
PB.16854.1	Protein_PB.16854.1	ASB16	ASB16	full-splice_match	YES	269.92	244.17	265.39
PB.16860.11	Protein_PB.16860.11	CD300LG	CD300LG	full-splice_match	YES	25.45	13.58	4.3
PB.16860.6	Protein_PB.16860.6	CD300LG	CD300LG	novel_not_in_catalog	YES	21.15	14.72	7.16
PB.16863.3	Protein_PB.16863.3	DHX8	DHX8	full-splice_match	YES	149.34	163.63	159.72
PB.16863.4	Protein_PB.16863.4	DHX8	DHX8	novel_not_in_catalog	YES	31.83	6.48	27.94
PB.16863.6	Protein_PB.16863.6	DHX8	DHX8	novel_in_catalog	YES	14.46	25.32	17.05
PB.16866.1	Protein_PB.16866.1	NBR1	NBR1	full-splice_match	YES	2305.79	2764.72	2340.12
PB.16866.15	Protein_PB.16866.15	NBR1	NBR1	novel_not_in_catalog	YES	38.44	74.32	18.52
PB.16866.2	Protein_PB.16866.2	NBR1	NBR1	full-splice_match	YES	58.21	74.43	60.76
PB.16866.3	Protein_PB.16866.3	NBR1	NBR1	full-splice_match	YES	13.9	40.61	34.48
PB.16866.4	Protein_PB.16866.4	NBR1	NBR1	full-splice_match	YES	249.66	282.27	122.07
PB.16866.5	Protein_PB.16866.5	NBR1	NBR1	full-splice_match	YES	11.87	23.08	4.54
PB.16866.8	Protein_PB.16866.8	NBR1	NBR1	novel_not_in_catalog	YES	24.59	47.98	36.72
PB.16869.1	Protein_PB.16869.1	RPL27	RPL27	full-splice_match	YES	3298.54	3484.26	4171.03
PB.1687.1	Protein_PB.1687.1	TRA2A	TRA2A	full-splice_match	YES	23.02	27.28	14.91
PB.1687.10	Protein_PB.1687.10	TRA2A	TRA2A	novel_not_in_catalog	YES	11.54	5.24	35.38
PB.1687.20		TRA2A	TRA2A	novel_not_in_catalog	NO	22.5	14.33	22.01
PB.16870.1	Protein_PB.16870.1	RUNDC1	RUNDC1	full-splice_match	YES	25.4	26.74	37.87
PB.16870.2	Protein_PB.16870.2	RUNDC1	RUNDC1	incomplete-splice_match	YES	12.19	17.84	18.27
PB.16872.3	Protein_PB.16872.3	PSME3_AOC2	PSME3_AOC2	full-splice_match	YES	174.31	223.15	197.94
PB.16872.4	Protein_PB.16872.4	PSME3	PSME3	novel_in_catalog	YES	59.81	40.5	40.45
PB.16875.2	Protein_PB.16875.2	VPS25	VPS25	full-splice_match	YES	121.71	125.57	110.2
PB.16875.9	Protein_PB.16875.9	RAMP2	RAMP2	full-splice_match	YES	80.31	56.76	77.65
PB.16878.1	Protein_PB.16878.1	LOC113265410	LOC113265410	full-splice_match	YES	17.1	12.55	23.76
PB.16879.1	Protein_PB.16879.1	LOC113265411	LOC113265411	full-splice_match	YES	317.06	313.21	377.02
PB.16880.4	Protein_PB.16880.4	MLX	MLX	full-splice_match	YES	104.79	130.29	91.99
PB.16880.5	Protein_PB.16880.5	MLX	MLX	full-splice_match	YES	80.54	79.25	40.67
PB.16880.6	Protein_PB.16880.6	MLX	MLX	full-splice_match	YES	54.56	35.44	47.26
PB.16880.7	Protein_PB.16880.7	MLX	MLX	full-splice_match	YES	17.09	26.55	11.85
PB.16880.9	Protein_PB.16880.9	MLX	MLX	full-splice_match	YES	90.9	104.07	78.92
PB.16881.15	Protein_PB.16881.15	COASY	COASY	novel_not_in_catalog	YES	14.46	19.83	17.52
PB.16881.2	Protein_PB.16881.2	COASY	COASY	full-splice_match	YES	27.01	17.81	15.84
PB.16881.23	Protein_PB.16881.23	COASY	COASY	novel_in_catalog	YES	39.39	50.39	23.88
PB.16881.9	Protein_PB.16881.9	COASY	COASY	novel_not_in_catalog	YES	23.45	29.7	41.17
PB.16883.1	Protein_PB.16883.1	NAGLU	NAGLU	full-splice_match	YES	18.33	11.24	8.84
PB.16883.2	Protein_PB.16883.2	NAGLU	NAGLU	incomplete-splice_match	YES	37.18	29.31	32.85
PB.16884.19	Protein_PB.16884.19	ATP6V0A1	ATP6V0A1	novel_not_in_catalog	YES	32.25	62.55	51.28
PB.16884.23	Protein_PB.16884.23	ATP6V0A1	ATP6V0A1	novel_not_in_catalog	YES	18.35	0.25	21.61
PB.16884.3	Protein_PB.16884.3	ATP6V0A1	ATP6V0A1	full-splice_match	YES	23.86	86.41	21.71
PB.16884.4	Protein_PB.16884.4	ATP6V0A1	ATP6V0A1	full-splice_match	YES	173.01	180.22	167.18
PB.16884.9	Protein_PB.16884.9	ATP6V0A1	ATP6V0A1	novel_in_catalog	YES	28.32	21.62	29.85
PB.16885.2	Protein_PB.16885.2	STAT5A	STAT5A	full-splice_match	YES	241.63	171.41	165.76
PB.16887.1	Protein_PB.16887.1	NKIRAS2	NKIRAS2	full-splice_match	YES	244.84	200.76	203.15
PB.16887.3		NKIRAS2	NKIRAS2	novel_not_in_catalog	NO	14.19	57.9	38.29
PB.16888.3	Protein_PB.16888.3	CNP	CNP	full-splice_match	YES	396.78	334.4	365.65
PB.16891.1	Protein_PB.16891.1	FKBP10	FKBP10	full-splice_match	YES	69.79	27.84	45.43
PB.16893.1	Protein_PB.16893.1	EIF1	EIF1	full-splice_match	YES	1589.5	1573.12	1987.02
PB.16893.4		EIF1	EIF1	novel_in_catalog	NO	17.49	10.48	13.15
PB.16903.1	Protein_PB.16903.1	IGFBP4	IGFBP4	full-splice_match	YES	139.38	53.43	145.08
PB.16904.3	Protein_PB.16904.3	RARA	RARA	full-splice_match	YES	22.32	9.23	21.3
PB.16904.5	Protein_PB.16904.5	RARA	RARA	full-splice_match	YES	58.17	37.65	61.24
PB.16904.6	Protein_PB.16904.6	RARA	RARA	full-splice_match	YES	7.31	10.91	16.8
PB.16905.4	Protein_PB.16905.4	WIPF2	WIPF2	full-splice_match	YES	51.46	43.88	72.86
PB.16906.2	Protein_PB.16906.2	RAPGEFL1	RAPGEFL1	incomplete-splice_match	YES	20.22	21.42	22.91
PB.16907.3	Protein_PB.16907.3	CASC3	CASC3	full-splice_match	YES	232.76	202.0	286.09
PB.16908.1	Protein_PB.16908.1	MSL1	MSL1	full-splice_match	YES	144.4	145.17	207.67
PB.16908.2	Protein_PB.16908.2	MSL1	MSL1	full-splice_match	YES	29.05	27.51	17.84
PB.16909.1	Protein_PB.16909.1	THRA	THRA	full-splice_match	YES	486.85	492.8	416.04
PB.16909.2	Protein_PB.16909.2	THRA	THRA	full-splice_match	YES	295.8	337.42	529.8
PB.16911.3	Protein_PB.16911.3	PSMD3	PSMD3	full-splice_match	YES	768.33	851.57	816.68
PB.16916.1	Protein_PB.16916.1	ERBB2	ERBB2	full-splice_match	YES	64.39	99.58	128.57
PB.16916.2	Protein_PB.16916.2	ERBB2	ERBB2	full-splice_match	YES	59.23	64.4	51.45
PB.16916.3	Protein_PB.16916.3	ERBB2	ERBB2	full-splice_match	YES	78.96	38.41	87.0
PB.16916.4	Protein_PB.16916.4	ERBB2	ERBB2	novel_in_catalog	YES	115.74	143.62	141.99
PB.16916.5	Protein_PB.16916.5	ERBB2	ERBB2	novel_not_in_catalog	YES	75.67	80.29	215.66
PB.16916.7	Protein_PB.16916.7	ERBB2	ERBB2	novel_not_in_catalog	YES	0.0	0.0	62.18
PB.16918.1	Protein_PB.16918.1	PNMT	PNMT	full-splice_match	YES	18.95	39.25	12.88
PB.16919.1	Protein_PB.16919.1	TCAP	TCAP	full-splice_match	YES	30222.18	48135.77	22372.8
PB.16920.6	Protein_PB.16920.6	STARD3	STARD3	full-splice_match	YES	39.3	26.82	30.4
PB.16922.14	Protein_PB.16922.14	CDK12	CDK12	full-splice_match	YES	7.43	9.28	27.31
PB.16922.18	Protein_PB.16922.18	CDK12	CDK12	full-splice_match	YES	50.79	61.03	51.8
PB.16922.20	Protein_PB.16922.20	CDK12	CDK12	full-splice_match	YES	25.28	20.76	35.88
PB.16922.21	Protein_PB.16922.21	CDK12	CDK12	full-splice_match	YES	41.45	41.89	40.45
PB.16922.23	Protein_PB.16922.23	CDK12	CDK12	incomplete-splice_match	YES	13.44	8.38	21.51
PB.16922.8	Protein_PB.16922.8	CDK12	CDK12	full-splice_match	YES	7.12	5.87	22.51
PB.16924.1	Protein_PB.16924.1	RPL19	RPL19	full-splice_match	YES	5591.86	5984.62	7038.71
PB.16927.1	Protein_PB.16927.1	LASP1	LASP1	full-splice_match	YES	219.94	148.38	166.0
PB.16927.2	Protein_PB.16927.2	LASP1	LASP1	novel_not_in_catalog	YES	30.05	5.92	16.54
PB.16929.2	Protein_PB.16929.2	PSMB3	PSMB3	full-splice_match	YES	369.71	434.84	405.63
PB.1693.1	Protein_PB.1693.1	OSBPL3	OSBPL3	full-splice_match	YES	22.8	17.87	11.38
PB.16930.1	Protein_PB.16930.1	CISD3	CISD3	full-splice_match	YES	187.56	217.86	137.46
PB.16931.1	Protein_PB.16931.1	MLLT6	MLLT6	novel_in_catalog	YES	383.21	419.49	538.43
PB.16933.1	Protein_PB.16933.1	ARHGAP23	ARHGAP23	full-splice_match	YES	19.31	8.99	14.19
PB.16934.1	Protein_PB.16934.1	SOCS7	SOCS7	full-splice_match	YES	12.91	29.45	80.13
PB.16934.3	Protein_PB.16934.3	SOCS7	SOCS7	full-splice_match	YES	94.81	75.1	55.09
PB.16935.1	Protein_PB.16935.1	MRPL45	MRPL45	full-splice_match	YES	888.96	1028.6	720.58
PB.16935.2	Protein_PB.16935.2	MRPL45	MRPL45	novel_in_catalog	YES	26.51	21.83	20.98
PB.16936.1	Protein_PB.16936.1	OSBPL7	OSBPL7	full-splice_match	YES	28.23	18.04	19.35
PB.16936.3	Protein_PB.16936.3	OSBPL7	OSBPL7	full-splice_match	YES	10.44	7.72	16.43
PB.16937.2	Protein_PB.16937.2	MRPL10	MRPL10	full-splice_match	YES	210.83	206.68	194.61
PB.16938.3	Protein_PB.16938.3	SCRN2	SCRN2	full-splice_match	YES	55.94	56.3	46.07
PB.16940.1		LOC113265561	LOC113265561	full-splice_match	NO	19.11	30.94	33.53
PB.16943.1	Protein_PB.16943.1	COPZ2	COPZ2	full-splice_match	YES	94.09	114.14	90.98
PB.16943.2	Protein_PB.16943.2	COPZ2	COPZ2	incomplete-splice_match	YES	93.84	86.8	71.27
PB.16944.5	Protein_PB.16944.5	CBX1	CBX1	full-splice_match	YES	196.79	219.71	128.38
PB.1695.1		LOC113261686	LOC113261686	full-splice_match	NO	16.24	26.96	31.76
PB.16953.1	Protein_PB.16953.1	HOXB7	HOXB7	full-splice_match	YES	19.14	11.68	15.7
PB.16959.1	Protein_PB.16959.1	SNF8	SNF8	full-splice_match	YES	244.15	259.9	203.59
PB.1696.1	Protein_PB.1696.1	LOC113261698	LOC113261698	full-splice_match	YES	1023.54	1139.75	610.31
PB.1696.2	Protein_PB.1696.2	LOC113261698	LOC113261698	full-splice_match	YES	97.51	102.92	54.43
PB.1696.3	Protein_PB.1696.3	LOC113261698	LOC113261698	novel_not_in_catalog	YES	2065.68	2387.29	1227.95
PB.16962.2	Protein_PB.16962.2	GNGT2	GNGT2	full-splice_match	YES	20.28	7.95	10.0
PB.16963.1	Protein_PB.16963.1	PHOSPHO1	PHOSPHO1	full-splice_match	YES	37.35	29.21	10.42
PB.16963.2	Protein_PB.16963.2	PHOSPHO1	PHOSPHO1	full-splice_match	YES	75.48	51.97	16.89
PB.16963.3	Protein_PB.16963.3	PHOSPHO1	PHOSPHO1	full-splice_match	YES	13.36	22.56	1.7
PB.16963.5	Protein_PB.16963.5	PHOSPHO1	PHOSPHO1	full-splice_match	YES	163.39	127.15	40.3
PB.16963.6	Protein_PB.16963.6	PHOSPHO1	PHOSPHO1	full-splice_match	YES	57.01	34.2	10.97
PB.16964.1	Protein_PB.16964.1	ZNF652	ZNF652	full-splice_match	YES	85.69	131.38	157.0
PB.16964.3	Protein_PB.16964.3	ZNF652	ZNF652	full-splice_match	YES	136.93	56.52	106.42
PB.16965.1	Protein_PB.16965.1	PHB	PHB	full-splice_match	YES	691.59	716.01	630.19
PB.16966.1	Protein_PB.16966.1	SPOP	SPOP	full-splice_match	YES	189.25	218.42	119.4
PB.16966.2	Protein_PB.16966.2	SPOP	SPOP	full-splice_match	YES	200.91	235.07	168.14
PB.16967.3	Protein_PB.16967.3	SLC35B1	SLC35B1	novel_in_catalog	YES	56.07	71.43	65.78
PB.16967.6	Protein_PB.16967.6	SLC35B1	SLC35B1	novel_in_catalog	YES	129.13	143.4	119.58
PB.16968.2	Protein_PB.16968.2	FAM117A	FAM117A	full-splice_match	YES	21.26	10.8	19.7
PB.16971.1	Protein_PB.16971.1	PPP1R9B	PPP1R9B	incomplete-splice_match	YES	58.46	39.28	49.66
PB.16971.2	Protein_PB.16971.2	PPP1R9B	PPP1R9B	full-splice_match	YES	106.5	73.41	78.87
PB.16972.1	Protein_PB.16972.1	COL1A1	COL1A1	full-splice_match	YES	1148.93	183.8	466.48
PB.16972.2	Protein_PB.16972.2	COL1A1	COL1A1	full-splice_match	YES	304.14	68.32	112.0
PB.16973.1	Protein_PB.16973.1	MRPL27	MRPL27	full-splice_match	YES	300.05	343.77	204.3
PB.16973.2	Protein_PB.16973.2	MRPL27	MRPL27	novel_not_in_catalog	YES	149.89	132.42	35.2
PB.16974.4	Protein_PB.16974.4	LRRC59	LRRC59	full-splice_match	YES	39.16	37.1	41.96
PB.16974.8		novelGene_1984	novelGene_1984	intergenic	NO	24.61	19.38	19.55
PB.16975.2	Protein_PB.16975.2	CHAD	CHAD	full-splice_match	YES	34.2	2.58	21.92
PB.16977.1	Protein_PB.16977.1	ANKRD40	ANKRD40	full-splice_match	YES	502.5	464.69	529.38
PB.16977.2	Protein_PB.16977.2	ANKRD40	ANKRD40	full-splice_match	YES	32.01	61.25	78.51
PB.16979.3	Protein_PB.16979.3	TOB1	TOB1	full-splice_match	YES	585.22	709.59	731.18
PB.16980.2	Protein_PB.16980.2	novelGene_1987	novelGene_1987	intergenic	YES	62.94	89.91	38.45
PB.16981.3	Protein_PB.16981.3	SPAG9	SPAG9	full-splice_match	YES	31.39	57.16	45.95
PB.16981.4	Protein_PB.16981.4	SPAG9	SPAG9	full-splice_match	YES	736.38	769.52	781.28
PB.16981.7	Protein_PB.16981.7	SPAG9	SPAG9	full-splice_match	YES	112.69	179.28	178.87
PB.16981.8	Protein_PB.16981.8	SPAG9	SPAG9	novel_not_in_catalog	YES	388.6	399.53	409.26
PB.16982.1	Protein_PB.16982.1	novelGene_NME2_AS	novelGene_NME2_AS	antisense	YES	14.88	12.84	24.82
PB.16983.3	Protein_PB.16983.3	MBTD1	MBTD1	full-splice_match	YES	26.77	46.39	34.34
PB.16983.6	Protein_PB.16983.6	MBTD1	MBTD1	full-splice_match	YES	102.85	83.23	114.32
PB.16983.7	Protein_PB.16983.7	MBTD1	MBTD1	full-splice_match	YES	4.06	0.0	22.67
PB.16983.9	Protein_PB.16983.9	MBTD1	MBTD1	full-splice_match	YES	16.6	19.75	12.28
PB.16989.1	Protein_PB.16989.1	LOC113265650	LOC113265650	full-splice_match	YES	118.82	138.29	83.07
PB.16989.2	Protein_PB.16989.2	LOC113265650	LOC113265650	novel_not_in_catalog	YES	79.21	78.71	80.18
PB.16989.3	Protein_PB.16989.3	LOC113265650	LOC113265650	novel_not_in_catalog	YES	75.36	72.15	70.92
PB.16991.7	Protein_PB.16991.7	MMD	MMD	full-splice_match	YES	6.72	4.71	25.01
PB.16991.8	Protein_PB.16991.8	MMD	MMD	full-splice_match	YES	4.21	8.81	21.93
PB.16992.3	Protein_PB.16992.3	TMEM100	TMEM100	novel_not_in_catalog	YES	48.57	24.46	19.76
PB.16993.2	Protein_PB.16993.2	PCTP	PCTP	full-splice_match	YES	72.94	103.73	101.79
PB.16993.3	Protein_PB.16993.3	PCTP	PCTP	novel_not_in_catalog	YES	13.64	12.32	18.57
PB.1701.13	Protein_PB.1701.13	HNRNPA2B1	HNRNPA2B1	full-splice_match	YES	21.67	28.58	96.2
PB.1701.18	Protein_PB.1701.18	HNRNPA2B1	HNRNPA2B1	novel_in_catalog	YES	4.7	7.83	24.71
PB.1701.19	Protein_PB.1701.19	HNRNPA2B1	HNRNPA2B1	novel_not_in_catalog	YES	23.44	33.45	39.95
PB.1701.20	Protein_PB.1701.20	HNRNPA2B1	HNRNPA2B1	novel_in_catalog	YES	150.35	110.28	171.26
PB.1701.26	Protein_PB.1701.26	HNRNPA2B1	HNRNPA2B1	novel_in_catalog	YES	2.25	6.59	21.42
PB.1701.34	Protein_PB.1701.34	HNRNPA2B1	HNRNPA2B1	full-splice_match	YES	102.74	84.44	102.45
PB.1701.35	Protein_PB.1701.35	HNRNPA2B1	HNRNPA2B1	full-splice_match	YES	784.76	748.04	765.69
PB.1701.36	Protein_PB.1701.36	HNRNPA2B1	HNRNPA2B1	full-splice_match	YES	337.85	350.03	165.83
PB.1701.45	Protein_PB.1701.45	HNRNPA2B1	HNRNPA2B1	novel_in_catalog	YES	246.24	267.64	442.83
PB.17014.4	Protein_PB.17014.4	GK	GK	full-splice_match	YES	32.46	45.12	30.81
PB.17014.7	Protein_PB.17014.7	GK	GK	full-splice_match	YES	45.47	115.26	32.14
PB.1703.5		SKAP2	SKAP2	novel_not_in_catalog	NO	33.84	39.01	31.78
PB.1703.6	Protein_PB.1703.6	SKAP2	SKAP2	novel_not_in_catalog	YES	56.66	58.96	77.54
PB.1703.9	Protein_PB.1703.9	SKAP2	SKAP2	full-splice_match	YES	53.47	57.59	46.66
PB.17036.1	Protein_PB.17036.1	PRRG1	PRRG1	full-splice_match	YES	23.77	13.42	26.39
PB.17041.1	Protein_PB.17041.1	XK	XK	full-splice_match	YES	265.57	282.5	250.58
PB.17042.1	Protein_PB.17042.1	LOC113265816	LOC113265816	full-splice_match	YES	131.57	78.46	106.66
PB.17045.17	Protein_PB.17045.17	OTC	OTC	incomplete-splice_match	YES	12.6	21.51	11.46
PB.17047.1	Protein_PB.17047.1	TSPAN7	TSPAN7	full-splice_match	YES	217.04	197.61	285.97
PB.17048.1	Protein_PB.17048.1	MID1IP1	MID1IP1	full-splice_match	YES	339.14	171.42	190.03
PB.17048.2	Protein_PB.17048.2	MID1IP1	MID1IP1	full-splice_match	YES	25.58	15.91	0.0
PB.17055.1	Protein_PB.17055.1	ATP6AP2	ATP6AP2	full-splice_match	YES	189.81	158.83	203.67
PB.17059.1	Protein_PB.17059.1	USP9X	USP9X	full-splice_match	YES	297.04	481.37	303.13
PB.17059.10	Protein_PB.17059.10	USP9X	USP9X	incomplete-splice_match	YES	43.43	46.56	53.74
PB.17059.2	Protein_PB.17059.2	USP9X	USP9X	novel_in_catalog	YES	1112.82	918.3	786.17
PB.17059.3	Protein_PB.17059.3	USP9X	USP9X	full-splice_match	YES	992.3	989.19	1021.04
PB.17059.4	Protein_PB.17059.4	USP9X	USP9X	full-splice_match	YES	212.99	189.13	63.24
PB.17059.5	Protein_PB.17059.5	USP9X	USP9X	incomplete-splice_match	YES	440.42	457.25	421.81
PB.17059.9	Protein_PB.17059.9	USP9X	USP9X	incomplete-splice_match	YES	93.45	95.83	12.25
PB.17063.1	Protein_PB.17063.1	DDX3X	DDX3X	full-splice_match	YES	241.28	212.12	249.52
PB.17063.4	Protein_PB.17063.4	DDX3X	DDX3X	full-splice_match	YES	1692.61	1774.26	1633.47
PB.17063.5	Protein_PB.17063.5	DDX3X	DDX3X	novel_in_catalog	YES	16.69	30.4	29.31
PB.1707.1	Protein_PB.1707.1	HOXA5	HOXA5	full-splice_match	YES	70.59	65.52	84.03
PB.17076.3	Protein_PB.17076.3	LOC113265899	LOC113265899	full-splice_match	YES	36.25	27.73	21.61
PB.17076.4	Protein_PB.17076.4	LOC113265899	LOC113265899	novel_not_in_catalog	YES	63.71	34.2	26.13
PB.1708.3	Protein_PB.1708.3	HOXA7	HOXA7	incomplete-splice_match	YES	182.88	179.62	223.54
PB.17087.2	Protein_PB.17087.2	KDM6A	KDM6A	full-splice_match	YES	102.35	85.89	116.64
PB.17087.3	Protein_PB.17087.3	KDM6A	KDM6A	full-splice_match	YES	34.17	44.43	13.9
PB.17087.6	Protein_PB.17087.6	KDM6A	KDM6A	full-splice_match	YES	71.06	81.02	81.56
PB.1709.1	Protein_PB.1709.1	HOXA9	HOXA9	novel_not_in_catalog	YES	31.19	25.94	34.61
PB.1709.2	Protein_PB.1709.2	HOXA9	HOXA9	full-splice_match	YES	21.56	23.07	24.4
PB.1709.3	Protein_PB.1709.3	HOXA9	HOXA9	novel_not_in_catalog	YES	101.96	113.67	101.63
PB.17092.1	Protein_PB.17092.1	CHST7	CHST7	full-splice_match	YES	27.18	23.73	20.29
PB.17094.1	Protein_PB.17094.1	JADE3	JADE3	novel_not_in_catalog	YES	11.71	7.54	17.04
PB.17095.1	Protein_PB.17095.1	RGN	RGN	novel_not_in_catalog	YES	20.84	11.1	25.83
PB.17095.4	Protein_PB.17095.4	RGN	RGN	full-splice_match	YES	17.92	23.25	8.58
PB.17095.5	Protein_PB.17095.5	RGN	RGN	full-splice_match	YES	41.03	45.98	25.82
PB.17096.10	Protein_PB.17096.10	RBM10	RBM10	novel_in_catalog	YES	42.67	65.7	60.04
PB.17096.11	Protein_PB.17096.11	RBM10	RBM10	novel_in_catalog	YES	37.29	38.79	23.36
PB.17096.13	Protein_PB.17096.13	RBM10	RBM10	incomplete-splice_match	YES	36.39	17.76	20.51
PB.17096.7	Protein_PB.17096.7	RBM10	RBM10	full-splice_match	YES	21.16	45.82	57.73
PB.17096.9	Protein_PB.17096.9	RBM10	RBM10	novel_in_catalog	YES	42.04	45.39	21.64
PB.17097.1	Protein_PB.17097.1	UBA1	UBA1	full-splice_match	YES	67.98	77.82	86.36
PB.17097.3	Protein_PB.17097.3	UBA1	UBA1	novel_not_in_catalog	YES	11.54	19.8	18.79
PB.17097.4	Protein_PB.17097.4	UBA1	UBA1	novel_not_in_catalog	YES	27.72	37.38	31.78
PB.17097.5	Protein_PB.17097.5	UBA1	UBA1	novel_not_in_catalog	YES	16.52	5.35	31.24
PB.17097.6	Protein_PB.17097.6	UBA1	UBA1	novel_not_in_catalog	YES	726.74	698.12	464.83
PB.17097.7	Protein_PB.17097.7	UBA1	UBA1	full-splice_match	YES	313.06	419.15	557.25
PB.17097.8	Protein_PB.17097.8	UBA1	UBA1	full-splice_match	YES	256.93	226.83	167.93
PB.17097.9	Protein_PB.17097.9	UBA1	UBA1	incomplete-splice_match	YES	124.74	145.31	117.5
PB.17098.1	Protein_PB.17098.1	CDK16	CDK16	full-splice_match	YES	309.95	300.06	283.45
PB.17098.10	Protein_PB.17098.10	CDK16	CDK16	incomplete-splice_match	YES	54.02	34.01	57.21
PB.17098.3	Protein_PB.17098.3	CDK16	CDK16	full-splice_match	YES	51.15	40.58	33.28
PB.17098.4	Protein_PB.17098.4	CDK16	CDK16	novel_in_catalog	YES	71.0	84.68	52.12
PB.17099.17	Protein_PB.17099.17	USP11	USP11	novel_not_in_catalog	YES	124.77	37.55	12.65
PB.17099.2	Protein_PB.17099.2	USP11	USP11	novel_in_catalog	YES	132.98	95.39	171.86
PB.17099.27	Protein_PB.17099.27	USP11	USP11	novel_not_in_catalog	YES	40.71	69.29	142.2
PB.17099.28	Protein_PB.17099.28	USP11	USP11	novel_not_in_catalog	YES	663.89	741.75	827.92
PB.17099.30	Protein_PB.17099.30	USP11	USP11	novel_not_in_catalog	YES	29.16	11.44	46.5
PB.17099.32	Protein_PB.17099.32	USP11	USP11	novel_not_in_catalog	YES	52.2	83.65	235.62
PB.17099.41	Protein_PB.17099.41	USP11	USP11	novel_not_in_catalog	YES	0.0	5.5	18.94
PB.17099.53	Protein_PB.17099.53	USP11	USP11	incomplete-splice_match	YES	247.31	379.24	167.53
PB.171.3	Protein_PB.171.3	HSPA13	HSPA13	novel_not_in_catalog	YES	66.33	43.19	61.16
PB.171.4	Protein_PB.171.4	HSPA13	HSPA13	full-splice_match	YES	66.72	85.7	92.77
PB.1710.1	Protein_PB.1710.1	HOXA10	HOXA10	novel_not_in_catalog	YES	152.44	197.59	109.91
PB.1710.2	Protein_PB.1710.2	HOXA10	HOXA10	novel_not_in_catalog	YES	45.19	20.68	78.56
PB.1710.3	Protein_PB.1710.3	HOXA10	HOXA10	full-splice_match	YES	70.95	65.5	60.38
PB.17102.10	Protein_PB.17102.10	ZNF81	ZNF81	novel_in_catalog	YES	29.71	32.44	24.11
PB.17103.1	Protein_PB.17103.1	ARAF	ARAF	full-splice_match	YES	190.18	215.34	115.77
PB.17103.3	Protein_PB.17103.3	ARAF	ARAF	incomplete-splice_match	YES	135.54	200.21	91.26
PB.17103.4	Protein_PB.17103.4	ARAF	ARAF	novel_not_in_catalog	YES	80.24	39.01	74.39
PB.17103.5	Protein_PB.17103.5	ARAF	ARAF	novel_not_in_catalog	YES	870.73	898.96	603.75
PB.17104.1	Protein_PB.17104.1	TIMP1	TIMP1	full-splice_match	YES	38.65	20.7	37.24
PB.17106.1	Protein_PB.17106.1	SPACA5	SPACA5	full-splice_match	YES	25.89	30.03	22.71
PB.1711.1	Protein_PB.1711.1	HOXA11	HOXA11	full-splice_match	YES	61.52	43.74	49.8
PB.17111.1	Protein_PB.17111.1	FTSJ1	FTSJ1	full-splice_match	YES	50.23	41.15	45.33
PB.17111.2	Protein_PB.17111.2	FTSJ1	FTSJ1	full-splice_match	YES	40.96	38.97	14.53
PB.17111.3	Protein_PB.17111.3	FTSJ1	FTSJ1	full-splice_match	YES	16.7	20.06	33.71
PB.17113.7	Protein_PB.17113.7	EBP	EBP	incomplete-splice_match	YES	34.32	27.87	34.09
PB.17114.2	Protein_PB.17114.2	TBC1D25	TBC1D25	full-splice_match	YES	46.4	40.06	75.21
PB.17116.1	Protein_PB.17116.1	RBM3	RBM3	full-splice_match	YES	114.51	139.63	369.79
PB.17116.19	Protein_PB.17116.19	RBM3	RBM3	full-splice_match	YES	21.57	18.94	49.47
PB.17116.2	Protein_PB.17116.2	RBM3	RBM3	full-splice_match	YES	13.5	11.01	25.39
PB.17116.22	Protein_PB.17116.22	RBM3	RBM3	incomplete-splice_match	YES	2.26	4.22	27.61
PB.17116.3	Protein_PB.17116.3	RBM3	RBM3	full-splice_match	YES	411.71	487.33	1271.62
PB.17116.5	Protein_PB.17116.5	RBM3	RBM3	incomplete-splice_match	YES	2.45	7.45	48.82
PB.17116.9	Protein_PB.17116.9	RBM3	RBM3	incomplete-splice_match	YES	0.94	1.99	22.25
PB.17117.1	Protein_PB.17117.1	WDR13	WDR13	full-splice_match	YES	144.77	128.51	131.71
PB.17117.11	Protein_PB.17117.11	WDR13	WDR13	novel_in_catalog	YES	57.34	96.33	101.96
PB.17117.2	Protein_PB.17117.2	WDR13	WDR13	full-splice_match	YES	40.4	50.05	29.48
PB.1712.1	Protein_PB.1712.1	HOXA13	HOXA13	full-splice_match	YES	132.75	133.81	115.14
PB.17120.1	Protein_PB.17120.1	SUV39H1	SUV39H1	novel_not_in_catalog	YES	25.3	21.86	38.18
PB.17123.14	Protein_PB.17123.14	HDAC6	HDAC6	full-splice_match	YES	62.18	41.95	30.3
PB.17123.9	Protein_PB.17123.9	HDAC6	HDAC6	novel_in_catalog	YES	8.46	28.59	24.52
PB.17125.13	Protein_PB.17125.13	PQBP1	PQBP1	full-splice_match	YES	17.35	18.11	19.35
PB.17125.4	Protein_PB.17125.4	PQBP1	PQBP1	full-splice_match	YES	43.16	30.71	40.89
PB.17128.1	Protein_PB.17128.1	MAGIX	MAGIX	full-splice_match	YES	155.73	145.06	119.4
PB.17129.1	Protein_PB.17129.1	PLP2	PLP2	full-splice_match	YES	178.48	150.61	349.38
PB.17130.2	Protein_PB.17130.2	CCDC22	CCDC22	full-splice_match	YES	127.45	110.77	99.05
PB.17131.1	Protein_PB.17131.1	PPP1R3F	PPP1R3F	full-splice_match	YES	31.98	29.17	19.55
PB.17131.2	Protein_PB.17131.2	PPP1R3F	PPP1R3F	full-splice_match	YES	118.86	123.1	116.99
PB.17134.1	Protein_PB.17134.1	USP27X	USP27X	full-splice_match	YES	11.68	12.12	21.74
PB.17135.1	Protein_PB.17135.1	CLCN5	CLCN5	full-splice_match	YES	27.64	22.19	18.81
PB.1715.1	Protein_PB.1715.1	HIBADH	HIBADH	novel_not_in_catalog	YES	12.26	21.87	24.21
PB.1715.10	Protein_PB.1715.10	HIBADH	HIBADH	novel_not_in_catalog	YES	128.43	175.94	210.49
PB.1715.11	Protein_PB.1715.11	HIBADH	HIBADH	novel_not_in_catalog	YES	15.61	19.62	12.4
PB.1715.2	Protein_PB.1715.2	HIBADH	HIBADH	full-splice_match	YES	903.56	999.3	486.58
PB.1715.4	Protein_PB.1715.4	HIBADH	HIBADH	novel_not_in_catalog	YES	345.36	392.69	208.81
PB.1715.8	Protein_PB.1715.8	HIBADH	HIBADH	novel_in_catalog	YES	277.87	400.18	221.91
PB.1715.9	Protein_PB.1715.9	HIBADH	HIBADH	novel_not_in_catalog	YES	417.25	579.5	319.01
PB.17153.2	Protein_PB.17153.2	TAB3	TAB3	full-splice_match	YES	28.85	3.07	22.01
PB.17153.3	Protein_PB.17153.3	TAB3	TAB3	full-splice_match	YES	89.6	144.14	157.76
PB.17158.1	Protein_PB.17158.1	DMD	DMD	full-splice_match	YES	89.89	113.88	114.33
PB.17158.10	Protein_PB.17158.10	DMD	DMD	novel_in_catalog	YES	63.59	63.16	119.98
PB.17158.11	Protein_PB.17158.11	DMD	DMD	novel_not_in_catalog	YES	89.01	52.1	69.78
PB.17158.14	Protein_PB.17158.14	DMD	DMD	incomplete-splice_match	YES	39.67	154.62	176.91
PB.17158.18		DMD	DMD	incomplete-splice_match	NO	18.36	15.53	9.69
PB.17158.2	Protein_PB.17158.2	DMD	DMD	full-splice_match	YES	22.24	8.26	18.51
PB.17158.6	Protein_PB.17158.6	DMD	DMD	full-splice_match	YES	3541.24	3504.27	3880.33
PB.1716.1	Protein_PB.1716.1	JAZF1	JAZF1	novel_not_in_catalog	YES	21.51	13.96	20.94
PB.1716.3	Protein_PB.1716.3	JAZF1	JAZF1	full-splice_match	YES	10.82	13.44	19.8
PB.17165.1	Protein_PB.17165.1	TMEM47	TMEM47	full-splice_match	YES	278.66	192.53	215.6
PB.17183.1	Protein_PB.17183.1	DYNLT3	DYNLT3	full-splice_match	YES	79.83	97.84	91.73
PB.17183.2	Protein_PB.17183.2	DYNLT3	DYNLT3	novel_in_catalog	YES	20.08	33.55	39.75
PB.17183.4		DYNLT3	DYNLT3	novel_not_in_catalog	NO	87.51	64.76	94.68
PB.17187.1	Protein_PB.17187.1	RPGR	RPGR	full-splice_match	YES	12.9	11.99	22.72
PB.17187.3	Protein_PB.17187.3	RPGR	RPGR	novel_in_catalog	YES	74.83	78.6	84.54
PB.17194.1	Protein_PB.17194.1	BCOR	BCOR	incomplete-splice_match	YES	11.27	4.6	19.63
PB.17194.2	Protein_PB.17194.2	BCOR	BCOR	full-splice_match	YES	31.11	22.05	70.67
PB.17194.5	Protein_PB.17194.5	BCOR	BCOR	full-splice_match	YES	17.83	14.62	26.86
PB.17194.6	Protein_PB.17194.6	BCOR	BCOR	full-splice_match	YES	21.54	38.13	38.62
PB.17196.2	Protein_PB.17196.2	CUNHXorf38	CUNHXorf38	full-splice_match	YES	31.67	30.04	11.93
PB.17196.4	Protein_PB.17196.4	CUNHXorf38	CUNHXorf38	full-splice_match	YES	46.15	22.97	37.57
PB.17197.1	Protein_PB.17197.1	MED14	MED14	novel_not_in_catalog	YES	203.64	136.65	134.8
PB.17197.5	Protein_PB.17197.5	MED14	MED14	incomplete-splice_match	YES	81.2	50.69	73.73
PB.17203.6	Protein_PB.17203.6	CASK	CASK	full-splice_match	YES	120.56	71.05	89.92
PB.1721.1	Protein_PB.1721.1	TRIL	TRIL	full-splice_match	YES	19.74	12.07	17.71
PB.17211.1	Protein_PB.17211.1	MAOB	MAOB	full-splice_match	YES	33.34	24.4	44.54
PB.17211.2	Protein_PB.17211.2	MAOB	MAOB	full-splice_match	YES	50.07	20.78	69.88
PB.17215.1	Protein_PB.17215.1	FUNDC1	FUNDC1	full-splice_match	YES	149.44	161.14	133.96
PB.17216.1	Protein_PB.17216.1	DIPK2B	DIPK2B	novel_in_catalog	YES	33.19	30.85	36.35
PB.17216.2	Protein_PB.17216.2	DIPK2B	DIPK2B	full-splice_match	YES	58.54	43.67	32.34
PB.17221.1	Protein_PB.17221.1	ZNF674	ZNF674	full-splice_match	YES	24.95	26.28	30.66
PB.17222.1	Protein_PB.17222.1	SLC9A7	SLC9A7	full-splice_match	YES	84.04	58.57	152.33
PB.17226.1	Protein_PB.17226.1	NDUFB11	NDUFB11	full-splice_match	YES	1688.65	1911.68	1289.16
PB.17227.1	Protein_PB.17227.1	ZNF41	ZNF41	full-splice_match	YES	13.62	13.59	23.86
PB.17229.2	Protein_PB.17229.2	SYN1	SYN1	full-splice_match	YES	17.51	14.53	3.8
PB.17231.1	Protein_PB.17231.1	ELK1	ELK1	full-splice_match	YES	18.29	29.21	28.69
PB.17231.2	Protein_PB.17231.2	ELK1	ELK1	full-splice_match	YES	72.76	85.89	61.28
PB.17232.1	Protein_PB.17232.1	UXT	UXT	full-splice_match	YES	289.57	325.72	348.13
PB.17233.2	Protein_PB.17233.2	ZNF182	ZNF182	full-splice_match	YES	35.41	31.17	60.32
PB.17242.2	Protein_PB.17242.2	TIMM17B	TIMM17B	full-splice_match	YES	270.53	301.96	323.94
PB.17243.3	Protein_PB.17243.3	SLC35A2	SLC35A2	incomplete-splice_match	YES	25.83	20.85	29.73
PB.17245.1	Protein_PB.17245.1	OTUD5	OTUD5	full-splice_match	YES	16.77	38.72	23.74
PB.17245.2	Protein_PB.17245.2	OTUD5	OTUD5	full-splice_match	YES	68.58	42.28	64.6
PB.17245.4	Protein_PB.17245.4	OTUD5	OTUD5	full-splice_match	YES	227.24	259.89	309.77
PB.17247.1	Protein_PB.17247.1	GRIPAP1	GRIPAP1	full-splice_match	YES	82.74	72.87	85.03
PB.17248.1	Protein_PB.17248.1	TFE3	TFE3	full-splice_match	YES	84.72	130.18	83.03
PB.17248.2	Protein_PB.17248.2	TFE3	TFE3	full-splice_match	YES	211.97	212.73	197.68
PB.17248.3	Protein_PB.17248.3	TFE3	TFE3	novel_in_catalog	YES	128.61	99.01	74.83
PB.17249.1	Protein_PB.17249.1	PRAF2	PRAF2	full-splice_match	YES	33.93	18.58	28.89
PB.17250.1	Protein_PB.17250.1	WDR45	WDR45	full-splice_match	YES	11.13	30.16	18.59
PB.17250.2	Protein_PB.17250.2	WDR45	WDR45	full-splice_match	YES	46.69	39.82	26.46
PB.17250.3	Protein_PB.17250.3	WDR45	WDR45	full-splice_match	YES	7.6	44.56	22.45
PB.17250.4	Protein_PB.17250.4	WDR45	WDR45	full-splice_match	YES	98.6	116.15	105.25
PB.17250.5	Protein_PB.17250.5	WDR45	WDR45	full-splice_match	YES	255.61	302.4	172.94
PB.17250.7	Protein_PB.17250.7	WDR45	WDR45	novel_in_catalog	YES	26.15	63.39	36.99
PB.17251.1	Protein_PB.17251.1	GPKOW	GPKOW	full-splice_match	YES	157.99	141.14	163.97
PB.17255.1	Protein_PB.17255.1	FOXP3	FOXP3	full-splice_match	YES	23.01	23.16	26.49
PB.17260.1	Protein_PB.17260.1	SHROOM4	SHROOM4	full-splice_match	YES	72.44	52.57	55.97
PB.17273.1	Protein_PB.17273.1	G2E3	G2E3	full-splice_match	YES	22.04	10.07	4.95
PB.17273.2	Protein_PB.17273.2	G2E3	G2E3	full-splice_match	YES	30.91	45.09	53.85
PB.17274.18	Protein_PB.17274.18	SCFD1	SCFD1	novel_in_catalog	YES	21.99	39.83	28.8
PB.17274.4	Protein_PB.17274.4	SCFD1	SCFD1	novel_not_in_catalog	YES	71.43	54.42	36.53
PB.1728.1	Protein_PB.1728.1	SCRN1	SCRN1	full-splice_match	YES	18.14	15.34	21.18
PB.17280.2	Protein_PB.17280.2	AP4S1	AP4S1	full-splice_match	YES	67.4	81.15	66.58
PB.17280.3	Protein_PB.17280.3	AP4S1	AP4S1	full-splice_match	YES	4.84	9.76	17.38
PB.17280.4	Protein_PB.17280.4	AP4S1	AP4S1	full-splice_match	YES	14.72	18.67	13.6
PB.17283.1		LOC113266104	LOC113266104	novel_not_in_catalog	NO	37.26	33.94	37.58
PB.17285.8	Protein_PB.17285.8	NUBPL	NUBPL	full-splice_match	YES	21.49	30.24	11.19
PB.17286.1	Protein_PB.17286.1	ARHGAP5	ARHGAP5	full-splice_match	YES	700.73	780.23	830.86
PB.17286.3	Protein_PB.17286.3	ARHGAP5	ARHGAP5	full-splice_match	YES	236.93	168.6	247.19
PB.17286.4	Protein_PB.17286.4	ARHGAP5	ARHGAP5	novel_not_in_catalog	YES	150.5	139.62	204.04
PB.17289.1	Protein_PB.17289.1	AKAP6	AKAP6	full-splice_match	YES	165.67	147.79	118.99
PB.17289.2	Protein_PB.17289.2	AKAP6	AKAP6	novel_not_in_catalog	YES	12.92	20.58	9.22
PB.17289.3	Protein_PB.17289.3	AKAP6	AKAP6	novel_not_in_catalog	YES	1022.43	1246.16	1127.81
PB.17289.5	Protein_PB.17289.5	AKAP6	AKAP6	novel_not_in_catalog	YES	332.26	315.91	239.58
PB.1729.2	Protein_PB.1729.2	FKBP14	FKBP14	full-splice_match	YES	30.51	16.94	30.18
PB.17293.10	Protein_PB.17293.10	SRP54	SRP54	novel_in_catalog	YES	37.71	34.72	31.39
PB.17293.14	Protein_PB.17293.14	SRP54	SRP54	full-splice_match	YES	126.52	153.3	103.66
PB.17293.5	Protein_PB.17293.5	SRP54	SRP54	novel_not_in_catalog	YES	35.25	19.72	15.17
PB.17293.6	Protein_PB.17293.6	SRP54	SRP54	novel_in_catalog	YES	84.64	95.35	110.07
PB.17294.4	Protein_PB.17294.4	FAM177A1	FAM177A1	full-splice_match	YES	50.03	19.85	52.76
PB.17295.1	Protein_PB.17295.1	KIAA0391	KIAA0391	full-splice_match	YES	98.62	107.21	76.19
PB.17296.1	Protein_PB.17296.1	PSMA6	PSMA6	full-splice_match	YES	710.11	823.02	677.21
PB.17299.1	Protein_PB.17299.1	BRMS1L	BRMS1L	full-splice_match	YES	30.0	36.73	45.46
PB.17299.3	Protein_PB.17299.3	BRMS1L	BRMS1L	novel_in_catalog	YES	47.19	63.62	60.85
PB.17299.6	Protein_PB.17299.6	BRMS1L	BRMS1L	novel_not_in_catalog	YES	57.17	68.44	76.63
PB.17299.8	Protein_PB.17299.8	BRMS1L	BRMS1L	incomplete-splice_match	YES	26.7	15.5	10.1
PB.17304.1	Protein_PB.17304.1	MIPOL1	MIPOL1	novel_not_in_catalog	YES	23.7	24.86	41.75
PB.17304.2	Protein_PB.17304.2	MIPOL1	MIPOL1	full-splice_match	YES	15.57	18.85	5.28
PB.1731.3	Protein_PB.1731.3	NOD1	NOD1	novel_in_catalog	YES	15.16	10.94	27.3
PB.1731.4	Protein_PB.1731.4	NOD1	NOD1	novel_not_in_catalog	YES	84.54	62.43	82.4
PB.17313.1	Protein_PB.17313.1	GEMIN2	GEMIN2	full-splice_match	YES	127.18	159.25	163.05
PB.17314.1	Protein_PB.17314.1	PNN	PNN	full-splice_match	YES	157.99	144.23	165.29
PB.17314.15	Protein_PB.17314.15	MIA2	MIA2	full-splice_match	YES	282.4	353.67	187.89
PB.17314.17	Protein_PB.17314.17	MIA2	MIA2	novel_not_in_catalog	YES	93.04	77.54	129.24
PB.17314.2	Protein_PB.17314.2	PNN_MIA2	PNN_MIA2	fusion	YES	38.09	20.28	66.09
PB.17314.20	Protein_PB.17314.20	MIA2	MIA2	full-splice_match	YES	20.1	33.48	35.64
PB.17314.22	Protein_PB.17314.22	MIA2	MIA2	novel_in_catalog	YES	68.22	62.59	77.8
PB.17314.29	Protein_PB.17314.29	MIA2	MIA2	incomplete-splice_match	YES	20.93	27.91	8.84
PB.17327.2	Protein_PB.17327.2	CUNH14orf28	CUNH14orf28	novel_not_in_catalog	YES	6.9	7.49	19.81
PB.17327.4	Protein_PB.17327.4	CUNH14orf28	CUNH14orf28	full-splice_match	YES	31.53	32.91	30.26
PB.17327.5	Protein_PB.17327.5	CUNH14orf28	CUNH14orf28	full-splice_match	YES	38.73	38.55	38.83
PB.17328.1	Protein_PB.17328.1	TOGARAM1	TOGARAM1	full-splice_match	YES	17.19	23.12	26.01
PB.17328.2	Protein_PB.17328.2	TOGARAM1	TOGARAM1	full-splice_match	YES	102.84	85.48	79.05
PB.17328.3	Protein_PB.17328.3	TOGARAM1	TOGARAM1	full-splice_match	YES	24.47	46.51	24.62
PB.17329.17	Protein_PB.17329.17	PRPF39	PRPF39	novel_in_catalog	YES	7.78	26.24	24.67
PB.17329.24	Protein_PB.17329.24	PRPF39	PRPF39	incomplete-splice_match	YES	30.25	19.61	46.38
PB.17329.7	Protein_PB.17329.7	PRPF39	PRPF39	novel_not_in_catalog	YES	26.95	29.57	24.56
PB.1733.1	Protein_PB.1733.1	GGCT	GGCT	full-splice_match	YES	68.56	86.48	70.67
PB.17341.1	Protein_PB.17341.1	MGAT2	MGAT2	full-splice_match	YES	60.39	63.51	95.42
PB.17344.1	Protein_PB.17344.1	KLHDC2	KLHDC2	full-splice_match	YES	286.5	317.21	369.52
PB.17344.2	Protein_PB.17344.2	KLHDC2	KLHDC2	full-splice_match	YES	1120.88	1246.42	1094.69
PB.17344.3	Protein_PB.17344.3	KLHDC2	KLHDC2	novel_in_catalog	YES	17.93	12.92	18.05
PB.17346.1	Protein_PB.17346.1	ARF6	ARF6	full-splice_match	YES	124.87	103.44	135.07
PB.1735.2	Protein_PB.1735.2	CRHR2	CRHR2	novel_not_in_catalog	YES	73.65	92.64	44.52
PB.17350.1	Protein_PB.17350.1	DMAC2L	DMAC2L	full-splice_match	YES	68.08	75.44	80.25
PB.17350.2	Protein_PB.17350.2	DMAC2L	DMAC2L	novel_in_catalog	YES	39.92	27.71	12.52
PB.17350.3	Protein_PB.17350.3	DMAC2L	DMAC2L	incomplete-splice_match	YES	37.21	69.25	71.06
PB.17358.1	Protein_PB.17358.1	TMX1	TMX1	novel_not_in_catalog	YES	42.25	37.1	42.65
PB.17358.2	Protein_PB.17358.2	TMX1	TMX1	novel_not_in_catalog	YES	70.25	61.1	65.4
PB.17358.4	Protein_PB.17358.4	TMX1	TMX1	novel_in_catalog	YES	23.52	22.5	25.16
PB.17358.6	Protein_PB.17358.6	TMX1	TMX1	full-splice_match	YES	10.24	5.94	21.15
PB.17366.1	Protein_PB.17366.1	PRKD1	PRKD1	full-splice_match	YES	30.96	25.68	22.16
PB.17368.1	Protein_PB.17368.1	STRN3	STRN3	full-splice_match	YES	177.03	162.05	225.39
PB.17368.2	Protein_PB.17368.2	STRN3	STRN3	full-splice_match	YES	906.57	935.77	1006.74
PB.17369.10	Protein_PB.17369.10	HECTD1	HECTD1	novel_in_catalog	YES	624.97	525.68	342.88
PB.17369.12	Protein_PB.17369.12	HECTD1	HECTD1	novel_in_catalog	YES	999.17	1332.04	1241.85
PB.17369.13	Protein_PB.17369.13	HECTD1	HECTD1	novel_in_catalog	YES	1046.79	952.34	1173.14
PB.17369.17	Protein_PB.17369.17	HECTD1	HECTD1	novel_in_catalog	YES	455.62	656.71	406.65
PB.17369.19	Protein_PB.17369.19	HECTD1	HECTD1	incomplete-splice_match	YES	27.27	135.91	51.14
PB.17369.2	Protein_PB.17369.2	HECTD1	HECTD1	full-splice_match	YES	85.61	111.55	168.7
PB.17369.3	Protein_PB.17369.3	HECTD1	HECTD1	full-splice_match	YES	133.64	83.22	39.41
PB.17369.7	Protein_PB.17369.7	HECTD1	HECTD1	novel_not_in_catalog	YES	217.81	234.98	269.7
PB.17369.8	Protein_PB.17369.8	HECTD1	HECTD1	novel_in_catalog	YES	567.05	491.02	680.12
PB.17369.9	Protein_PB.17369.9	HECTD1	HECTD1	novel_not_in_catalog	YES	926.96	1036.19	974.59
PB.17372.12	Protein_PB.17372.12	HEATR5A	HEATR5A	full-splice_match	YES	70.81	95.04	59.61
PB.17372.13	Protein_PB.17372.13	HEATR5A	HEATR5A	full-splice_match	YES	18.69	21.24	46.91
PB.17372.2	Protein_PB.17372.2	HEATR5A	HEATR5A	novel_not_in_catalog	YES	99.5	97.06	99.92
PB.17372.5	Protein_PB.17372.5	HEATR5A	HEATR5A	full-splice_match	YES	70.18	8.48	23.37
PB.17372.7	Protein_PB.17372.7	HEATR5A	HEATR5A	full-splice_match	YES	19.11	70.44	42.93
PB.17377.1	Protein_PB.17377.1	EGLN3	EGLN3	full-splice_match	YES	259.73	375.74	296.53
PB.17377.3	Protein_PB.17377.3	LOC113266115_EGLN3	LOC113266115_EGLN3	fusion	YES	161.68	199.8	175.31
PB.17377.4	Protein_PB.17377.4	LOC113266115_EGLN3	LOC113266115_EGLN3	fusion	YES	61.32	73.52	45.32
PB.17378.1	Protein_PB.17378.1	SPTSSA	SPTSSA	full-splice_match	YES	49.55	44.12	46.38
PB.17379.1	Protein_PB.17379.1	EAPP	EAPP	full-splice_match	YES	322.02	331.8	371.23
PB.1738.6	Protein_PB.1738.6	PDE1C	PDE1C	full-splice_match	YES	19.52	17.86	21.67
PB.17380.1	Protein_PB.17380.1	SNX6	SNX6	full-splice_match	YES	77.29	57.45	54.11
PB.17380.10	Protein_PB.17380.10	SNX6	SNX6	novel_not_in_catalog	YES	89.47	51.0	96.81
PB.17380.2	Protein_PB.17380.2	SNX6	SNX6	novel_not_in_catalog	YES	6.76	31.0	49.53
PB.17381.1	Protein_PB.17381.1	CFL2	CFL2	full-splice_match	YES	2025.9	3235.53	3082.44
PB.17381.2		CFL2	CFL2	novel_not_in_catalog	NO	120.96	147.6	63.11
PB.17381.3		CFL2	CFL2	novel_not_in_catalog	NO	166.64	140.79	140.34
PB.17381.4	Protein_PB.17381.4	CFL2	CFL2	novel_not_in_catalog	YES	385.82	972.08	503.68
PB.17381.5	Protein_PB.17381.5	CFL2	CFL2	novel_not_in_catalog	YES	2560.59	2774.33	1627.62
PB.17381.6	Protein_PB.17381.6	CFL2	CFL2	novel_in_catalog	YES	402.29	323.41	114.31
PB.17381.7	Protein_PB.17381.7	CFL2	CFL2	novel_in_catalog	YES	1143.26	1618.08	979.63
PB.17382.1	Protein_PB.17382.1	BAZ1A	BAZ1A	full-splice_match	YES	89.51	81.55	63.63
PB.17382.2	Protein_PB.17382.2	BAZ1A	BAZ1A	full-splice_match	YES	72.93	109.88	27.63
PB.17382.4	Protein_PB.17382.4	BAZ1A	BAZ1A	full-splice_match	YES	43.67	75.87	56.86
PB.17382.6	Protein_PB.17382.6	BAZ1A	BAZ1A	full-splice_match	YES	204.54	201.56	225.72
PB.17383.3	Protein_PB.17383.3	LOC113266127	LOC113266127	full-splice_match	YES	25.37	24.72	19.29
PB.17384.3	Protein_PB.17384.3	PPP2R3C	PPP2R3C	full-splice_match	YES	28.75	25.0	15.92
PB.17384.4	Protein_PB.17384.4	PPP2R3C	PPP2R3C	full-splice_match	YES	29.37	39.01	32.5
PB.17384.9	Protein_PB.17384.9	PPP2R3C	PPP2R3C	novel_not_in_catalog	YES	33.52	36.73	26.81
PB.17386.1	Protein_PB.17386.1	NFKBIA	NFKBIA	full-splice_match	YES	628.83	563.3	641.43
PB.17387.1	Protein_PB.17387.1	RALGAPA1	RALGAPA1	full-splice_match	YES	8.5	84.46	45.51
PB.17387.11	Protein_PB.17387.11	RALGAPA1	RALGAPA1	full-splice_match	YES	5.29	25.75	0.0
PB.17387.6	Protein_PB.17387.6	RALGAPA1	RALGAPA1	full-splice_match	YES	199.1	158.29	138.34
PB.17387.7	Protein_PB.17387.7	RALGAPA1	RALGAPA1	incomplete-splice_match	YES	16.68	15.99	38.05
PB.17387.8	Protein_PB.17387.8	RALGAPA1	RALGAPA1	novel_in_catalog	YES	90.51	65.29	69.57
PB.17387.9	Protein_PB.17387.9	RALGAPA1	RALGAPA1	full-splice_match	YES	180.93	247.88	225.47
PB.17390.1	Protein_PB.17390.1	MBIP	MBIP	full-splice_match	YES	45.23	50.47	45.9
PB.17394.1	Protein_PB.17394.1	SLC25A21	SLC25A21	full-splice_match	YES	17.3	19.66	13.53
PB.17394.2	Protein_PB.17394.2	SLC25A21	SLC25A21	incomplete-splice_match	YES	14.17	19.75	17.49
PB.17398.1	Protein_PB.17398.1	CLEC14A	CLEC14A	full-splice_match	YES	240.14	172.78	229.71
PB.1740.1		LSM5	LSM5	full-splice_match	NO	32.98	40.47	35.93
PB.17401.1	Protein_PB.17401.1	SEC23A	SEC23A	novel_not_in_catalog	YES	126.22	74.62	93.17
PB.17401.10	Protein_PB.17401.10	SEC23A	SEC23A	novel_not_in_catalog	YES	35.92	58.51	50.52
PB.17401.11	Protein_PB.17401.11	SEC23A	SEC23A	novel_not_in_catalog	YES	17.85	21.29	9.27
PB.17401.6	Protein_PB.17401.6	SEC23A	SEC23A	novel_not_in_catalog	YES	32.85	47.9	87.09
PB.17401.7	Protein_PB.17401.7	SEC23A	SEC23A	novel_not_in_catalog	YES	90.31	146.71	90.13
PB.17401.8	Protein_PB.17401.8	SEC23A	SEC23A	novel_in_catalog	YES	106.55	122.95	55.38
PB.17401.9	Protein_PB.17401.9	SEC23A	SEC23A	novel_not_in_catalog	YES	29.9	14.76	6.49
PB.17403.5	Protein_PB.17403.5	TRAPPC6B	TRAPPC6B	full-splice_match	YES	128.89	139.12	114.81
PB.17403.6		TRAPPC6B	TRAPPC6B	novel_not_in_catalog	NO	111.04	108.73	128.67
PB.17404.1	Protein_PB.17404.1	FBXO33	FBXO33	full-splice_match	YES	57.19	60.84	35.46
PB.1741.1	Protein_PB.1741.1	KBTBD2	KBTBD2	full-splice_match	YES	445.77	433.16	365.97
PB.17415.2	Protein_PB.17415.2	KLHL28	KLHL28	full-splice_match	YES	150.25	165.0	169.02
PB.17416.1	Protein_PB.17416.1	FKBP3	FKBP3	full-splice_match	YES	1697.18	2336.78	1717.32
PB.17416.2	Protein_PB.17416.2	FKBP3	FKBP3	novel_in_catalog	YES	42.52	31.54	43.34
PB.17416.3	Protein_PB.17416.3	FKBP3	FKBP3	novel_in_catalog	YES	320.65	397.2	321.33
PB.17417.1	Protein_PB.17417.1	MIS18BP1	MIS18BP1	full-splice_match	YES	57.18	76.68	57.69
PB.17428.1		RPS29	RPS29	full-splice_match	NO	5746.0	5889.75	7435.06
PB.17429.1	Protein_PB.17429.1	RPL36AL	RPL36AL	full-splice_match	YES	208.66	207.03	267.48
PB.17429.2	Protein_PB.17429.2	RPL36AL	RPL36AL	full-splice_match	YES	26.92	25.88	35.38
PB.1743.1	Protein_PB.1743.1	LOC113262535	LOC113262535	full-splice_match	YES	200.21	201.26	184.62
PB.17430.1	Protein_PB.17430.1	DNAAF2	DNAAF2	full-splice_match	YES	58.22	54.1	38.69
PB.17430.2	Protein_PB.17430.2	DNAAF2	DNAAF2	novel_in_catalog	YES	14.57	31.13	34.73
PB.17432.1	Protein_PB.17432.1	NEMF	NEMF	full-splice_match	YES	174.78	174.14	165.88
PB.17436.1	Protein_PB.17436.1	SOS2	SOS2	full-splice_match	YES	519.75	484.66	566.47
PB.17436.4	Protein_PB.17436.4	SOS2	SOS2	incomplete-splice_match	YES	65.17	65.71	90.07
PB.17437.1	Protein_PB.17437.1	L2HGDH	L2HGDH	full-splice_match	YES	841.68	894.1	477.52
PB.17437.10	Protein_PB.17437.10	L2HGDH	L2HGDH	novel_not_in_catalog	YES	123.35	124.31	97.25
PB.17437.4	Protein_PB.17437.4	L2HGDH	L2HGDH	full-splice_match	YES	22.08	26.54	8.05
PB.17439.1	Protein_PB.17439.1	CDKL1	CDKL1	full-splice_match	YES	12.11	12.96	21.53
PB.17440.2	Protein_PB.17440.2	MAP4K5	MAP4K5	full-splice_match	YES	232.43	199.85	207.78
PB.17440.3	Protein_PB.17440.3	MAP4K5	MAP4K5	full-splice_match	YES	20.86	22.32	33.48
PB.17441.1	Protein_PB.17441.1	SAV1	SAV1	full-splice_match	YES	16.61	17.07	15.34
PB.17441.2	Protein_PB.17441.2	SAV1	SAV1	full-splice_match	YES	197.24	203.49	198.44
PB.17442.5	Protein_PB.17442.5	NIN	NIN	full-splice_match	YES	147.57	131.78	163.68
PB.17442.6	Protein_PB.17442.6	NIN	NIN	full-splice_match	YES	64.43	44.7	11.89
PB.17442.7	Protein_PB.17442.7	NIN	NIN	incomplete-splice_match	YES	21.27	19.07	12.12
PB.17444.8	Protein_PB.17444.8	PYGL	PYGL	full-splice_match	YES	85.58	50.16	65.14
PB.17446.1	Protein_PB.17446.1	TRIM9	TRIM9	full-splice_match	YES	26.31	11.77	15.89
PB.17449.12	Protein_PB.17449.12	HSDL2	HSDL2	novel_not_in_catalog	YES	9.06	20.08	27.26
PB.17449.13	Protein_PB.17449.13	HSDL2	HSDL2	full-splice_match	YES	76.05	109.86	50.17
PB.17449.14	Protein_PB.17449.14	HSDL2	HSDL2	incomplete-splice_match	YES	289.62	443.55	129.59
PB.17449.3	Protein_PB.17449.3	HSDL2	HSDL2	full-splice_match	YES	34.62	34.04	13.84
PB.17449.5	Protein_PB.17449.5	HSDL2	HSDL2	novel_not_in_catalog	YES	232.72	400.79	403.95
PB.17449.6	Protein_PB.17449.6	HSDL2	HSDL2	novel_in_catalog	YES	212.52	271.8	261.6
PB.17449.7	Protein_PB.17449.7	HSDL2	HSDL2	novel_not_in_catalog	YES	21.58	84.59	60.96
PB.17449.8	Protein_PB.17449.8	HSDL2	HSDL2	novel_in_catalog	YES	717.31	1008.27	405.44
PB.17452.3	Protein_PB.17452.3	SNX30	SNX30	full-splice_match	YES	71.04	62.22	102.52
PB.17455.2	Protein_PB.17455.2	SLC31A2	SLC31A2	full-splice_match	YES	27.53	28.01	25.4
PB.17455.4		SLC31A2	SLC31A2	novel_in_catalog	NO	40.83	44.92	50.41
PB.17455.5	Protein_PB.17455.5	SLC31A2	SLC31A2	novel_in_catalog	YES	17.33	17.91	16.66
PB.17456.1	Protein_PB.17456.1	SLC31A1	SLC31A1	full-splice_match	YES	97.03	71.48	37.06
PB.17456.2	Protein_PB.17456.2	SLC31A1	SLC31A1	novel_not_in_catalog	YES	25.51	48.59	50.87
PB.17458.2	Protein_PB.17458.2	PRPF4	PRPF4	novel_not_in_catalog	YES	50.5	62.43	64.04
PB.17458.3	Protein_PB.17458.3	PRPF4	PRPF4	novel_not_in_catalog	YES	60.54	62.3	61.55
PB.1746.1	Protein_PB.1746.1	NT5C3A	NT5C3A	novel_not_in_catalog	YES	127.97	186.9	150.82
PB.1746.2	Protein_PB.1746.2	NT5C3A	NT5C3A	full-splice_match	YES	44.54	56.23	70.55
PB.1746.3	Protein_PB.1746.3	NT5C3A	NT5C3A	full-splice_match	YES	111.22	102.86	109.49
PB.1746.6	Protein_PB.1746.6	NT5C3A	NT5C3A	novel_in_catalog	YES	243.74	351.1	326.16
PB.17462.3	Protein_PB.17462.3	RGS3	RGS3	full-splice_match	YES	40.33	31.3	14.3
PB.17462.6	Protein_PB.17462.6	RGS3	RGS3	full-splice_match	YES	32.51	30.04	12.85
PB.17462.7	Protein_PB.17462.7	RGS3	RGS3	full-splice_match	YES	467.08	374.07	146.28
PB.17462.9	Protein_PB.17462.9	RGS3	RGS3	novel_not_in_catalog	YES	62.91	38.16	37.1
PB.17466.1	Protein_PB.17466.1	COL27A1	COL27A1	full-splice_match	YES	17.53	12.28	14.68
PB.17468.1	Protein_PB.17468.1	novelGene_AKNA_AS	novelGene_AKNA_AS	antisense	YES	21.46	34.59	16.95
PB.17468.2	Protein_PB.17468.2	novelGene_AKNA_AS	novelGene_AKNA_AS	antisense	YES	7.67	19.08	5.85
PB.17469.3	Protein_PB.17469.3	ATP6V1G1	ATP6V1G1	full-splice_match	YES	473.13	541.57	508.9
PB.1747.1	Protein_PB.1747.1	LOC113262545	LOC113262545	full-splice_match	YES	173.87	161.98	178.11
PB.17470.2	Protein_PB.17470.2	TMEM268	TMEM268	full-splice_match	YES	75.52	69.8	81.64
PB.17474.1	Protein_PB.17474.1	TRIM32	TRIM32	full-splice_match	YES	143.92	162.03	154.13
PB.17477.3		novelGene_2069	novelGene_2069	intergenic	NO	11.99	30.67	12.26
PB.17479.1	Protein_PB.17479.1	LOC113266349	LOC113266349	full-splice_match	YES	21.25	21.28	27.09
PB.17480.1	Protein_PB.17480.1	CNTRL	CNTRL	novel_not_in_catalog	YES	24.0	23.57	34.46
PB.17480.7	Protein_PB.17480.7	CNTRL	CNTRL	full-splice_match	YES	64.03	92.61	115.48
PB.17480.8	Protein_PB.17480.8	CNTRL	CNTRL	full-splice_match	YES	20.43	23.08	32.67
PB.17482.1	Protein_PB.17482.1	GSN	GSN	novel_not_in_catalog	YES	263.56	315.31	260.41
PB.17482.11	Protein_PB.17482.11	GSN	GSN	novel_not_in_catalog	YES	26.32	14.11	19.93
PB.17482.12	Protein_PB.17482.12	GSN	GSN	novel_not_in_catalog	YES	116.12	71.5	37.97
PB.17482.16	Protein_PB.17482.16	GSN	GSN	full-splice_match	YES	3796.93	3145.23	2682.01
PB.17482.17	Protein_PB.17482.17	GSN	GSN	full-splice_match	YES	4000.52	3049.61	2382.55
PB.17482.19	Protein_PB.17482.19	GSN	GSN	incomplete-splice_match	YES	2170.79	1450.48	1307.95
PB.17482.3	Protein_PB.17482.3	GSN	GSN	full-splice_match	YES	442.15	282.94	353.38
PB.17482.8	Protein_PB.17482.8	GSN	GSN	novel_not_in_catalog	YES	35.84	12.15	10.17
PB.17483.2		LOC113266363	LOC113266363	novel_not_in_catalog	NO	16.36	17.08	21.2
PB.17486.1	Protein_PB.17486.1	LOC113266262	LOC113266262	full-splice_match	YES	22.93	22.17	18.62
PB.17487.1	Protein_PB.17487.1	LOC113266367	LOC113266367	full-splice_match	YES	178.61	166.9	150.48
PB.17487.3	Protein_PB.17487.3	LOC113266367	LOC113266367	full-splice_match	YES	285.21	267.99	235.99
PB.17489.1	Protein_PB.17489.1	MRRF	MRRF	full-splice_match	YES	91.67	91.33	107.68
PB.17489.2	Protein_PB.17489.2	MRRF	MRRF	full-splice_match	YES	34.32	38.59	32.41
PB.17489.3	Protein_PB.17489.3	MRRF	MRRF	full-splice_match	YES	34.81	60.34	42.2
PB.17489.4	Protein_PB.17489.4	MRRF	MRRF	novel_in_catalog	YES	39.42	14.62	18.76
PB.17490.1	Protein_PB.17490.1	PTGS1	PTGS1	full-splice_match	YES	57.23	43.5	44.69
PB.17490.4	Protein_PB.17490.4	PTGS1	PTGS1	novel_not_in_catalog	YES	29.17	27.61	13.46
PB.17513.1		RABGAP1	RABGAP1	incomplete-splice_match	NO	13.13	12.82	18.99
PB.17513.3	Protein_PB.17513.3	RABGAP1	RABGAP1	incomplete-splice_match	YES	101.1	94.49	97.36
PB.17513.4	Protein_PB.17513.4	RABGAP1	RABGAP1	novel_in_catalog	YES	186.09	162.08	211.63
PB.17513.5	Protein_PB.17513.5	RABGAP1	RABGAP1	full-splice_match	YES	627.66	634.42	536.36
PB.17513.8	Protein_PB.17513.8	RABGAP1	RABGAP1	full-splice_match	YES	68.21	71.52	74.26
PB.1752.1	Protein_PB.1752.1	DPY19L1	DPY19L1	full-splice_match	YES	59.97	41.26	67.86
PB.1752.3	Protein_PB.1752.3	DPY19L1	DPY19L1	novel_not_in_catalog	YES	26.13	22.72	22.98
PB.17520.3	Protein_PB.17520.3	NEK6	NEK6	incomplete-splice_match	YES	24.72	21.09	19.64
PB.17521.1	Protein_PB.17521.1	OLFML2A	OLFML2A	full-splice_match	YES	32.6	26.66	36.9
PB.17521.2	Protein_PB.17521.2	OLFML2A	OLFML2A	incomplete-splice_match	YES	34.93	12.77	22.92
PB.17523.1	Protein_PB.17523.1	ARPC5L	ARPC5L	full-splice_match	YES	365.96	404.98	366.21
PB.17524.1	Protein_PB.17524.1	RABEPK	RABEPK	full-splice_match	YES	25.75	27.88	15.13
PB.17526.2	Protein_PB.17526.2	GAPVD1	GAPVD1	full-splice_match	YES	71.66	55.9	43.76
PB.17526.4	Protein_PB.17526.4	GAPVD1	GAPVD1	full-splice_match	YES	57.2	28.11	21.04
PB.17526.5	Protein_PB.17526.5	GAPVD1	GAPVD1	full-splice_match	YES	169.46	182.7	211.79
PB.17526.6	Protein_PB.17526.6	GAPVD1	GAPVD1	incomplete-splice_match	YES	70.53	57.64	66.38
PB.17530.1	Protein_PB.17530.1	MVB12B	MVB12B	full-splice_match	YES	33.18	32.21	48.23
PB.17530.5	Protein_PB.17530.5	MVB12B	MVB12B	novel_not_in_catalog	YES	81.41	63.91	80.93
PB.17533.1	Protein_PB.17533.1	ZBTB43	ZBTB43	full-splice_match	YES	162.45	156.96	200.3
PB.17533.2	Protein_PB.17533.2	ZBTB43	ZBTB43	full-splice_match	YES	7.37	16.24	22.37
PB.17534.1	Protein_PB.17534.1	ZBTB34	ZBTB34	full-splice_match	YES	30.77	21.91	31.33
PB.17535.3	Protein_PB.17535.3	RALGPS1	RALGPS1	full-splice_match	YES	37.34	32.7	33.42
PB.17537.1	Protein_PB.17537.1	SLC2A8	SLC2A8	novel_not_in_catalog	YES	16.97	21.77	18.0
PB.17537.5	Protein_PB.17537.5	SLC2A8	SLC2A8	full-splice_match	YES	67.56	76.94	36.93
PB.17538.1	Protein_PB.17538.1	ZNF79	ZNF79	full-splice_match	YES	32.62	28.62	38.78
PB.17538.6	Protein_PB.17538.6	ZNF79	ZNF79	novel_not_in_catalog	YES	16.04	17.03	26.01
PB.17539.1	Protein_PB.17539.1	LRSAM1	LRSAM1	full-splice_match	YES	17.31	15.46	24.17
PB.17539.2	Protein_PB.17539.2	LRSAM1	LRSAM1	full-splice_match	YES	101.39	82.61	74.92
PB.17540.3	Protein_PB.17540.3	STXBP1	STXBP1	full-splice_match	YES	23.4	16.04	16.22
PB.17543.2	Protein_PB.17543.2	CDK9	CDK9	full-splice_match	YES	288.05	247.71	330.99
PB.17544.4	Protein_PB.17544.4	FPGS	FPGS	novel_not_in_catalog	YES	20.0	20.85	19.89
PB.17544.5	Protein_PB.17544.5	FPGS	FPGS	full-splice_match	YES	24.77	17.01	12.62
PB.17545.1	Protein_PB.17545.1	SLC25A25	SLC25A25	full-splice_match	YES	24.83	17.68	22.18
PB.17545.10	Protein_PB.17545.10	SLC25A25	SLC25A25	novel_not_in_catalog	YES	114.45	133.29	15.72
PB.17545.14	Protein_PB.17545.14	SLC25A25	SLC25A25	novel_not_in_catalog	YES	26.46	18.06	13.08
PB.17545.16	Protein_PB.17545.16	SLC25A25	SLC25A25	incomplete-splice_match	YES	0.0	0.03	34.07
PB.17545.5	Protein_PB.17545.5	SLC25A25	SLC25A25	novel_not_in_catalog	YES	176.41	268.45	86.13
PB.17546.1	Protein_PB.17546.1	LCN2	LCN2	full-splice_match	YES	76.38	71.19	108.59
PB.17547.1	Protein_PB.17547.1	CUNH9orf16	CUNH9orf16	full-splice_match	YES	605.69	597.61	594.56
PB.17549.1		SWI5	SWI5	novel_in_catalog	NO	44.98	56.56	41.99
PB.17550.1	Protein_PB.17550.1	COQ4	COQ4	full-splice_match	YES	72.38	68.22	62.02
PB.17550.5	Protein_PB.17550.5	COQ4	COQ4	full-splice_match	YES	97.83	99.88	55.68
PB.17551.4	Protein_PB.17551.4	SLC27A4	SLC27A4	full-splice_match	YES	47.7	38.43	35.53
PB.17552.1	Protein_PB.17552.1	URM1	URM1	novel_not_in_catalog	YES	22.91	29.22	12.79
PB.17552.5	Protein_PB.17552.5	URM1	URM1	novel_in_catalog	YES	57.82	59.23	50.66
PB.17552.6	Protein_PB.17552.6	URM1	URM1	full-splice_match	YES	80.6	87.25	69.13
PB.17554.1	Protein_PB.17554.1	CERCAM	CERCAM	full-splice_match	YES	160.75	148.01	139.44
PB.17556.13	Protein_PB.17556.13	ODF2	ODF2	novel_in_catalog	YES	36.65	38.86	60.64
PB.17558.2	Protein_PB.17558.2	GLE1	GLE1	full-splice_match	YES	140.68	124.85	158.76
PB.17559.1	Protein_PB.17559.1	SPTAN1	SPTAN1	full-splice_match	YES	59.39	58.45	81.47
PB.17559.10	Protein_PB.17559.10	SPTAN1	SPTAN1	novel_not_in_catalog	YES	64.05	24.15	82.71
PB.17559.11	Protein_PB.17559.11	SPTAN1	SPTAN1	novel_in_catalog	YES	31.68	40.82	92.48
PB.17559.2	Protein_PB.17559.2	SPTAN1	SPTAN1	full-splice_match	YES	162.34	58.13	81.36
PB.17559.3	Protein_PB.17559.3	SPTAN1	SPTAN1	full-splice_match	YES	405.38	189.38	203.94
PB.17559.6	Protein_PB.17559.6	SPTAN1	SPTAN1	full-splice_match	YES	27.79	30.5	26.5
PB.17560.1	Protein_PB.17560.1	SET	SET	full-splice_match	YES	31.27	29.34	34.53
PB.17560.2	Protein_PB.17560.2	SET	SET	full-splice_match	YES	438.64	458.51	459.43
PB.17560.4	Protein_PB.17560.4	SET	SET	incomplete-splice_match	YES	487.78	434.59	479.27
PB.17561.8	Protein_PB.17561.8	PKN3	PKN3	novel_in_catalog	YES	9.96	6.11	18.64
PB.17562.1	Protein_PB.17562.1	TBC1D13	TBC1D13	novel_not_in_catalog	YES	25.89	26.21	9.94
PB.17562.3	Protein_PB.17562.3	TBC1D13	TBC1D13	full-splice_match	YES	75.42	77.93	83.49
PB.17562.5	Protein_PB.17562.5	TBC1D13	TBC1D13	novel_in_catalog	YES	50.91	28.58	57.04
PB.17562.6	Protein_PB.17562.6	TBC1D13	TBC1D13	novel_in_catalog	YES	10.85	5.84	21.25
PB.17563.1	Protein_PB.17563.1	ENDOG	ENDOG	full-splice_match	YES	186.38	187.53	97.51
PB.17564.2	Protein_PB.17564.2	LRRC8A	LRRC8A	full-splice_match	YES	18.6	8.06	15.4
PB.17564.3	Protein_PB.17564.3	LRRC8A	LRRC8A	full-splice_match	YES	88.87	60.56	104.51
PB.17565.14	Protein_PB.17565.14	PHYHD1	PHYHD1	novel_in_catalog	YES	89.29	92.45	62.68
PB.17565.17	Protein_PB.17565.17	PHYHD1	PHYHD1	full-splice_match	YES	13.51	30.47	7.79
PB.17565.23	Protein_PB.17565.23	PHYHD1	PHYHD1	novel_in_catalog	YES	14.48	23.08	15.11
PB.17566.2	Protein_PB.17566.2	NUP188	NUP188	full-splice_match	YES	110.41	125.5	144.21
PB.17567.1	Protein_PB.17567.1	MIGA2	MIGA2	full-splice_match	YES	102.13	137.52	96.6
PB.17568.1	Protein_PB.17568.1	DOLPP1	DOLPP1	full-splice_match	YES	8.11	10.48	22.41
PB.17569.11	Protein_PB.17569.11	PTPA	PTPA	novel_not_in_catalog	YES	241.37	254.88	145.43
PB.17569.3	Protein_PB.17569.3	PTPA	PTPA	full-splice_match	YES	172.22	226.62	218.44
PB.17569.7	Protein_PB.17569.7	PTPA	PTPA	novel_not_in_catalog	YES	103.17	92.11	75.33
PB.1757.1	Protein_PB.1757.1	HERPUD2	HERPUD2	full-splice_match	YES	224.86	244.06	253.54
PB.1757.2	Protein_PB.1757.2	HERPUD2	HERPUD2	full-splice_match	YES	160.29	170.98	189.04
PB.17572.1	Protein_PB.17572.1	LOC113266504	LOC113266504	full-splice_match	YES	36.85	63.65	19.52
PB.17576.1	Protein_PB.17576.1	NTMT1	NTMT1	incomplete-splice_match	YES	20.51	24.59	22.25
PB.17576.3	Protein_PB.17576.3	NTMT1	NTMT1	full-splice_match	YES	245.22	278.2	209.7
PB.17577.1	Protein_PB.17577.1	PRRX2	PRRX2	full-splice_match	YES	44.39	17.88	32.73
PB.17578.7	Protein_PB.17578.7	TOR1B	TOR1B	full-splice_match	YES	37.76	45.41	43.61
PB.17579.6	Protein_PB.17579.6	USP20	USP20	novel_in_catalog	YES	145.06	152.38	101.64
PB.17579.7	Protein_PB.17579.7	USP20	USP20	novel_in_catalog	YES	27.2	47.8	22.74
PB.17579.8	Protein_PB.17579.8	USP20	USP20	novel_in_catalog	YES	27.83	24.34	53.35
PB.17580.2	Protein_PB.17580.2	GPR107	GPR107	full-splice_match	YES	234.58	220.47	274.78
PB.17581.2	Protein_PB.17581.2	NCS1	NCS1	full-splice_match	YES	14.48	7.14	19.08
PB.17582.1	Protein_PB.17582.1	HMCN2	HMCN2	full-splice_match	YES	582.97	417.66	201.26
PB.17584.4	Protein_PB.17584.4	FUBP3	FUBP3	full-splice_match	YES	98.82	91.15	104.1
PB.17586.13	Protein_PB.17586.13	EXOSC2	EXOSC2	full-splice_match	YES	29.04	22.63	41.8
PB.17587.1	Protein_PB.17587.1	ABL1	ABL1	full-splice_match	YES	59.4	49.04	68.31
PB.17587.2	Protein_PB.17587.2	ABL1	ABL1	full-splice_match	YES	129.73	96.65	133.84
PB.17589.2	Protein_PB.17589.2	AIF1L	AIF1L	full-splice_match	YES	33.2	31.31	51.65
PB.17590.1	Protein_PB.17590.1	NUP214	NUP214	full-splice_match	YES	42.69	56.13	53.34
PB.17590.2	Protein_PB.17590.2	NUP214	NUP214	full-splice_match	YES	46.65	14.52	40.14
PB.17590.4	Protein_PB.17590.4	NUP214	NUP214	full-splice_match	YES	38.37	47.31	63.87
PB.17591.1	Protein_PB.17591.1	PLPP7	PLPP7	full-splice_match	YES	459.49	395.62	426.84
PB.17591.2	Protein_PB.17591.2	PLPP7	PLPP7	full-splice_match	YES	209.98	182.93	222.07
PB.17592.1	Protein_PB.17592.1	PRRC2B	PRRC2B	full-splice_match	YES	100.37	46.79	104.07
PB.17592.6	Protein_PB.17592.6	PRRC2B	PRRC2B	full-splice_match	YES	16.27	31.79	47.61
PB.17592.7	Protein_PB.17592.7	PRRC2B	PRRC2B	full-splice_match	YES	74.69	24.51	32.0
PB.17592.9	Protein_PB.17592.9	PRRC2B	PRRC2B	full-splice_match	YES	109.56	56.84	143.64
PB.17600.1	Protein_PB.17600.1	GTF3C4	GTF3C4	full-splice_match	YES	159.76	152.28	157.13
PB.17601.4	Protein_PB.17601.4	SPACA9	SPACA9	full-splice_match	YES	22.46	17.51	10.84
PB.17603.1	Protein_PB.17603.1	GTF3C5	GTF3C5	full-splice_match	YES	71.15	66.49	65.08
PB.17603.2	Protein_PB.17603.2	GTF3C5_CEL	GTF3C5_CEL	full-splice_match	YES	84.82	95.02	69.66
PB.17604.1	Protein_PB.17604.1	RPL7A	RPL7A	full-splice_match	YES	9097.74	9275.11	11903.49
PB.17609.1	Protein_PB.17609.1	SURF2	SURF2	full-splice_match	YES	76.4	77.14	63.31
PB.17612.1	Protein_PB.17612.1	CACFD1	CACFD1	full-splice_match	YES	156.04	155.72	180.0
PB.17614.1	Protein_PB.17614.1	ADAMTSL2	ADAMTSL2	full-splice_match	YES	45.17	41.66	15.32
PB.17619.11	Protein_PB.17619.11	WDR5	WDR5	full-splice_match	YES	240.42	230.88	173.0
PB.17619.14	Protein_PB.17619.14	WDR5	WDR5	full-splice_match	YES	4.78	8.98	17.67
PB.17619.3	Protein_PB.17619.3	WDR5	WDR5	full-splice_match	YES	58.63	39.11	64.0
PB.17619.4	Protein_PB.17619.4	WDR5	WDR5	full-splice_match	YES	38.71	47.06	42.94
PB.17620.1	Protein_PB.17620.1	RXRA	RXRA	full-splice_match	YES	996.94	869.35	883.42
PB.17620.3	Protein_PB.17620.3	RXRA	RXRA	full-splice_match	YES	18.23	10.92	14.49
PB.17621.1	Protein_PB.17621.1	COL5A1	COL5A1	full-splice_match	YES	485.73	120.04	191.87
PB.17621.2	Protein_PB.17621.2	COL5A1	COL5A1	novel_not_in_catalog	YES	25.89	15.89	12.15
PB.17622.2	Protein_PB.17622.2	OLFM1	OLFM1	full-splice_match	YES	145.83	339.85	207.38
PB.17625.3	Protein_PB.17625.3	MRPS2	MRPS2	full-splice_match	YES	376.32	447.95	333.57
PB.17629.1	Protein_PB.17629.1	KCNT1	KCNT1	full-splice_match	YES	84.02	78.44	76.43
PB.1763.1	Protein_PB.1763.1	THAP5	THAP5	full-splice_match	YES	157.95	179.12	161.89
PB.1763.2	Protein_PB.1763.2	THAP5	THAP5	novel_not_in_catalog	YES	4.66	10.86	26.42
PB.1763.4	Protein_PB.1763.4	THAP5	THAP5	novel_in_catalog	YES	25.24	30.49	26.88
PB.17633.2	Protein_PB.17633.2	INIP	INIP	full-splice_match	YES	37.17	25.92	25.29
PB.17633.3		INIP	INIP	novel_in_catalog	NO	7.73	19.14	10.19
PB.17639.5	Protein_PB.17639.5	ZFP37	ZFP37	novel_not_in_catalog	YES	29.76	19.88	30.72
PB.17640.15	Protein_PB.17640.15	FKBP15	FKBP15	incomplete-splice_match	YES	15.0	38.43	27.4
PB.17640.3	Protein_PB.17640.3	FKBP15	FKBP15	full-splice_match	YES	54.0	29.42	66.17
PB.17645.3	Protein_PB.17645.3	ALAD	ALAD	novel_in_catalog	YES	18.88	0.0	29.2
PB.17645.5	Protein_PB.17645.5	ALAD	ALAD	full-splice_match	YES	107.55	148.85	136.98
PB.17645.6	Protein_PB.17645.6	ALAD	ALAD	full-splice_match	YES	33.21	42.36	38.41
PB.17646.1	Protein_PB.17646.1	POLE3	POLE3	novel_not_in_catalog	YES	80.8	79.43	52.77
PB.17646.2	Protein_PB.17646.2	POLE3	POLE3	full-splice_match	YES	260.86	296.12	296.31
PB.1765.1	Protein_PB.1765.1	IMMP2L	IMMP2L	full-splice_match	YES	27.41	38.99	13.16
PB.1765.2	Protein_PB.1765.2	IMMP2L	IMMP2L	full-splice_match	YES	247.96	266.59	256.18
PB.17650.1	Protein_PB.17650.1	AKNA	AKNA	full-splice_match	YES	16.26	11.31	19.53
PB.17656.1	Protein_PB.17656.1	TNC	TNC	novel_in_catalog	YES	202.45	33.37	115.16
PB.17656.4	Protein_PB.17656.4	TNC	TNC	full-splice_match	YES	44.89	11.43	12.53
PB.17659.1		novelGene_2066	novelGene_2066	intergenic	NO	29.53	35.03	9.88
PB.1766.1	Protein_PB.1766.1	DOCK4	DOCK4	full-splice_match	YES	122.16	70.34	56.59
PB.1766.3	Protein_PB.1766.3	DOCK4	DOCK4	full-splice_match	YES	37.3	54.78	68.84
PB.17662.1	Protein_PB.17662.1	CDK5RAP2	CDK5RAP2	full-splice_match	YES	51.08	47.25	49.35
PB.17662.4	Protein_PB.17662.4	CDK5RAP2	CDK5RAP2	full-splice_match	YES	48.32	9.65	93.72
PB.17662.5	Protein_PB.17662.5	CDK5RAP2	CDK5RAP2	full-splice_match	YES	87.22	124.87	25.64
PB.17663.1	Protein_PB.17663.1	MEGF9	MEGF9	full-splice_match	YES	47.56	44.53	63.99
PB.17664.1	Protein_PB.17664.1	FBXW2	FBXW2	full-splice_match	YES	222.16	202.65	212.64
PB.17664.2	Protein_PB.17664.2	FBXW2	FBXW2	novel_not_in_catalog	YES	18.61	19.18	47.55
PB.17664.3	Protein_PB.17664.3	FBXW2	FBXW2	novel_not_in_catalog	YES	49.72	45.63	62.28
PB.17664.5	Protein_PB.17664.5	FBXW2	FBXW2	novel_not_in_catalog	YES	11.64	0.0	31.95
PB.17664.6	Protein_PB.17664.6	FBXW2	FBXW2	novel_in_catalog	YES	15.22	9.54	18.98
PB.17665.2	Protein_PB.17665.2	PSMD5	PSMD5	full-splice_match	YES	222.52	289.22	225.73
PB.17666.8	Protein_PB.17666.8	PHF19	PHF19	full-splice_match	YES	45.63	20.73	40.03
PB.17667.3	Protein_PB.17667.3	TRAF1	TRAF1	novel_not_in_catalog	YES	94.08	72.56	76.26
PB.17667.5	Protein_PB.17667.5	TRAF1	TRAF1	novel_not_in_catalog	YES	0.0	14.17	25.1
PB.17669.1	Protein_PB.17669.1	RAB14	RAB14	full-splice_match	YES	26.68	20.28	24.98
PB.17669.3	Protein_PB.17669.3	RAB14	RAB14	novel_in_catalog	YES	24.58	47.66	55.66
PB.17669.4	Protein_PB.17669.4	RAB14	RAB14	novel_in_catalog	YES	21.4	16.86	26.48
PB.17669.6	Protein_PB.17669.6	RAB14	RAB14	novel_not_in_catalog	YES	196.4	155.83	171.8
PB.17670.10	Protein_PB.17670.10	STOM	STOM	novel_not_in_catalog	YES	191.33	165.22	144.52
PB.17670.14	Protein_PB.17670.14	STOM	STOM	novel_in_catalog	YES	46.66	34.17	38.59
PB.17670.3	Protein_PB.17670.3	STOM	STOM	novel_not_in_catalog	YES	19.16	20.64	0.0
PB.17670.4	Protein_PB.17670.4	STOM	STOM	novel_not_in_catalog	YES	104.06	124.13	145.26
PB.17670.6	Protein_PB.17670.6	STOM	STOM	full-splice_match	YES	52.63	48.59	21.42
PB.17670.7	Protein_PB.17670.7	STOM	STOM	novel_in_catalog	YES	296.35	207.26	143.55
PB.17673.1	Protein_PB.17673.1	LOC113266361	LOC113266361	full-splice_match	YES	717.07	605.71	348.21
PB.17674.1	Protein_PB.17674.1	TTLL11	TTLL11	full-splice_match	YES	17.23	13.55	15.31
PB.17675.1	Protein_PB.17675.1	NDUFA8	NDUFA8	full-splice_match	YES	1823.76	2255.74	1470.02
PB.17677.5	Protein_PB.17677.5	RBM18	RBM18	full-splice_match	YES	235.22	226.66	235.19
PB.17677.6	Protein_PB.17677.6	RBM18	RBM18	novel_in_catalog	YES	32.88	65.8	59.02
PB.1768.1	Protein_PB.1768.1	TMEM168	TMEM168	full-splice_match	YES	99.29	79.52	77.86
PB.1768.3	Protein_PB.1768.3	TMEM168	TMEM168	novel_not_in_catalog	YES	50.1	60.38	81.44
PB.17688.1	Protein_PB.17688.1	PDCL	PDCL	full-splice_match	YES	49.64	34.87	35.1
PB.17689.1	Protein_PB.17689.1	RC3H2	RC3H2	full-splice_match	YES	316.99	301.15	344.93
PB.17689.2	Protein_PB.17689.2	RC3H2	RC3H2	full-splice_match	YES	90.51	127.95	88.53
PB.17689.3	Protein_PB.17689.3	RC3H2	RC3H2	full-splice_match	YES	122.48	120.89	133.03
PB.1769.1	Protein_PB.1769.1	BMT2	BMT2	full-splice_match	YES	281.33	310.89	285.38
PB.17691.1	Protein_PB.17691.1	ZBTB6	ZBTB6	full-splice_match	YES	61.59	57.82	63.57
PB.17692.1	Protein_PB.17692.1	ZBTB26	ZBTB26	full-splice_match	YES	8.57	11.61	31.23
PB.17692.2	Protein_PB.17692.2	ZBTB26	ZBTB26	full-splice_match	YES	29.6	40.32	36.48
PB.17692.4	Protein_PB.17692.4	ZBTB26	ZBTB26	novel_not_in_catalog	YES	58.26	53.92	51.79
PB.17694.1	Protein_PB.17694.1	STRBP	STRBP	full-splice_match	YES	31.86	20.72	48.46
PB.17694.5	Protein_PB.17694.5	STRBP	STRBP	full-splice_match	YES	58.65	50.21	36.31
PB.17695.4	Protein_PB.17695.4	DENND1A	DENND1A	full-splice_match	YES	44.98	55.46	73.75
PB.17699.1	Protein_PB.17699.1	PSMB7	PSMB7	full-splice_match	YES	1324.42	1472.55	983.44
PB.17701.2	Protein_PB.17701.2	NR6A1	NR6A1	full-splice_match	YES	9.3	12.14	17.76
PB.17703.1	Protein_PB.17703.1	RPL35	RPL35	full-splice_match	YES	3670.85	3887.41	4485.7
PB.17704.2		novelGene_2075	novelGene_2075	intergenic	NO	18.81	24.18	35.79
PB.17705.1	Protein_PB.17705.1	GOLGA1	GOLGA1	novel_not_in_catalog	YES	7.15	23.17	26.11
PB.17705.3	Protein_PB.17705.3	GOLGA1	GOLGA1	full-splice_match	YES	94.2	86.61	97.6
PB.17705.7	Protein_PB.17705.7	GOLGA1	GOLGA1	incomplete-splice_match	YES	23.24	18.38	16.56
PB.17706.2	Protein_PB.17706.2	SCAI	SCAI	full-splice_match	YES	20.94	22.07	28.71
PB.17707.1	Protein_PB.17707.1	PPP6C	PPP6C	full-splice_match	YES	169.03	199.15	196.09
PB.17707.2	Protein_PB.17707.2	PPP6C	PPP6C	novel_not_in_catalog	YES	39.43	17.44	24.33
PB.17708.2	Protein_PB.17708.2	HSPA5	HSPA5	novel_in_catalog	YES	361.3	361.76	394.05
PB.17708.3	Protein_PB.17708.3	HSPA5	HSPA5	novel_in_catalog	YES	411.12	496.78	412.82
PB.17709.11	Protein_PB.17709.11	MAPKAP1	MAPKAP1	novel_in_catalog	YES	191.13	234.95	154.85
PB.17709.12	Protein_PB.17709.12	MAPKAP1	MAPKAP1	novel_not_in_catalog	YES	7.26	18.2	16.43
PB.17709.13	Protein_PB.17709.13	MAPKAP1	MAPKAP1	novel_in_catalog	YES	46.43	45.09	64.32
PB.17709.15	Protein_PB.17709.15	MAPKAP1	MAPKAP1	novel_in_catalog	YES	16.7	21.55	23.16
PB.17709.2	Protein_PB.17709.2	MAPKAP1	MAPKAP1	novel_in_catalog	YES	7.03	5.83	19.45
PB.17709.5	Protein_PB.17709.5	MAPKAP1	MAPKAP1	full-splice_match	YES	64.46	87.21	53.12
PB.17709.6	Protein_PB.17709.6	MAPKAP1	MAPKAP1	full-splice_match	YES	35.93	14.67	24.38
PB.17709.7	Protein_PB.17709.7	MAPKAP1	MAPKAP1	full-splice_match	YES	113.49	60.77	75.37
PB.1771.1		SMIM30	SMIM30	full-splice_match	NO	183.02	177.31	192.62
PB.17711.4	Protein_PB.17711.4	ANGPTL2	ANGPTL2	full-splice_match	YES	190.74	69.16	84.07
PB.17711.5	Protein_PB.17711.5	ANGPTL2	ANGPTL2	full-splice_match	YES	25.97	8.15	11.65
PB.17713.1	Protein_PB.17713.1	RPL12	RPL12	full-splice_match	YES	3637.96	3561.24	5914.31
PB.17715.2	Protein_PB.17715.2	FAM129B	FAM129B	full-splice_match	YES	162.55	110.97	131.94
PB.17716.1	Protein_PB.17716.1	PTRH1	PTRH1	full-splice_match	YES	29.69	32.17	28.02
PB.17718.1	Protein_PB.17718.1	SH2D3C	SH2D3C	full-splice_match	YES	33.28	23.78	30.08
PB.17719.1	Protein_PB.17719.1	ENG	ENG	full-splice_match	YES	32.51	18.39	19.72
PB.17719.2	Protein_PB.17719.2	ENG	ENG	full-splice_match	YES	12.47	36.9	7.8
PB.17719.3	Protein_PB.17719.3	ENG	ENG	full-splice_match	YES	25.75	7.23	13.57
PB.17719.4	Protein_PB.17719.4	ENG	ENG	novel_not_in_catalog	YES	46.56	31.63	26.02
PB.17720.1	Protein_PB.17720.1	AK1	AK1	full-splice_match	YES	120.13	67.42	34.96
PB.17720.2	Protein_PB.17720.2	AK1	AK1	novel_not_in_catalog	YES	673.75	531.42	438.0
PB.17720.4	Protein_PB.17720.4	AK1	AK1	novel_in_catalog	YES	35.14	27.74	16.27
PB.17720.5	Protein_PB.17720.5	AK1	AK1	novel_not_in_catalog	YES	180.98	96.68	106.41
PB.17720.8	Protein_PB.17720.8	AK1	AK1	full-splice_match	YES	3813.91	2706.9	2657.25
PB.17721.1	Protein_PB.17721.1	ST6GALNAC6	ST6GALNAC6	novel_not_in_catalog	YES	147.02	266.75	197.93
PB.17721.10	Protein_PB.17721.10	ST6GALNAC6	ST6GALNAC6	novel_not_in_catalog	YES	30.98	36.2	50.32
PB.17721.11	Protein_PB.17721.11	ST6GALNAC6	ST6GALNAC6	novel_not_in_catalog	YES	20.11	20.02	38.39
PB.17721.2	Protein_PB.17721.2	ST6GALNAC6	ST6GALNAC6	novel_not_in_catalog	YES	571.66	698.38	460.66
PB.17721.4	Protein_PB.17721.4	ST6GALNAC6	ST6GALNAC6	full-splice_match	YES	87.88	105.95	140.5
PB.17721.5	Protein_PB.17721.5	ST6GALNAC6	ST6GALNAC6	full-splice_match	YES	225.78	213.24	158.36
PB.17721.6	Protein_PB.17721.6	ST6GALNAC6	ST6GALNAC6	full-splice_match	YES	182.02	213.1	150.05
PB.17721.7	Protein_PB.17721.7	ST6GALNAC6	ST6GALNAC6	novel_in_catalog	YES	19.43	11.66	43.33
PB.17721.8	Protein_PB.17721.8	ST6GALNAC6	ST6GALNAC6	novel_not_in_catalog	YES	43.44	53.74	45.11
PB.17721.9	Protein_PB.17721.9	ST6GALNAC6	ST6GALNAC6	novel_not_in_catalog	YES	25.32	14.12	68.5
PB.17722.1	Protein_PB.17722.1	ST6GALNAC4	ST6GALNAC4	novel_not_in_catalog	YES	25.56	28.44	11.25
PB.17722.4	Protein_PB.17722.4	ST6GALNAC4	ST6GALNAC4	full-splice_match	YES	259.04	329.92	198.86
PB.17722.5	Protein_PB.17722.5	ST6GALNAC4	ST6GALNAC4	novel_not_in_catalog	YES	0.56	7.72	20.89
PB.17722.9	Protein_PB.17722.9	ST6GALNAC4	ST6GALNAC4	full-splice_match	YES	24.97	51.97	73.08
PB.17724.2	Protein_PB.17724.2	DPM2	DPM2	novel_in_catalog	YES	45.66	46.03	49.5
PB.17725.1	Protein_PB.17725.1	FAM102A	FAM102A	full-splice_match	YES	18.96	9.46	27.35
PB.17728.1	Protein_PB.17728.1	PTGES2	PTGES2	full-splice_match	YES	1215.6	1362.97	728.29
PB.17729.1	Protein_PB.17729.1	CIZ1	CIZ1	full-splice_match	YES	41.34	33.28	52.47
PB.17729.2	Protein_PB.17729.2	CIZ1	CIZ1	full-splice_match	YES	66.08	65.72	80.77
PB.1773.1		novelGene_LOC113263103_AS	novelGene_LOC113263103_AS	antisense	NO	191.29	132.8	140.47
PB.1773.2		novelGene_LOC113263103_AS	novelGene_LOC113263103_AS	antisense	NO	279.5	198.5	252.99
PB.1773.3		novelGene_LOC113263103_AS	novelGene_LOC113263103_AS	antisense	NO	39.77	24.17	42.69
PB.1773.4		novelGene_LOC113263103_AS	novelGene_LOC113263103_AS	antisense	NO	187.33	160.63	172.3
PB.1773.5		novelGene_LOC113263103_AS	novelGene_LOC113263103_AS	antisense	NO	48.04	37.36	16.33
PB.17731.1	Protein_PB.17731.1	GOLGA2	GOLGA2	full-splice_match	YES	65.31	49.99	86.24
PB.17731.2	Protein_PB.17731.2	GOLGA2	GOLGA2	full-splice_match	YES	148.26	159.31	135.37
PB.17731.4	Protein_PB.17731.4	GOLGA2	GOLGA2	full-splice_match	YES	245.11	205.34	209.23
PB.17732.3	Protein_PB.17732.3	TRUB2	TRUB2	full-splice_match	YES	115.24	119.95	56.97
PB.17736.6	Protein_PB.17736.6	WDR34	WDR34	full-splice_match	YES	20.72	18.05	13.54
PB.17738.2	Protein_PB.17738.2	ZDHHC12	ZDHHC12	full-splice_match	YES	29.25	30.07	54.89
PB.17739.1	Protein_PB.17739.1	ZER1	ZER1	full-splice_match	YES	493.24	511.06	454.97
PB.17739.4	Protein_PB.17739.4	ZER1	ZER1	full-splice_match	YES	20.71	34.97	22.82
PB.1774.1	Protein_PB.1774.1	PPP1R3A	PPP1R3A	novel_not_in_catalog	YES	61.12	38.65	41.92
PB.1774.2	Protein_PB.1774.2	PPP1R3A	PPP1R3A	full-splice_match	YES	972.74	719.81	883.31
PB.1774.4	Protein_PB.1774.4	PPP1R3A	PPP1R3A	novel_not_in_catalog	YES	696.23	541.2	388.18
PB.1774.5	Protein_PB.1774.5	PPP1R3A	PPP1R3A	novel_not_in_catalog	YES	3219.73	2554.82	2550.81
PB.1774.6	Protein_PB.1774.6	PPP1R3A	PPP1R3A	novel_not_in_catalog	YES	2358.5	1944.12	1842.99
PB.1774.7	Protein_PB.1774.7	PPP1R3A	PPP1R3A	novel_not_in_catalog	YES	32.32	22.51	44.61
PB.17740.6	Protein_PB.17740.6	SPOUT1	SPOUT1	full-splice_match	YES	82.61	74.51	67.4
PB.17741.7	Protein_PB.17741.7	KYAT1	KYAT1	full-splice_match	YES	23.47	47.09	22.53
PB.17741.8	Protein_PB.17741.8	KYAT1	KYAT1	full-splice_match	YES	111.26	135.02	97.97
PB.17742.1	Protein_PB.17742.1	DOLK	DOLK	full-splice_match	YES	45.31	54.59	43.51
PB.17743.1	Protein_PB.17743.1	SH3GLB2	SH3GLB2	full-splice_match	YES	66.1	70.82	91.03
PB.17743.4	Protein_PB.17743.4	SH3GLB2	SH3GLB2	full-splice_match	YES	34.47	17.57	96.19
PB.17744.1	Protein_PB.17744.1	CRAT	CRAT	full-splice_match	YES	3009.82	3181.65	4976.22
PB.17744.3	Protein_PB.17744.3	CRAT	CRAT	full-splice_match	YES	18.09	9.91	26.23
PB.17744.4	Protein_PB.17744.4	CRAT	CRAT	novel_not_in_catalog	YES	532.86	586.31	872.64
PB.17744.5	Protein_PB.17744.5	CRAT	CRAT	novel_in_catalog	YES	15.5	20.71	44.23
PB.17744.6	Protein_PB.17744.6	CRAT	CRAT	full-splice_match	YES	117.74	96.13	179.97
PB.17745.1	Protein_PB.17745.1	IER5L	IER5L	full-splice_match	YES	21.37	11.54	12.69
PB.17750.1	Protein_PB.17750.1	ASB6	ASB6	full-splice_match	YES	87.3	77.93	101.91
PB.17750.3	Protein_PB.17750.3	ASB6	ASB6	novel_in_catalog	YES	52.44	51.27	63.15
PB.17751.1	Protein_PB.17751.1	PTGES	PTGES	full-splice_match	YES	21.01	8.77	17.15
PB.17752.1	Protein_PB.17752.1	TOR1A	TOR1A	full-splice_match	YES	102.68	87.57	79.35
PB.17753.1	Protein_PB.17753.1	CUNH9orf78	CUNH9orf78	full-splice_match	YES	125.66	117.09	117.62
PB.17754.2	Protein_PB.17754.2	FNBP1	FNBP1	full-splice_match	YES	6.81	24.39	22.48
PB.17754.6	Protein_PB.17754.6	FNBP1	FNBP1	full-splice_match	YES	0.2	6.36	23.05
PB.17754.7	Protein_PB.17754.7	FNBP1	FNBP1	full-splice_match	YES	38.65	16.65	18.26
PB.17758.1	Protein_PB.17758.1	FAM78A	FAM78A	full-splice_match	YES	640.46	362.73	321.71
PB.17760.3	Protein_PB.17760.3	UCK1	UCK1	full-splice_match	YES	37.58	46.43	52.59
PB.17761.1	Protein_PB.17761.1	RAPGEF1	RAPGEF1	novel_not_in_catalog	YES	171.88	133.12	247.66
PB.17761.2	Protein_PB.17761.2	RAPGEF1	RAPGEF1	novel_not_in_catalog	YES	20.2	2.99	0.0
PB.17761.3	Protein_PB.17761.3	RAPGEF1	RAPGEF1	full-splice_match	YES	23.51	26.17	32.18
PB.17761.5	Protein_PB.17761.5	RAPGEF1	RAPGEF1	novel_not_in_catalog	YES	315.68	270.59	197.12
PB.17761.6	Protein_PB.17761.6	RAPGEF1	RAPGEF1	novel_not_in_catalog	YES	155.0	138.33	147.1
PB.17761.7	Protein_PB.17761.7	RAPGEF1	RAPGEF1	novel_not_in_catalog	YES	290.54	236.83	255.44
PB.17762.1	Protein_PB.17762.1	LOC113266538	LOC113266538	full-splice_match	YES	30.45	25.24	23.16
PB.17763.1	Protein_PB.17763.1	MED27	MED27	full-splice_match	YES	58.32	68.23	52.87
PB.17764.1	Protein_PB.17764.1	SETX	SETX	full-splice_match	YES	92.4	148.28	123.79
PB.17764.2	Protein_PB.17764.2	SETX	SETX	full-splice_match	YES	92.35	102.35	94.32
PB.17764.3	Protein_PB.17764.3	SETX	SETX	full-splice_match	YES	195.89	161.99	13.55
PB.17764.4	Protein_PB.17764.4	SETX	SETX	full-splice_match	YES	21.25	79.71	204.99
PB.17764.5	Protein_PB.17764.5	SETX	SETX	full-splice_match	YES	88.43	42.25	183.83
PB.17764.6	Protein_PB.17764.6	SETX	SETX	incomplete-splice_match	YES	92.36	97.83	124.7
PB.17765.2	Protein_PB.17765.2	TTF1	TTF1	full-splice_match	YES	81.33	63.93	81.67
PB.17765.3	Protein_PB.17765.3	TTF1	TTF1	full-splice_match	YES	6.36	11.35	17.5
PB.17766.3	Protein_PB.17766.3	DDX31	DDX31	novel_in_catalog	YES	19.73	37.62	33.66
PB.17766.4	Protein_PB.17766.4	DDX31	DDX31	novel_in_catalog	YES	8.66	15.52	26.88
PB.17766.5	Protein_PB.17766.5	DDX31	DDX31	novel_in_catalog	YES	64.22	49.92	55.62
PB.17768.1	Protein_PB.17768.1	TSC1	TSC1	full-splice_match	YES	120.12	39.42	72.95
PB.17768.3	Protein_PB.17768.3	TSC1	TSC1	full-splice_match	YES	25.12	7.11	44.74
PB.17768.6	Protein_PB.17768.6	TSC1	TSC1	novel_in_catalog	YES	114.92	76.19	84.32
PB.17768.7	Protein_PB.17768.7	TSC1	TSC1	novel_in_catalog	YES	95.86	185.23	123.58
PB.17768.8	Protein_PB.17768.8	TSC1	TSC1	novel_in_catalog	YES	126.1	237.85	142.83
PB.17769.1	Protein_PB.17769.1	RALGDS	RALGDS	full-splice_match	YES	28.02	30.97	23.94
PB.17769.2	Protein_PB.17769.2	RALGDS	RALGDS	full-splice_match	YES	7.74	14.34	17.64
PB.17769.3	Protein_PB.17769.3	RALGDS	RALGDS	novel_not_in_catalog	YES	37.66	37.41	75.97
PB.17769.5	Protein_PB.17769.5	RALGDS	RALGDS	novel_not_in_catalog	YES	132.62	122.8	127.08
PB.17770.1	Protein_PB.17770.1	GBGT1	GBGT1	full-splice_match	YES	288.43	320.12	139.36
PB.17770.2	Protein_PB.17770.2	GBGT1	GBGT1	full-splice_match	YES	23.63	24.87	16.72
PB.17772.6	Protein_PB.17772.6	SURF6	SURF6	full-splice_match	YES	94.14	84.75	86.43
PB.17773.2	Protein_PB.17773.2	MED22	MED22	full-splice_match	YES	87.61	106.64	101.7
PB.17773.3	Protein_PB.17773.3	MED22	MED22	novel_in_catalog	YES	125.51	88.71	119.95
PB.17773.4	Protein_PB.17773.4	MED22	MED22	full-splice_match	YES	28.85	47.04	30.41
PB.17774.1	Protein_PB.17774.1	LOC113266563	LOC113266563	full-splice_match	YES	274.61	318.23	254.15
PB.17775.2	Protein_PB.17775.2	SURF4	SURF4	full-splice_match	YES	245.21	246.4	231.53
PB.17775.3	Protein_PB.17775.3	SURF4	SURF4	novel_not_in_catalog	YES	45.81	26.73	30.9
PB.17776.1	Protein_PB.17776.1	REXO4	REXO4	novel_in_catalog	YES	17.59	15.67	33.1
PB.17776.2	Protein_PB.17776.2	REXO4	REXO4	full-splice_match	YES	59.18	58.46	49.83
PB.17780.3	Protein_PB.17780.3	SARDH	SARDH	full-splice_match	YES	27.21	71.49	39.22
PB.17781.2	Protein_PB.17781.2	VAV2	VAV2	full-splice_match	YES	25.8	7.83	15.71
PB.17782.1	Protein_PB.17782.1	BRD3	BRD3	full-splice_match	YES	140.93	146.93	140.5
PB.17782.2	Protein_PB.17782.2	BRD3	BRD3	full-splice_match	YES	123.02	92.54	117.72
PB.17788.1	Protein_PB.17788.1	CAMSAP1	CAMSAP1	full-splice_match	YES	543.79	682.95	836.12
PB.17788.2	Protein_PB.17788.2	CAMSAP1	CAMSAP1	full-splice_match	YES	47.37	56.4	87.55
PB.17788.3	Protein_PB.17788.3	CAMSAP1	CAMSAP1	full-splice_match	YES	625.46	581.43	600.02
PB.17789.1	Protein_PB.17789.1	UBAC1	UBAC1	full-splice_match	YES	1542.04	1627.55	1508.97
PB.17791.2	Protein_PB.17791.2	NACC2	NACC2	full-splice_match	YES	40.13	42.77	54.01
PB.17792.2	Protein_PB.17792.2	TMEM250	TMEM250	full-splice_match	YES	88.45	146.23	109.17
PB.17792.3	Protein_PB.17792.3	TMEM250	TMEM250	novel_not_in_catalog	YES	392.25	298.03	314.21
PB.17794.1	Protein_PB.17794.1	QSOX2	QSOX2	incomplete-splice_match	YES	19.17	18.08	18.83
PB.17794.2	Protein_PB.17794.2	QSOX2	QSOX2	full-splice_match	YES	33.48	27.25	39.52
PB.17799.1	Protein_PB.17799.1	PPP2R2C	PPP2R2C	full-splice_match	YES	50.86	47.26	23.73
PB.17803.5	Protein_PB.17803.5	EVC2	EVC2	full-splice_match	YES	28.2	24.36	27.6
PB.17806.1	Protein_PB.17806.1	STX18	STX18	full-splice_match	YES	100.03	122.05	119.81
PB.17806.3	Protein_PB.17806.3	STX18	STX18	full-splice_match	YES	56.36	46.8	50.86
PB.17807.1	Protein_PB.17807.1	LYAR	LYAR	full-splice_match	YES	31.21	36.79	29.9
PB.17808.1	Protein_PB.17808.1	TMEM128	TMEM128	incomplete-splice_match	YES	14.67	7.32	18.5
PB.17808.5	Protein_PB.17808.5	TMEM128	TMEM128	novel_not_in_catalog	YES	66.24	65.01	56.9
PB.17818.10	Protein_PB.17818.10	CPEB2	CPEB2	incomplete-splice_match	YES	9.56	0.44	18.84
PB.17818.7	Protein_PB.17818.7	CPEB2	CPEB2	full-splice_match	YES	10.65	15.67	45.51
PB.17818.8	Protein_PB.17818.8	CPEB2	CPEB2	full-splice_match	YES	21.41	16.39	11.21
PB.17818.9	Protein_PB.17818.9	CPEB2	CPEB2	novel_not_in_catalog	YES	11.11	17.52	25.44
PB.17820.4	Protein_PB.17820.4	CC2D2A	CC2D2A	novel_not_in_catalog	YES	17.82	15.24	33.43
PB.17825.2	Protein_PB.17825.2	CD38	CD38	full-splice_match	YES	20.5	20.49	13.71
PB.17831.1	Protein_PB.17831.1	LAP3	LAP3	full-splice_match	YES	411.59	439.73	351.66
PB.17832.1	Protein_PB.17832.1	MED28	MED28	incomplete-splice_match	YES	28.23	45.66	63.34
PB.17832.2	Protein_PB.17832.2	MED28	MED28	novel_in_catalog	YES	264.68	245.73	251.6
PB.17832.3	Protein_PB.17832.3	MED28	MED28	full-splice_match	YES	74.51	88.63	71.18
PB.17837.1	Protein_PB.17837.1	SLIT2	SLIT2	full-splice_match	YES	22.19	1.35	18.43
PB.17848.1	Protein_PB.17848.1	SOD3	SOD3	full-splice_match	YES	62.37	23.76	42.5
PB.17849.2	Protein_PB.17849.2	PI4K2B	PI4K2B	full-splice_match	YES	107.51	78.23	95.13
PB.17850.1	Protein_PB.17850.1	ZCCHC4	ZCCHC4	novel_not_in_catalog	YES	41.99	45.98	36.47
PB.17850.3	Protein_PB.17850.3	ZCCHC4	ZCCHC4	full-splice_match	YES	16.71	21.1	19.4
PB.17851.4	Protein_PB.17851.4	ANAPC4	ANAPC4	full-splice_match	YES	145.37	152.66	174.94
PB.17854.2		SMIM20	SMIM20	full-splice_match	NO	468.33	551.22	643.63
PB.17854.4	Protein_PB.17854.4	SMIM20	SMIM20	full-splice_match	YES	9.07	15.49	22.22
PB.17854.5		SMIM20	SMIM20	novel_not_in_catalog	NO	31.1	41.56	41.3
PB.17854.6	Protein_PB.17854.6	SMIM20	SMIM20	full-splice_match	YES	25.07	16.15	23.69
PB.17855.1	Protein_PB.17855.1	RBPJ	RBPJ	full-splice_match	YES	31.85	19.6	41.22
PB.17855.3	Protein_PB.17855.3	RBPJ	RBPJ	full-splice_match	YES	56.36	39.06	72.67
PB.17855.5	Protein_PB.17855.5	RBPJ	RBPJ	full-splice_match	YES	26.81	25.16	39.1
PB.17855.6	Protein_PB.17855.6	RBPJ	RBPJ	full-splice_match	YES	83.6	78.75	96.69
PB.17855.7	Protein_PB.17855.7	RBPJ	RBPJ	incomplete-splice_match	YES	92.42	92.93	95.99
PB.17856.2	Protein_PB.17856.2	TBC1D19	TBC1D19	full-splice_match	YES	14.74	28.08	10.71
PB.17857.1	Protein_PB.17857.1	STIM2	STIM2	full-splice_match	YES	66.83	45.95	66.86
PB.17859.1	Protein_PB.17859.1	WFS1	WFS1	full-splice_match	YES	20.33	30.67	13.41
PB.17862.1	Protein_PB.17862.1	EVC	EVC	full-splice_match	YES	66.55	33.28	52.78
PB.17862.2	Protein_PB.17862.2	EVC	EVC	full-splice_match	YES	17.47	39.4	33.32
PB.17866.1	Protein_PB.17866.1	NSG1	NSG1	full-splice_match	YES	23.06	22.98	23.33
PB.17868.14	Protein_PB.17868.14	SLC2A9	SLC2A9	novel_in_catalog	YES	158.48	187.96	112.92
PB.17868.3	Protein_PB.17868.3	SLC2A9	SLC2A9	full-splice_match	YES	48.24	42.66	44.77
PB.17868.8	Protein_PB.17868.8	SLC2A9	SLC2A9	full-splice_match	YES	23.2	22.24	12.86
PB.17869.1	Protein_PB.17869.1	WDR1	WDR1	full-splice_match	YES	777.74	723.51	656.87
PB.17870.1	Protein_PB.17870.1	ZNF518B	ZNF518B	full-splice_match	YES	62.01	50.97	77.4
PB.17876.1	Protein_PB.17876.1	RAB28	RAB28	full-splice_match	YES	130.86	149.34	82.44
PB.17876.2	Protein_PB.17876.2	RAB28	RAB28	full-splice_match	YES	38.38	11.27	32.12
PB.17876.4	Protein_PB.17876.4	RAB28	RAB28	novel_in_catalog	YES	104.63	108.19	51.31
PB.17876.5		RAB28	RAB28	novel_in_catalog	NO	63.12	90.61	91.67
PB.17876.6	Protein_PB.17876.6	RAB28	RAB28	novel_not_in_catalog	YES	281.26	227.89	127.67
PB.17879.1	Protein_PB.17879.1	BOD1L1	BOD1L1	full-splice_match	YES	476.86	437.55	450.65
PB.17884.18	Protein_PB.17884.18	FBXL5	FBXL5	novel_not_in_catalog	YES	74.79	128.07	84.36
PB.17884.20	Protein_PB.17884.20	FBXL5	FBXL5	incomplete-splice_match	YES	276.8	290.5	247.63
PB.17884.3	Protein_PB.17884.3	FBXL5	FBXL5	full-splice_match	YES	151.86	155.89	150.72
PB.17884.4	Protein_PB.17884.4	FBXL5	FBXL5	full-splice_match	YES	82.83	90.29	112.17
PB.17890.1	Protein_PB.17890.1	TAPT1	TAPT1	incomplete-splice_match	YES	121.88	160.38	227.81
PB.17890.2	Protein_PB.17890.2	TAPT1	TAPT1	full-splice_match	YES	126.25	101.43	170.59
PB.17893.1	Protein_PB.17893.1	QDPR	QDPR	full-splice_match	YES	909.45	888.59	856.9
PB.17895.1	Protein_PB.17895.1	FAM184B	FAM184B	full-splice_match	YES	263.55	203.68	249.36
PB.17896.2	Protein_PB.17896.2	DCAF16	DCAF16	genic	YES	32.99	36.97	71.42
PB.17897.11	Protein_PB.17897.11	LCORL	LCORL	full-splice_match	YES	31.06	28.38	40.0
PB.17904.1	Protein_PB.17904.1	ADGRA3	ADGRA3	incomplete-splice_match	YES	209.2	178.4	299.81
PB.17904.2	Protein_PB.17904.2	ADGRA3	ADGRA3	full-splice_match	YES	722.49	884.09	817.5
PB.17906.1	Protein_PB.17906.1	PPARGC1A	PPARGC1A	full-splice_match	YES	279.87	307.27	218.88
PB.17906.2	Protein_PB.17906.2	PPARGC1A	PPARGC1A	full-splice_match	YES	59.79	57.51	38.21
PB.17908.2	Protein_PB.17908.2	DHX15	DHX15	full-splice_match	YES	229.81	198.72	265.51
PB.17908.5	Protein_PB.17908.5	DHX15	DHX15	novel_not_in_catalog	YES	75.97	87.49	25.11
PB.17909.1	Protein_PB.17909.1	CCDC149	CCDC149	full-splice_match	YES	28.71	21.76	45.11
PB.17911.1	Protein_PB.17911.1	SEPSECS	SEPSECS	full-splice_match	YES	82.82	80.01	80.37
PB.17914.1	Protein_PB.17914.1	SEL1L3	SEL1L3	full-splice_match	YES	111.48	147.29	133.17
PB.17914.3	Protein_PB.17914.3	SEL1L3	SEL1L3	full-splice_match	YES	167.97	80.0	116.66
PB.17914.4	Protein_PB.17914.4	SEL1L3	SEL1L3	incomplete-splice_match	YES	112.81	107.55	73.8
PB.17914.5	Protein_PB.17914.5	SEL1L3	SEL1L3	novel_not_in_catalog	YES	34.99	29.31	16.6
PB.17916.1		novelGene_2109	novelGene_2109	intergenic	NO	23.74	17.74	29.33
PB.1792.11	Protein_PB.1792.11	TSPAN12	TSPAN12	novel_in_catalog	YES	19.09	5.72	0.89
PB.1793.4	Protein_PB.1793.4	FAM3C	FAM3C	full-splice_match	YES	133.47	91.08	130.13
PB.17930.1	Protein_PB.17930.1	ZNF605	ZNF605	novel_not_in_catalog	YES	133.07	137.66	125.51
PB.17930.8	Protein_PB.17930.8	ZNF605	ZNF605	novel_in_catalog	YES	46.07	18.02	78.69
PB.17931.5	Protein_PB.17931.5	CHFR	CHFR	full-splice_match	YES	16.46	20.08	30.82
PB.17931.6	Protein_PB.17931.6	CHFR	CHFR	full-splice_match	YES	126.49	121.47	80.32
PB.17931.7	Protein_PB.17931.7	CHFR	CHFR	novel_in_catalog	YES	17.19	20.35	21.14
PB.17932.1	Protein_PB.17932.1	GOLGA3	GOLGA3	full-splice_match	YES	163.95	185.52	159.6
PB.17932.2	Protein_PB.17932.2	GOLGA3	GOLGA3	full-splice_match	YES	203.85	228.25	245.08
PB.17932.3	Protein_PB.17932.3	GOLGA3	GOLGA3	novel_in_catalog	YES	32.91	11.82	42.54
PB.17933.1	Protein_PB.17933.1	ANKLE2	ANKLE2	full-splice_match	YES	316.99	331.87	309.96
PB.17933.2	Protein_PB.17933.2	ANKLE2	ANKLE2	incomplete-splice_match	YES	90.97	103.71	119.87
PB.17938.1	Protein_PB.17938.1	DDX51	DDX51	novel_in_catalog	YES	108.72	94.91	74.59
PB.17938.2	Protein_PB.17938.2	DDX51	DDX51	incomplete-splice_match	YES	136.67	138.51	81.93
PB.17943.3	Protein_PB.17943.3	STX2	STX2	full-splice_match	YES	75.12	73.05	72.55
PB.17943.4	Protein_PB.17943.4	STX2	STX2	full-splice_match	YES	11.05	14.0	19.6
PB.17949.1	Protein_PB.17949.1	SLC15A4	SLC15A4	full-splice_match	YES	182.21	191.76	104.81
PB.1795.1	Protein_PB.1795.1	AASS	AASS	full-splice_match	YES	165.61	232.88	32.46
PB.1795.3	Protein_PB.1795.3	AASS	AASS	novel_in_catalog	YES	45.09	51.3	10.78
PB.1795.4	Protein_PB.1795.4	AASS	AASS	full-splice_match	YES	69.2	99.31	6.56
PB.1795.5	Protein_PB.1795.5	AASS	AASS	incomplete-splice_match	YES	89.95	129.01	26.32
PB.17950.2	Protein_PB.17950.2	DHX37	DHX37	novel_in_catalog	YES	41.48	34.3	37.13
PB.17954.1	Protein_PB.17954.1	UBC	UBC	full-splice_match	YES	19548.09	23432.33	16749.04
PB.17954.9	Protein_PB.17954.9	SCARB1	SCARB1	full-splice_match	YES	24.66	8.99	27.21
PB.17955.1	Protein_PB.17955.1	NCOR2	NCOR2	full-splice_match	YES	213.6	173.89	253.95
PB.17955.3	Protein_PB.17955.3	NCOR2	NCOR2	full-splice_match	YES	39.06	12.38	32.38
PB.17955.7	Protein_PB.17955.7	NCOR2	NCOR2	full-splice_match	YES	55.73	24.79	44.86
PB.17956.1	Protein_PB.17956.1	CCDC92	CCDC92	full-splice_match	YES	77.07	82.22	71.07
PB.17957.2	Protein_PB.17957.2	EIF2B1	EIF2B1	novel_not_in_catalog	YES	109.64	142.98	133.21
PB.17957.3	Protein_PB.17957.3	EIF2B1	EIF2B1	novel_in_catalog	YES	62.72	73.75	43.99
PB.17957.8	Protein_PB.17957.8	EIF2B1	EIF2B1	novel_not_in_catalog	YES	58.83	42.88	79.21
PB.17959.2	Protein_PB.17959.2	RILPL1	RILPL1	full-splice_match	YES	530.97	531.74	477.4
PB.17959.3	Protein_PB.17959.3	RILPL1	RILPL1	novel_not_in_catalog	YES	117.02	178.62	121.35
PB.17959.5	Protein_PB.17959.5	RILPL1	RILPL1	novel_not_in_catalog	YES	143.32	144.55	139.29
PB.17961.1	Protein_PB.17961.1	SBNO1	SBNO1	full-splice_match	YES	14.16	6.85	25.57
PB.17961.2	Protein_PB.17961.2	SBNO1	SBNO1	full-splice_match	YES	52.13	46.78	60.08
PB.17961.3	Protein_PB.17961.3	SBNO1	SBNO1	full-splice_match	YES	253.15	253.81	231.98
PB.17962.1	Protein_PB.17962.1	CDK2AP1	CDK2AP1	novel_not_in_catalog	YES	320.36	290.15	357.66
PB.17963.11	Protein_PB.17963.11	MPHOSPH9	MPHOSPH9	novel_in_catalog	YES	17.48	24.66	19.02
PB.17963.12	Protein_PB.17963.12	MPHOSPH9	MPHOSPH9	novel_in_catalog	YES	16.7	11.87	7.61
PB.17963.3	Protein_PB.17963.3	MPHOSPH9	MPHOSPH9	full-splice_match	YES	17.11	36.47	7.52
PB.17963.5	Protein_PB.17963.5	MPHOSPH9	MPHOSPH9	full-splice_match	YES	4.22	9.58	22.56
PB.17964.2	Protein_PB.17964.2	PITPNM2	PITPNM2	full-splice_match	YES	19.93	35.86	11.25
PB.17964.3	Protein_PB.17964.3	PITPNM2	PITPNM2	full-splice_match	YES	18.2	21.93	30.71
PB.17964.4	Protein_PB.17964.4	PITPNM2	PITPNM2	full-splice_match	YES	58.65	32.4	47.21
PB.17965.3	Protein_PB.17965.3	novelGene_OGFOD2_AS	novelGene_OGFOD2_AS	antisense	YES	13.28	9.05	24.41
PB.17967.1	Protein_PB.17967.1	VPS37B	VPS37B	full-splice_match	YES	44.7	30.12	38.19
PB.1797.5	Protein_PB.1797.5	CADPS2	CADPS2	full-splice_match	YES	67.5	28.73	35.33
PB.17970.15	Protein_PB.17970.15	RSRC2	RSRC2	novel_not_in_catalog	YES	36.3	13.13	42.31
PB.17970.16	Protein_PB.17970.16	RSRC2	RSRC2	novel_in_catalog	YES	43.76	40.21	5.7
PB.17970.18	Protein_PB.17970.18	RSRC2	RSRC2	full-splice_match	YES	87.88	110.1	119.17
PB.17970.20	Protein_PB.17970.20	RSRC2	RSRC2	full-splice_match	YES	174.77	186.73	174.13
PB.17970.22	Protein_PB.17970.22	RSRC2	RSRC2	full-splice_match	YES	28.18	28.56	30.11
PB.17970.3		RSRC2	RSRC2	novel_not_in_catalog	NO	19.46	12.03	15.59
PB.17971.1	Protein_PB.17971.1	ZCCHC8	ZCCHC8	full-splice_match	YES	41.56	12.6	50.13
PB.17971.2	Protein_PB.17971.2	ZCCHC8	ZCCHC8	full-splice_match	YES	76.16	94.82	69.07
PB.17971.5	Protein_PB.17971.5	ZCCHC8	ZCCHC8	novel_in_catalog	YES	25.75	8.95	19.18
PB.17972.1	Protein_PB.17972.1	CLIP1	CLIP1	novel_in_catalog	YES	109.46	77.5	197.87
PB.17972.13	Protein_PB.17972.13	CLIP1	CLIP1	full-splice_match	YES	2048.12	2780.17	2223.58
PB.17972.15	Protein_PB.17972.15	CLIP1	CLIP1	incomplete-splice_match	YES	42.92	32.26	49.98
PB.17972.19	Protein_PB.17972.19	CLIP1	CLIP1	incomplete-splice_match	YES	715.19	343.28	679.66
PB.17972.34	Protein_PB.17972.34	CLIP1	CLIP1	incomplete-splice_match	YES	13.56	19.08	10.07
PB.17972.42	Protein_PB.17972.42	CLIP1	CLIP1	full-splice_match	YES	683.86	485.45	306.7
PB.17972.47	Protein_PB.17972.47	CLIP1	CLIP1	novel_in_catalog	YES	5.61	25.22	25.3
PB.17972.5	Protein_PB.17972.5	CLIP1	CLIP1	full-splice_match	YES	337.94	133.45	308.12
PB.17972.50	Protein_PB.17972.50	CLIP1	CLIP1	novel_in_catalog	YES	507.68	747.43	778.4
PB.17972.51	Protein_PB.17972.51	CLIP1	CLIP1	novel_in_catalog	YES	731.33	679.12	1180.32
PB.17972.52	Protein_PB.17972.52	CLIP1	CLIP1	novel_not_in_catalog	YES	14.21	23.28	19.12
PB.17972.6	Protein_PB.17972.6	CLIP1	CLIP1	full-splice_match	YES	5.7	37.61	42.92
PB.17972.61	Protein_PB.17972.61	CLIP1	CLIP1	incomplete-splice_match	YES	808.7	1506.73	453.05
PB.17972.64	Protein_PB.17972.64	CLIP1	CLIP1	novel_not_in_catalog	YES	117.67	90.51	143.89
PB.17972.66	Protein_PB.17972.66	CLIP1	CLIP1	incomplete-splice_match	YES	55.97	63.24	134.64
PB.17972.9	Protein_PB.17972.9	CLIP1	CLIP1	full-splice_match	YES	36.98	35.53	18.65
PB.17973.2	Protein_PB.17973.2	VPS33A	VPS33A	full-splice_match	YES	122.5	136.47	154.53
PB.17973.4	Protein_PB.17973.4	VPS33A	VPS33A	incomplete-splice_match	YES	49.31	50.97	52.67
PB.17974.4	Protein_PB.17974.4	DIABLO	DIABLO	full-splice_match	YES	99.36	108.56	81.65
PB.17978.11	Protein_PB.17978.11	RHOF	RHOF	novel_in_catalog	YES	6.96	10.3	16.8
PB.17980.2	Protein_PB.17980.2	KDM2B	KDM2B	full-splice_match	YES	103.51	95.4	122.14
PB.17981.2	Protein_PB.17981.2	ANAPC5	ANAPC5	full-splice_match	YES	21.35	9.48	0.0
PB.17981.3	Protein_PB.17981.3	ANAPC5	ANAPC5	full-splice_match	YES	191.97	307.7	198.58
PB.17982.6	Protein_PB.17982.6	CAMKK2	CAMKK2	full-splice_match	YES	52.42	28.18	30.1
PB.17982.9	Protein_PB.17982.9	CAMKK2	CAMKK2	incomplete-splice_match	YES	29.25	18.31	24.58
PB.17983.11	Protein_PB.17983.11	IFT81	IFT81	incomplete-splice_match	YES	78.04	84.39	46.08
PB.17983.12	Protein_PB.17983.12	IFT81	IFT81	incomplete-splice_match	YES	13.95	17.79	11.46
PB.17983.16	Protein_PB.17983.16	IFT81	IFT81	incomplete-splice_match	YES	21.52	16.57	9.85
PB.17983.6	Protein_PB.17983.6	IFT81	IFT81	novel_not_in_catalog	YES	26.19	23.81	14.98
PB.17984.1	Protein_PB.17984.1	ATP2A2	ATP2A2	novel_not_in_catalog	YES	1730.58	3010.48	987.86
PB.17984.2	Protein_PB.17984.2	ATP2A2	ATP2A2	full-splice_match	YES	1762.17	1716.74	1293.79
PB.17984.3	Protein_PB.17984.3	ATP2A2	ATP2A2	full-splice_match	YES	9997.36	13747.58	7938.27
PB.17984.4	Protein_PB.17984.4	ATP2A2	ATP2A2	novel_not_in_catalog	YES	6484.76	7978.61	4173.81
PB.17984.5	Protein_PB.17984.5	ATP2A2	ATP2A2	novel_not_in_catalog	YES	29.4	35.95	15.92
PB.17984.6	Protein_PB.17984.6	ATP2A2	ATP2A2	incomplete-splice_match	YES	407.66	414.33	311.26
PB.17984.7	Protein_PB.17984.7	ATP2A2	ATP2A2	novel_not_in_catalog	YES	35962.2	48011.52	28063.94
PB.17984.8	Protein_PB.17984.8	ATP2A2	ATP2A2	novel_not_in_catalog	YES	833.67	1135.78	625.24
PB.17988.6	Protein_PB.17988.6	TCTN1	TCTN1	full-splice_match	YES	175.36	185.8	114.37
PB.17991.1	Protein_PB.17991.1	CUX2	CUX2	full-splice_match	YES	19.65	19.5	49.22
PB.17992.2	Protein_PB.17992.2	SH2B3	SH2B3	full-splice_match	YES	38.59	19.43	26.57
PB.17993.10	Protein_PB.17993.10	ACAD10	ACAD10	incomplete-splice_match	YES	24.36	34.63	23.05
PB.17993.5	Protein_PB.17993.5	ACAD10	ACAD10	incomplete-splice_match	YES	14.27	17.46	14.14
PB.17994.12	Protein_PB.17994.12	ALDH2	ALDH2	novel_not_in_catalog	YES	22.57	11.62	46.54
PB.17994.14	Protein_PB.17994.14	ALDH2	ALDH2	incomplete-splice_match	YES	293.36	347.97	492.73
PB.17994.4	Protein_PB.17994.4	ALDH2	ALDH2	full-splice_match	YES	38.76	47.23	86.12
PB.17994.5	Protein_PB.17994.5	ALDH2	ALDH2	novel_in_catalog	YES	274.43	308.6	441.41
PB.17994.6	Protein_PB.17994.6	ALDH2	ALDH2	novel_not_in_catalog	YES	36.72	35.55	32.29
PB.17994.7	Protein_PB.17994.7	ALDH2	ALDH2	novel_not_in_catalog	YES	174.78	70.27	198.01
PB.17994.8	Protein_PB.17994.8	ALDH2	ALDH2	novel_not_in_catalog	YES	311.37	349.82	537.51
PB.17995.2	Protein_PB.17995.2	MAPKAPK5	MAPKAPK5	full-splice_match	YES	89.86	86.22	107.68
PB.17995.3	Protein_PB.17995.3	MAPKAPK5	MAPKAPK5	full-splice_match	YES	87.08	100.57	60.88
PB.17996.1	Protein_PB.17996.1	ERP29	ERP29	full-splice_match	YES	46.07	30.49	39.65
PB.17997.3	Protein_PB.17997.3	TRAFD1	TRAFD1	full-splice_match	YES	142.33	120.12	141.07
PB.17998.1	Protein_PB.17998.1	PTPN11	PTPN11	novel_not_in_catalog	YES	30.25	56.52	25.24
PB.17998.2	Protein_PB.17998.2	PTPN11	PTPN11	full-splice_match	YES	2028.02	2084.53	2164.37
PB.17998.4	Protein_PB.17998.4	PTPN11	PTPN11	full-splice_match	YES	433.77	434.36	760.56
PB.18000.1	Protein_PB.18000.1	LOC113266985	LOC113266985	full-splice_match	YES	35.82	20.39	25.5
PB.18001.3	Protein_PB.18001.3	OAS3	OAS3	incomplete-splice_match	YES	40.14	28.01	30.78
PB.18002.1	Protein_PB.18002.1	DTX1	DTX1	full-splice_match	YES	27.78	18.67	29.24
PB.18004.3	Protein_PB.18004.3	RITA1	RITA1	full-splice_match	YES	67.39	75.14	58.17
PB.18004.4	Protein_PB.18004.4	RITA1	RITA1	full-splice_match	YES	144.34	129.73	165.75
PB.18005.2	Protein_PB.18005.2	TPCN1	TPCN1	full-splice_match	YES	30.44	50.24	59.31
PB.18005.4	Protein_PB.18005.4	TPCN1	TPCN1	full-splice_match	YES	70.32	29.26	56.04
PB.18005.6	Protein_PB.18005.6	TPCN1	TPCN1	novel_not_in_catalog	YES	5.83	2.76	16.95
PB.18006.3	Protein_PB.18006.3	PLBD2	PLBD2	novel_not_in_catalog	YES	108.04	115.34	128.46
PB.18006.4	Protein_PB.18006.4	PLBD2	PLBD2	novel_in_catalog	YES	142.54	140.43	160.16
PB.18006.5	Protein_PB.18006.5	PLBD2	PLBD2	incomplete-splice_match	YES	39.43	53.89	56.2
PB.18013.1	Protein_PB.18013.1	FBXW8	FBXW8	full-splice_match	YES	635.55	721.72	666.82
PB.18014.7	Protein_PB.18014.7	RFC5	RFC5	novel_in_catalog	YES	19.8	15.5	10.39
PB.18014.8	Protein_PB.18014.8	RFC5	RFC5	full-splice_match	YES	42.44	49.97	49.21
PB.18015.1	Protein_PB.18015.1	PEBP1	PEBP1	full-splice_match	YES	2923.66	2897.56	2042.73
PB.18015.6	Protein_PB.18015.6	PEBP1	PEBP1	novel_not_in_catalog	YES	17.45	20.83	10.0
PB.18016.2	Protein_PB.18016.2	SUDS3	SUDS3	full-splice_match	YES	264.21	261.2	332.8
PB.18016.4	Protein_PB.18016.4	SUDS3	SUDS3	full-splice_match	YES	51.52	48.76	51.39
PB.18019.1	Protein_PB.18019.1	HSPB8	HSPB8	full-splice_match	YES	3554.36	3565.31	3022.11
PB.18021.1	Protein_PB.18021.1	TMEM233	TMEM233	full-splice_match	YES	86.9	51.99	43.92
PB.18021.2	Protein_PB.18021.2	TMEM233	TMEM233	incomplete-splice_match	YES	21.57	15.11	5.04
PB.18022.5	Protein_PB.18022.5	PRKAB1	PRKAB1	full-splice_match	YES	44.67	37.87	42.9
PB.18024.2	Protein_PB.18024.2	SIRT4	SIRT4	novel_in_catalog	YES	21.93	17.42	13.26
PB.18025.1	Protein_PB.18025.1	LOC113267043	LOC113267043	full-splice_match	YES	73.02	54.25	83.92
PB.18025.2		LOC113267043	LOC113267043	novel_not_in_catalog	NO	31.95	35.96	46.75
PB.18025.4	Protein_PB.18025.4	GATC_LOC113267043	GATC_LOC113267043	fusion	YES	88.3	111.92	132.77
PB.18025.5	Protein_PB.18025.5	GATC	GATC	full-splice_match	YES	33.99	34.67	29.76
PB.18026.3		DYNLL1	DYNLL1	full-splice_match	NO	91.63	75.52	70.45
PB.18027.10	Protein_PB.18027.10	RNF10	RNF10	incomplete-splice_match	YES	233.22	213.77	223.09
PB.18027.3	Protein_PB.18027.3	RNF10	RNF10	full-splice_match	YES	25.29	30.9	56.84
PB.18027.4	Protein_PB.18027.4	RNF10	RNF10	full-splice_match	YES	540.97	442.13	331.05
PB.18027.5	Protein_PB.18027.5	RNF10	RNF10	incomplete-splice_match	YES	764.85	924.91	713.23
PB.18027.6	Protein_PB.18027.6	RNF10	RNF10	novel_not_in_catalog	YES	80.07	25.39	69.27
PB.18027.8	Protein_PB.18027.8	RNF10	RNF10	incomplete-splice_match	YES	174.75	248.15	154.21
PB.18030.1	Protein_PB.18030.1	MLEC	MLEC	full-splice_match	YES	16.31	11.7	42.55
PB.18030.2	Protein_PB.18030.2	MLEC	MLEC	full-splice_match	YES	872.96	799.71	769.68
PB.18031.1	Protein_PB.18031.1	UNC119B	UNC119B	full-splice_match	YES	85.04	57.19	78.06
PB.18032.2	Protein_PB.18032.2	ACADS	ACADS	full-splice_match	YES	14.77	15.01	33.85
PB.18032.6	Protein_PB.18032.6	ACADS	ACADS	novel_not_in_catalog	YES	30.61	32.02	30.27
PB.18032.7	Protein_PB.18032.7	ACADS	ACADS	full-splice_match	YES	2014.08	2847.71	2230.93
PB.18038.1	Protein_PB.18038.1	FICD	FICD	novel_not_in_catalog	YES	25.14	9.36	27.79
PB.18038.3	Protein_PB.18038.3	FICD	FICD	full-splice_match	YES	20.48	39.76	23.34
PB.18040.1	Protein_PB.18040.1	ISCU	ISCU	full-splice_match	YES	1071.53	1309.02	1032.37
PB.18040.2	Protein_PB.18040.2	ISCU	ISCU	novel_not_in_catalog	YES	14.72	13.4	18.76
PB.18044.3	Protein_PB.18044.3	USP30	USP30	full-splice_match	YES	43.48	59.98	64.84
PB.18045.3	Protein_PB.18045.3	UNG	UNG	incomplete-splice_match	YES	26.49	42.93	35.69
PB.18046.1	Protein_PB.18046.1	ACACB	ACACB	full-splice_match	YES	17.8	13.9	3.19
PB.18046.10	Protein_PB.18046.10	ACACB	ACACB	full-splice_match	YES	21.58	5.97	15.31
PB.18046.2	Protein_PB.18046.2	ACACB	ACACB	incomplete-splice_match	YES	29.29	27.96	16.82
PB.18046.3	Protein_PB.18046.3	ACACB	ACACB	novel_not_in_catalog	YES	1294.76	1773.61	957.95
PB.18046.5	Protein_PB.18046.5	ACACB	ACACB	novel_not_in_catalog	YES	424.9	291.71	204.84
PB.18046.6	Protein_PB.18046.6	ACACB	ACACB	full-splice_match	YES	34.15	8.84	9.52
PB.18046.7	Protein_PB.18046.7	ACACB	ACACB	full-splice_match	YES	61.01	83.45	50.39
PB.18046.9	Protein_PB.18046.9	ACACB	ACACB	novel_not_in_catalog	YES	0.05	65.12	89.16
PB.18048.1	Protein_PB.18048.1	UBE3B	UBE3B	full-splice_match	YES	610.6	601.23	444.46
PB.18048.3	Protein_PB.18048.3	UBE3B	UBE3B	full-splice_match	YES	316.39	418.2	353.18
PB.18048.4	Protein_PB.18048.4	UBE3B	UBE3B	incomplete-splice_match	YES	112.48	149.11	103.87
PB.18048.5	Protein_PB.18048.5	UBE3B	UBE3B	incomplete-splice_match	YES	81.09	69.06	34.83
PB.18048.8	Protein_PB.18048.8	UBE3B	UBE3B	novel_not_in_catalog	YES	122.27	130.13	101.05
PB.1805.1		NDUFA5	NDUFA5	novel_not_in_catalog	NO	113.04	123.77	116.53
PB.1805.2	Protein_PB.1805.2	NDUFA5	NDUFA5	full-splice_match	YES	1599.03	1841.0	1236.45
PB.1805.3		NDUFA5	NDUFA5	novel_in_catalog	NO	21.55	21.67	20.84
PB.18050.2	Protein_PB.18050.2	MVK	MVK	full-splice_match	YES	43.23	55.33	33.34
PB.18052.1	Protein_PB.18052.1	TCHP	TCHP	full-splice_match	YES	21.11	23.02	17.96
PB.18053.1	Protein_PB.18053.1	ANKRD13A	ANKRD13A	full-splice_match	YES	98.38	86.57	142.1
PB.18058.2	Protein_PB.18058.2	ZNF268	ZNF268	full-splice_match	YES	25.56	14.16	18.84
PB.18058.3	Protein_PB.18058.3	ZNF268	ZNF268	full-splice_match	YES	10.17	17.07	29.56
PB.18058.4	Protein_PB.18058.4	ZNF268	ZNF268	full-splice_match	YES	34.29	47.87	24.59
PB.1806.1	Protein_PB.1806.1	WASL	WASL	full-splice_match	YES	170.02	165.28	165.42
PB.18060.3	Protein_PB.18060.3	ZNF10	ZNF10	full-splice_match	YES	15.91	13.12	36.6
PB.18060.8	Protein_PB.18060.8	ZNF10	ZNF10	full-splice_match	YES	46.95	20.36	2.87
PB.18060.9	Protein_PB.18060.9	ZNF10	ZNF10	full-splice_match	YES	2.39	29.66	33.58
PB.18061.7	Protein_PB.18061.7	ZNF140	ZNF140	novel_in_catalog	YES	56.38	61.39	64.13
PB.18062.11	Protein_PB.18062.11	LOC113266825	LOC113266825	full-splice_match	YES	8.02	15.12	18.59
PB.18062.12	Protein_PB.18062.12	LOC113266825	LOC113266825	full-splice_match	YES	21.92	9.89	5.49
PB.18062.14	Protein_PB.18062.14	LOC113266825	LOC113266825	novel_not_in_catalog	YES	86.54	69.07	118.49
PB.18062.15	Protein_PB.18062.15	LOC113266825	LOC113266825	novel_not_in_catalog	YES	25.83	30.03	27.4
PB.18062.18	Protein_PB.18062.18	LOC113266825	LOC113266825	novel_not_in_catalog	YES	3.08	7.71	37.39
PB.18062.2	Protein_PB.18062.2	LOC113266825	LOC113266825	full-splice_match	YES	22.43	66.81	16.93
PB.18062.21	Protein_PB.18062.21	LOC113266825	LOC113266825	novel_not_in_catalog	YES	38.74	34.57	43.88
PB.18062.22	Protein_PB.18062.22	LOC113266825	LOC113266825	novel_not_in_catalog	YES	80.13	81.33	50.47
PB.18062.23	Protein_PB.18062.23	LOC113266825	LOC113266825	novel_not_in_catalog	YES	70.97	71.24	69.79
PB.18062.24	Protein_PB.18062.24	LOC113266825	LOC113266825	novel_not_in_catalog	YES	5.5	7.57	17.46
PB.18062.35	Protein_PB.18062.35	LOC113266825	LOC113266825	novel_not_in_catalog	YES	17.53	9.85	20.68
PB.18062.37	Protein_PB.18062.37	LOC113266825	LOC113266825	novel_in_catalog	YES	22.08	13.35	28.98
PB.18062.8	Protein_PB.18062.8	LOC113266825	LOC113266825	full-splice_match	YES	32.98	23.54	15.29
PB.18063.1	Protein_PB.18063.1	PGAM5	PGAM5	full-splice_match	YES	179.69	189.59	216.7
PB.18063.3	Protein_PB.18063.3	PGAM5	PGAM5	novel_not_in_catalog	YES	248.84	279.32	234.2
PB.18064.5	Protein_PB.18064.5	PXMP2	PXMP2	full-splice_match	YES	362.14	532.61	197.77
PB.18067.1	Protein_PB.18067.1	FBRSL1	FBRSL1	full-splice_match	YES	35.17	27.92	32.97
PB.18069.2	Protein_PB.18069.2	NOC4L	NOC4L	full-splice_match	YES	102.46	84.79	79.37
PB.18071.15	Protein_PB.18071.15	EP400	EP400	full-splice_match	YES	18.22	4.31	24.32
PB.18071.2	Protein_PB.18071.2	EP400	EP400	full-splice_match	YES	7.54	11.75	18.05
PB.18071.3	Protein_PB.18071.3	EP400	EP400	full-splice_match	YES	11.92	23.41	63.33
PB.18073.1	Protein_PB.18073.1	PUS1	PUS1	full-splice_match	YES	197.45	195.73	193.18
PB.18074.3	Protein_PB.18074.3	ULK1	ULK1	full-splice_match	YES	280.46	243.62	208.58
PB.18076.1	Protein_PB.18076.1	SFSWAP	SFSWAP	novel_in_catalog	YES	92.83	63.54	99.83
PB.18076.2	Protein_PB.18076.2	SFSWAP	SFSWAP	novel_in_catalog	YES	23.6	26.57	49.27
PB.18076.3	Protein_PB.18076.3	SFSWAP	SFSWAP	novel_not_in_catalog	YES	25.83	31.62	24.42
PB.18080.1	Protein_PB.18080.1	ADGRD1	ADGRD1	full-splice_match	YES	74.23	63.36	92.16
PB.18080.2	Protein_PB.18080.2	ADGRD1	ADGRD1	full-splice_match	YES	18.9	4.58	10.2
PB.18081.1	Protein_PB.18081.1	RAN	RAN	full-splice_match	YES	755.23	768.91	759.39
PB.18083.1	Protein_PB.18083.1	FZD10	FZD10	full-splice_match	YES	22.51	25.9	29.11
PB.18089.1	Protein_PB.18089.1	LOC113266806	LOC113266806	full-splice_match	YES	143.8	165.47	162.82
PB.18090.3	Protein_PB.18090.3	AACS	AACS	full-splice_match	YES	92.11	88.02	57.34
PB.18091.1	Protein_PB.18091.1	BRI3BP	BRI3BP	full-splice_match	YES	41.53	34.69	60.13
PB.18095.1	Protein_PB.18095.1	LOC113266881	LOC113266881	full-splice_match	YES	41.52	84.14	41.33
PB.18097.4	Protein_PB.18097.4	ZNF664	ZNF664	full-splice_match	YES	313.43	304.25	425.52
PB.18097.5	Protein_PB.18097.5	ZNF664	ZNF664	full-splice_match	YES	114.44	105.75	74.77
PB.18098.1	Protein_PB.18098.1	DNAH10	DNAH10	full-splice_match	YES	21.13	32.55	21.22
PB.18099.1	Protein_PB.18099.1	ATP6V0A2	ATP6V0A2	full-splice_match	YES	155.62	154.03	146.24
PB.1810.1	Protein_PB.1810.1	GPR37	GPR37	full-splice_match	YES	35.05	89.58	37.96
PB.18100.1	Protein_PB.18100.1	TCTN2	TCTN2	novel_not_in_catalog	YES	20.59	18.19	14.92
PB.18100.4	Protein_PB.18100.4	TCTN2	TCTN2	full-splice_match	YES	14.6	6.46	20.43
PB.18100.6	Protein_PB.18100.6	TCTN2	TCTN2	full-splice_match	YES	12.65	23.03	14.21
PB.18101.2	Protein_PB.18101.2	GTF2H3	GTF2H3	full-splice_match	YES	158.75	178.82	144.51
PB.18102.1	Protein_PB.18102.1	DDX55	DDX55	full-splice_match	YES	178.87	179.1	188.46
PB.18103.1	Protein_PB.18103.1	TMED2	TMED2	full-splice_match	YES	773.25	936.25	995.65
PB.18103.3	Protein_PB.18103.3	TMED2	TMED2	novel_in_catalog	YES	161.11	200.55	201.57
PB.18104.4	Protein_PB.18104.4	SNRNP35	SNRNP35	full-splice_match	YES	42.07	50.52	57.28
PB.18105.2	Protein_PB.18105.2	KMT5A	KMT5A	full-splice_match	YES	98.48	77.16	102.2
PB.18107.3	Protein_PB.18107.3	ARL6IP4	ARL6IP4	full-splice_match	YES	160.72	134.48	119.95
PB.18107.4		ARL6IP4	ARL6IP4	novel_not_in_catalog	NO	11.66	21.54	19.94
PB.18108.3	Protein_PB.18108.3	OGFOD2	OGFOD2	full-splice_match	YES	15.26	18.33	10.4
PB.18110.4	Protein_PB.18110.4	HIP1R	HIP1R	full-splice_match	YES	56.62	28.9	40.26
PB.18111.10	Protein_PB.18111.10	CCDC62	CCDC62	novel_not_in_catalog	YES	75.68	60.69	41.1
PB.18111.11	Protein_PB.18111.11	CCDC62	CCDC62	novel_in_catalog	YES	20.25	15.41	7.62
PB.18111.12	Protein_PB.18111.12	CCDC62	CCDC62	novel_in_catalog	YES	48.99	75.41	95.87
PB.18112.1	Protein_PB.18112.1	DENR	DENR	full-splice_match	YES	214.65	209.96	264.95
PB.18112.2	Protein_PB.18112.2	DENR	DENR	full-splice_match	YES	46.96	41.15	41.89
PB.18114.1		LOC113266922	LOC113266922	full-splice_match	NO	19.9	23.09	24.55
PB.18117.3	Protein_PB.18117.3	MLXIP	MLXIP	full-splice_match	YES	233.42	171.54	242.54
PB.18117.4	Protein_PB.18117.4	MLXIP	MLXIP	full-splice_match	YES	362.08	302.35	316.38
PB.18119.1	Protein_PB.18119.1	BCL7A	BCL7A	full-splice_match	YES	6.73	1.83	24.72
PB.18119.2	Protein_PB.18119.2	BCL7A	BCL7A	full-splice_match	YES	134.41	142.17	166.84
PB.18120.1	Protein_PB.18120.1	WDR66	WDR66	full-splice_match	YES	42.79	38.15	48.01
PB.18121.2	Protein_PB.18121.2	PSMD9	PSMD9	full-splice_match	YES	52.7	59.67	64.63
PB.18123.1	Protein_PB.18123.1	SETD1B	SETD1B	full-splice_match	YES	38.34	19.63	47.07
PB.18124.1	Protein_PB.18124.1	TMEM120B	TMEM120B	full-splice_match	YES	62.39	61.36	67.01
PB.18124.2	Protein_PB.18124.2	TMEM120B	TMEM120B	novel_in_catalog	YES	37.19	38.64	29.86
PB.18124.3	Protein_PB.18124.3	TMEM120B	TMEM120B	full-splice_match	YES	83.95	95.57	72.19
PB.18126.1	Protein_PB.18126.1	ORAI1	ORAI1	full-splice_match	YES	252.18	275.38	265.82
PB.18129.1	Protein_PB.18129.1	RNF34	RNF34	full-splice_match	YES	169.91	183.88	90.28
PB.18129.2	Protein_PB.18129.2	RNF34	RNF34	full-splice_match	YES	78.64	117.54	61.54
PB.18129.4	Protein_PB.18129.4	RNF34	RNF34	novel_in_catalog	YES	19.77	24.19	16.78
PB.18130.5	Protein_PB.18130.5	P2RX4	P2RX4	full-splice_match	YES	38.02	30.21	28.96
PB.18136.1	Protein_PB.18136.1	ANAPC7	ANAPC7	full-splice_match	YES	130.39	134.29	115.05
PB.18136.5	Protein_PB.18136.5	ANAPC7	ANAPC7	incomplete-splice_match	YES	8.0	17.38	19.01
PB.18136.6	Protein_PB.18136.6	ANAPC7	ANAPC7	novel_not_in_catalog	YES	38.55	39.82	28.81
PB.18137.3	Protein_PB.18137.3	ARPC3	ARPC3	full-splice_match	YES	134.4	122.07	111.29
PB.18138.1	Protein_PB.18138.1	GPN3	GPN3	full-splice_match	YES	165.35	199.95	159.09
PB.18139.1	Protein_PB.18139.1	VPS29	VPS29	novel_not_in_catalog	YES	29.92	37.04	37.07
PB.18139.5	Protein_PB.18139.5	VPS29	VPS29	full-splice_match	YES	214.22	238.08	205.86
PB.18140.1	Protein_PB.18140.1	PPTC7	PPTC7	full-splice_match	YES	510.8	443.25	511.19
PB.18141.2	Protein_PB.18141.2	HVCN1	HVCN1	novel_not_in_catalog	YES	42.46	23.74	50.21
PB.18142.1	Protein_PB.18142.1	PPP1CC	PPP1CC	full-splice_match	YES	300.47	278.01	389.86
PB.18142.4	Protein_PB.18142.4	PPP1CC	PPP1CC	novel_in_catalog	YES	1142.05	1103.15	1067.2
PB.18143.1	Protein_PB.18143.1	MYL2	MYL2	novel_not_in_catalog	YES	64.18	98.91	59.9
PB.18143.10	Protein_PB.18143.10	MYL2	MYL2	novel_not_in_catalog	YES	22.73	29.11	13.61
PB.18143.11	Protein_PB.18143.11	MYL2	MYL2	novel_not_in_catalog	YES	62.2	68.66	76.53
PB.18143.12		MYL2	MYL2	novel_not_in_catalog	NO	44659.19	62846.87	40306.98
PB.18143.18	Protein_PB.18143.18	MYL2	MYL2	novel_not_in_catalog	YES	284.3	400.06	248.25
PB.18143.19	Protein_PB.18143.19	MYL2	MYL2	novel_not_in_catalog	YES	68.42	93.53	139.09
PB.18143.20	Protein_PB.18143.20	MYL2	MYL2	novel_not_in_catalog	YES	46534.68	68737.71	42434.24
PB.18143.21	Protein_PB.18143.21	MYL2	MYL2	full-splice_match	YES	43924.99	64002.14	40094.33
PB.18143.7	Protein_PB.18143.7	MYL2	MYL2	novel_not_in_catalog	YES	20965.22	32263.99	20670.33
PB.18143.8		MYL2	MYL2	novel_not_in_catalog	NO	154.57	211.69	126.0
PB.18143.9	Protein_PB.18143.9	MYL2	MYL2	novel_in_catalog	YES	57.74	69.52	106.86
PB.18144.1	Protein_PB.18144.1	PHETA1	PHETA1	full-splice_match	YES	85.81	84.19	77.65
PB.18145.1	Protein_PB.18145.1	ATXN2	ATXN2	full-splice_match	YES	41.6	22.5	3.11
PB.18145.12	Protein_PB.18145.12	ATXN2	ATXN2	novel_in_catalog	YES	31.04	18.29	9.15
PB.18145.9	Protein_PB.18145.9	ATXN2	ATXN2	novel_not_in_catalog	YES	34.15	45.6	63.77
PB.18146.1	Protein_PB.18146.1	BRAP	BRAP	full-splice_match	YES	275.65	272.44	334.94
PB.18146.2	Protein_PB.18146.2	BRAP	BRAP	full-splice_match	YES	29.15	16.9	4.41
PB.18146.4	Protein_PB.18146.4	BRAP	BRAP	full-splice_match	YES	23.28	33.37	40.25
PB.1815.1	Protein_PB.1815.1	ZNF800	ZNF800	full-splice_match	YES	35.6	34.69	39.35
PB.1815.3	Protein_PB.1815.3	ZNF800	ZNF800	full-splice_match	YES	35.32	27.48	40.34
PB.18153.1	Protein_PB.18153.1	NAA25	NAA25	full-splice_match	YES	278.59	291.42	306.16
PB.18153.3	Protein_PB.18153.3	NAA25	NAA25	novel_not_in_catalog	YES	13.13	21.13	14.12
PB.18154.1	Protein_PB.18154.1	HECTD4	HECTD4	novel_in_catalog	YES	327.22	285.19	313.8
PB.18155.1	Protein_PB.18155.1	RPL6	RPL6	full-splice_match	YES	1499.92	1889.11	1427.67
PB.18155.2	Protein_PB.18155.2	RPL6	RPL6	novel_not_in_catalog	YES	21.71	16.34	24.68
PB.18155.3	Protein_PB.18155.3	RPL6	RPL6	novel_not_in_catalog	YES	14.6	19.62	37.9
PB.18155.4	Protein_PB.18155.4	RPL6	RPL6	novel_not_in_catalog	YES	3355.65	3102.2	4055.64
PB.18158.1	Protein_PB.18158.1	DDX54	DDX54	full-splice_match	YES	142.58	86.06	167.35
PB.18158.2	Protein_PB.18158.2	DDX54	DDX54	full-splice_match	YES	193.4	204.31	180.83
PB.1816.1	Protein_PB.1816.1	GCC1	GCC1	full-splice_match	YES	53.4	46.19	65.62
PB.18160.3	Protein_PB.18160.3	SLC8B1	SLC8B1	full-splice_match	YES	23.33	23.22	32.71
PB.18163.2	Protein_PB.18163.2	RBM19	RBM19	full-splice_match	YES	45.32	57.46	55.61
PB.18163.3	Protein_PB.18163.3	RBM19	RBM19	full-splice_match	YES	93.63	79.3	74.97
PB.18165.2	Protein_PB.18165.2	TBX3	TBX3	full-splice_match	YES	42.43	39.22	27.51
PB.18168.1	Protein_PB.18168.1	MED13L	MED13L	full-splice_match	YES	878.48	844.59	1086.77
PB.18169.1	Protein_PB.18169.1	CUNH12orf49	CUNH12orf49	full-splice_match	YES	73.38	77.18	84.3
PB.18174.13	Protein_PB.18174.13	FBXO21	FBXO21	novel_in_catalog	YES	11.46	12.49	17.35
PB.18174.14	Protein_PB.18174.14	FBXO21	FBXO21	novel_in_catalog	YES	96.84	99.89	76.18
PB.18174.2	Protein_PB.18174.2	FBXO21	FBXO21	full-splice_match	YES	37.99	56.52	68.4
PB.18174.6	Protein_PB.18174.6	FBXO21	FBXO21	novel_in_catalog	YES	89.75	32.42	29.49
PB.18174.7	Protein_PB.18174.7	FBXO21	FBXO21	novel_in_catalog	YES	16.95	36.86	79.87
PB.18174.8	Protein_PB.18174.8	FBXO21	FBXO21	novel_not_in_catalog	YES	117.76	132.88	83.4
PB.18175.1	Protein_PB.18175.1	NOS1	NOS1	novel_not_in_catalog	YES	197.03	153.95	156.81
PB.18175.2	Protein_PB.18175.2	NOS1	NOS1	full-splice_match	YES	14.78	39.43	24.43
PB.18178.1	Protein_PB.18178.1	WSB2	WSB2	novel_not_in_catalog	YES	158.04	174.89	232.63
PB.18178.2	Protein_PB.18178.2	WSB2	WSB2	full-splice_match	YES	496.04	520.72	574.15
PB.18179.1	Protein_PB.18179.1	VSIG10	VSIG10	full-splice_match	YES	222.24	346.63	474.39
PB.18179.2	Protein_PB.18179.2	VSIG10	VSIG10	full-splice_match	YES	36.84	44.05	58.79
PB.18179.5	Protein_PB.18179.5	VSIG10	VSIG10	novel_not_in_catalog	YES	22.43	19.8	28.48
PB.18179.6	Protein_PB.18179.6	VSIG10	VSIG10	incomplete-splice_match	YES	19.31	56.94	95.9
PB.1818.1	Protein_PB.1818.1	LRRC4	LRRC4	full-splice_match	YES	10.78	11.03	40.38
PB.18180.1	Protein_PB.18180.1	TAOK3	TAOK3	full-splice_match	YES	56.99	14.34	16.47
PB.18180.2	Protein_PB.18180.2	TAOK3	TAOK3	full-splice_match	YES	32.5	51.22	56.66
PB.18183.2	Protein_PB.18183.2	RAB35	RAB35	full-splice_match	YES	138.75	134.96	164.14
PB.18184.2	Protein_PB.18184.2	GCN1	GCN1	novel_in_catalog	YES	44.68	25.23	46.02
PB.18184.3	Protein_PB.18184.3	GCN1	GCN1	full-splice_match	YES	1025.67	1001.03	898.92
PB.18185.1	Protein_PB.18185.1	RPLP0	RPLP0	full-splice_match	YES	11875.12	11172.42	14432.35
PB.18185.2	Protein_PB.18185.2	RPLP0	RPLP0	novel_in_catalog	YES	21.85	15.19	31.47
PB.18186.11	Protein_PB.18186.11	PXN	PXN	novel_not_in_catalog	YES	147.37	132.2	172.19
PB.18186.13	Protein_PB.18186.13	PXN	PXN	novel_not_in_catalog	YES	19.75	13.58	18.17
PB.18186.4	Protein_PB.18186.4	PXN	PXN	full-splice_match	YES	14.98	45.31	16.18
PB.18186.5	Protein_PB.18186.5	PXN	PXN	full-splice_match	YES	26.47	22.17	71.18
PB.18187.1		novelGene_2133	novelGene_2133	intergenic	NO	58.21	68.8	59.39
PB.18188.1		novelGene_2134	novelGene_2134	intergenic	NO	44.36	50.58	33.75
PB.1819.1	Protein_PB.1819.1	RBM28	RBM28	full-splice_match	YES	92.82	84.83	103.44
PB.18192.1		TRIAP1	TRIAP1	full-splice_match	NO	474.34	497.4	436.62
PB.18193.1	Protein_PB.18193.1	SRSF9	SRSF9	full-splice_match	YES	33.14	28.96	35.51
PB.18194.2	Protein_PB.18194.2	COQ5	COQ5	full-splice_match	YES	277.87	392.9	269.23
PB.18197.1	Protein_PB.18197.1	POP5	POP5	full-splice_match	YES	148.49	149.39	144.46
PB.18198.1	Protein_PB.18198.1	SPPL3	SPPL3	full-splice_match	YES	78.74	68.47	82.76
PB.18201.1	Protein_PB.18201.1	CUNH12orf43	CUNH12orf43	full-splice_match	YES	19.84	15.23	14.43
PB.18202.12	Protein_PB.18202.12	LOC113267063	LOC113267063	full-splice_match	YES	32.8	28.36	26.42
PB.18204.6	Protein_PB.18204.6	CMKLR1	CMKLR1	full-splice_match	YES	42.43	17.43	17.86
PB.18205.3	Protein_PB.18205.3	SART3	SART3	full-splice_match	YES	66.15	97.53	102.05
PB.18205.4	Protein_PB.18205.4	SART3	SART3	full-splice_match	YES	59.9	37.61	22.54
PB.18205.6	Protein_PB.18205.6	SART3	SART3	incomplete-splice_match	YES	27.26	24.31	25.06
PB.18206.1	Protein_PB.18206.1	TMEM119	TMEM119	full-splice_match	YES	30.99	6.15	19.12
PB.18207.1	Protein_PB.18207.1	SELPLG	SELPLG	full-splice_match	YES	20.76	17.58	18.03
PB.18208.6	Protein_PB.18208.6	CORO1C	CORO1C	full-splice_match	YES	256.47	142.97	191.22
PB.18209.3	Protein_PB.18209.3	SSH1	SSH1	full-splice_match	YES	151.33	143.73	181.19
PB.1821.10	Protein_PB.1821.10	IMPDH1	IMPDH1	incomplete-splice_match	YES	46.16	29.92	31.31
PB.1821.6	Protein_PB.1821.6	IMPDH1	IMPDH1	full-splice_match	YES	9.66	20.96	27.21
PB.18211.2	Protein_PB.18211.2	ALKBH2	ALKBH2	incomplete-splice_match	YES	19.73	14.16	22.53
PB.18214.2	Protein_PB.18214.2	KCTD10	KCTD10	full-splice_match	YES	28.87	22.55	17.35
PB.18214.3	Protein_PB.18214.3	KCTD10	KCTD10	full-splice_match	YES	96.73	53.51	108.72
PB.18215.2	Protein_PB.18215.2	MMAB	MMAB	full-splice_match	YES	57.95	48.22	31.36
PB.18215.3	Protein_PB.18215.3	MMAB	MMAB	novel_in_catalog	YES	37.44	36.6	48.58
PB.18215.4	Protein_PB.18215.4	MMAB	MMAB	full-splice_match	YES	46.73	51.59	53.19
PB.18217.2	Protein_PB.18217.2	GLTP	GLTP	full-splice_match	YES	67.57	60.84	72.11
PB.18218.17	Protein_PB.18218.17	GIT2	GIT2	incomplete-splice_match	YES	27.51	20.88	15.9
PB.18218.21	Protein_PB.18218.21	GIT2	GIT2	full-splice_match	YES	17.79	8.19	13.53
PB.18219.1		LOC113267101	LOC113267101	full-splice_match	NO	19.13	17.98	19.66
PB.18225.2	Protein_PB.18225.2	BRF1	BRF1	full-splice_match	YES	448.09	472.0	640.31
PB.18226.1	Protein_PB.18226.1	NUDT14	NUDT14	full-splice_match	YES	113.29	112.18	97.75
PB.18227.1	Protein_PB.18227.1	JAG2	JAG2	full-splice_match	YES	103.3	92.86	113.5
PB.18229.2	Protein_PB.18229.2	CDCA4	CDCA4	full-splice_match	YES	18.07	9.19	16.73
PB.18231.1	Protein_PB.18231.1	AKT1	AKT1	full-splice_match	YES	1678.4	1641.22	1662.01
PB.18231.2	Protein_PB.18231.2	AKT1	AKT1	novel_not_in_catalog	YES	15.3	13.19	25.2
PB.18235.1	Protein_PB.18235.1	RD3L	RD3L	full-splice_match	YES	64.72	104.92	56.97
PB.18236.1		ATP5MPL	ATP5MPL	full-splice_match	NO	2308.38	2777.85	1708.07
PB.18237.2	Protein_PB.18237.2	PPP1R13B	PPP1R13B	full-splice_match	YES	138.6	134.64	129.3
PB.18237.3	Protein_PB.18237.3	PPP1R13B	PPP1R13B	full-splice_match	YES	40.45	39.91	16.33
PB.18240.1		LOC113267214	LOC113267214	full-splice_match	NO	14.39	13.95	20.16
PB.18241.1	Protein_PB.18241.1	BAG5	BAG5	full-splice_match	YES	135.41	163.23	155.12
PB.18241.2	Protein_PB.18241.2	BAG5	BAG5	novel_not_in_catalog	YES	29.8	32.95	51.16
PB.18241.3	Protein_PB.18241.3	BAG5	BAG5	full-splice_match	YES	44.43	19.65	55.99
PB.18242.1	Protein_PB.18242.1	CKB	CKB	full-splice_match	YES	54.51	84.46	41.77
PB.18243.13	Protein_PB.18243.13	LOC113267224	LOC113267224	full-splice_match	YES	15.95	15.01	20.69
PB.18243.7		LOC113267224	LOC113267224	full-splice_match	NO	14.32	10.67	20.72
PB.18245.12	Protein_PB.18245.12	LOC113267225	LOC113267225	incomplete-splice_match	YES	22.53	8.69	7.9
PB.18246.1	Protein_PB.18246.1	LOC113267227	LOC113267227	full-splice_match	YES	179.68	208.77	128.53
PB.18247.1	Protein_PB.18247.1	CDC42BPB	CDC42BPB	incomplete-splice_match	YES	204.29	152.85	157.81
PB.18247.2	Protein_PB.18247.2	CDC42BPB	CDC42BPB	incomplete-splice_match	YES	41.04	26.95	54.08
PB.18248.1	Protein_PB.18248.1	ANKRD9	ANKRD9	full-splice_match	YES	1230.58	1244.67	658.97
PB.18249.1	Protein_PB.18249.1	CINP	CINP	full-splice_match	YES	28.65	21.5	21.17
PB.18249.2	Protein_PB.18249.2	CINP	CINP	full-splice_match	YES	65.33	73.63	49.25
PB.1825.2	Protein_PB.1825.2	LOC113263961	LOC113263961	full-splice_match	YES	48.68	33.79	59.3
PB.18251.4	Protein_PB.18251.4	LOC113267246	LOC113267246	full-splice_match	YES	11.2	26.26	21.87
PB.18251.5	Protein_PB.18251.5	LOC113267246	LOC113267246	full-splice_match	YES	7.72	7.03	26.66
PB.18252.1	Protein_PB.18252.1	HSP90AA1	HSP90AA1	novel_in_catalog	YES	14.36	33.17	21.7
PB.18252.2	Protein_PB.18252.2	HSP90AA1	HSP90AA1	full-splice_match	YES	5746.47	5762.31	5106.81
PB.18260.2	Protein_PB.18260.2	WARS	WARS	full-splice_match	YES	30.39	40.29	30.95
PB.18260.3	Protein_PB.18260.3	WARS	WARS	full-splice_match	YES	283.67	320.99	239.87
PB.18265.1	Protein_PB.18265.1	SETD3	SETD3	full-splice_match	YES	1019.05	1018.29	1000.34
PB.18269.3	Protein_PB.18269.3	ATG2B	ATG2B	full-splice_match	YES	314.58	313.49	284.29
PB.18274.1		LOC113267436	LOC113267436	full-splice_match	NO	437.91	330.37	414.77
PB.18275.2	Protein_PB.18275.2	SYNE3	SYNE3	novel_not_in_catalog	YES	13.96	0.0	18.51
PB.18275.3	Protein_PB.18275.3	SYNE3	SYNE3	full-splice_match	YES	27.2	36.73	33.38
PB.18275.4	Protein_PB.18275.4	SYNE3	SYNE3	novel_not_in_catalog	YES	25.19	30.55	34.85
PB.18275.5	Protein_PB.18275.5	SYNE3	SYNE3	novel_in_catalog	YES	11.65	19.9	10.93
PB.18277.1	Protein_PB.18277.1	CLMN	CLMN	novel_in_catalog	YES	20.45	13.99	18.17
PB.18278.1	Protein_PB.18278.1	DICER1	DICER1	full-splice_match	YES	287.79	276.5	410.46
PB.18278.3	Protein_PB.18278.3	DICER1	DICER1	incomplete-splice_match	YES	136.12	124.5	182.43
PB.18278.4	Protein_PB.18278.4	DICER1	DICER1	incomplete-splice_match	YES	122.55	111.96	162.63
PB.1828.1	Protein_PB.1828.1	TNPO3	TNPO3	full-splice_match	YES	10.34	9.4	46.13
PB.1828.2	Protein_PB.1828.2	TNPO3	TNPO3	full-splice_match	YES	812.7	945.55	689.03
PB.18291.1	Protein_PB.18291.1	DDX24	DDX24	novel_in_catalog	YES	261.92	282.27	296.04
PB.18291.2	Protein_PB.18291.2	DDX24	DDX24	full-splice_match	YES	63.8	48.49	57.27
PB.18291.3	Protein_PB.18291.3	DDX24	DDX24	novel_not_in_catalog	YES	174.74	184.18	199.76
PB.18291.5	Protein_PB.18291.5	DDX24	DDX24	full-splice_match	YES	59.07	55.03	70.63
PB.18291.6	Protein_PB.18291.6	DDX24	DDX24	novel_not_in_catalog	YES	82.85	112.45	108.43
PB.18292.2	Protein_PB.18292.2	ASB2	ASB2	full-splice_match	YES	3620.87	3667.14	2559.15
PB.18292.3	Protein_PB.18292.3	ASB2	ASB2	novel_in_catalog	YES	57.13	56.42	53.31
PB.18292.4	Protein_PB.18292.4	ASB2	ASB2	novel_in_catalog	YES	20.76	5.13	47.7
PB.18292.5	Protein_PB.18292.5	ASB2	ASB2	novel_not_in_catalog	YES	17.46	9.59	34.05
PB.18292.7	Protein_PB.18292.7	ASB2	ASB2	full-splice_match	YES	471.76	443.86	407.13
PB.18295.1	Protein_PB.18295.1	BTBD7	BTBD7	full-splice_match	YES	361.27	339.08	405.66
PB.18297.1	Protein_PB.18297.1	GON7	GON7	full-splice_match	YES	74.16	85.68	73.25
PB.18297.2	Protein_PB.18297.2	GON7_MOAP1	GON7_MOAP1	fusion	YES	144.65	216.52	178.35
PB.18297.4	Protein_PB.18297.4	MOAP1	MOAP1	incomplete-splice_match	YES	443.55	433.01	502.95
PB.18299.1	Protein_PB.18299.1	ITPK1	ITPK1	full-splice_match	YES	97.74	124.12	101.99
PB.18299.2	Protein_PB.18299.2	ITPK1	ITPK1	full-splice_match	YES	43.37	19.18	3.87
PB.1830.1	Protein_PB.1830.1	UBE2H	UBE2H	full-splice_match	YES	19.72	24.1	21.06
PB.1830.2	Protein_PB.1830.2	UBE2H	UBE2H	full-splice_match	YES	985.54	1103.43	1035.66
PB.18300.1	Protein_PB.18300.1	LGMN	LGMN	full-splice_match	YES	144.61	130.81	153.56
PB.18300.2	Protein_PB.18300.2	LGMN	LGMN	full-splice_match	YES	71.13	70.41	30.96
PB.18301.1	Protein_PB.18301.1	NDUFB1	NDUFB1	full-splice_match	YES	14.84	21.52	16.22
PB.18301.3		NDUFB1	NDUFB1	incomplete-splice_match	NO	482.8	512.03	331.11
PB.18302.3	Protein_PB.18302.3	ATXN3	ATXN3	full-splice_match	YES	30.24	25.37	24.1
PB.18302.4	Protein_PB.18302.4	ATXN3	ATXN3	full-splice_match	YES	31.33	14.24	14.16
PB.18302.5	Protein_PB.18302.5	ATXN3	ATXN3	full-splice_match	YES	23.4	38.39	48.83
PB.18303.1	Protein_PB.18303.1	TRIP11	TRIP11	full-splice_match	YES	370.13	367.68	313.33
PB.18303.2	Protein_PB.18303.2	TRIP11	TRIP11	full-splice_match	YES	120.3	174.71	150.7
PB.18303.3	Protein_PB.18303.3	TRIP11	TRIP11	full-splice_match	YES	59.28	61.67	24.46
PB.18303.6	Protein_PB.18303.6	TRIP11	TRIP11	full-splice_match	YES	101.51	55.79	81.21
PB.18304.1	Protein_PB.18304.1	FBLN5	FBLN5	full-splice_match	YES	74.38	54.9	45.54
PB.18304.2	Protein_PB.18304.2	FBLN5	FBLN5	full-splice_match	YES	84.76	76.31	69.41
PB.18304.3	Protein_PB.18304.3	FBLN5	FBLN5	incomplete-splice_match	YES	42.68	58.67	56.65
PB.18308.1	Protein_PB.18308.1	PPP4R3A	PPP4R3A	full-splice_match	YES	39.64	32.32	44.21
PB.18308.2	Protein_PB.18308.2	PPP4R3A	PPP4R3A	full-splice_match	YES	85.16	92.63	124.59
PB.18308.3	Protein_PB.18308.3	PPP4R3A	PPP4R3A	incomplete-splice_match	YES	64.47	71.4	97.15
PB.18308.6	Protein_PB.18308.6	PPP4R3A	PPP4R3A	incomplete-splice_match	YES	57.94	26.57	21.69
PB.18309.2	Protein_PB.18309.2	CCDC88C	CCDC88C	full-splice_match	YES	272.08	204.64	295.87
PB.18309.4	Protein_PB.18309.4	CCDC88C	CCDC88C	incomplete-splice_match	YES	49.59	21.74	35.83
PB.1831.1	Protein_PB.1831.1	ZC3HC1	ZC3HC1	full-splice_match	YES	222.53	237.65	251.23
PB.18310.1	Protein_PB.18310.1	GPR68	GPR68	full-splice_match	YES	58.88	65.03	40.47
PB.18311.2	Protein_PB.18311.2	RPS6KA5	RPS6KA5	full-splice_match	YES	38.53	37.35	62.73
PB.18312.1	Protein_PB.18312.1	TTC7B	TTC7B	full-splice_match	YES	74.8	60.39	71.62
PB.18312.3	Protein_PB.18312.3	TTC7B	TTC7B	full-splice_match	YES	280.64	259.64	276.61
PB.18312.4	Protein_PB.18312.4	TTC7B	TTC7B	novel_in_catalog	YES	199.85	220.09	159.19
PB.18315.2	Protein_PB.18315.2	NRDE2	NRDE2	full-splice_match	YES	7.79	19.97	13.58
PB.18315.3	Protein_PB.18315.3	NRDE2	NRDE2	full-splice_match	YES	98.56	91.02	88.6
PB.18318.1	Protein_PB.18318.1	FOXN3	FOXN3	full-splice_match	YES	696.57	634.0	707.4
PB.18318.11	Protein_PB.18318.11	FOXN3	FOXN3	novel_in_catalog	YES	176.48	175.11	263.73
PB.18318.12	Protein_PB.18318.12	FOXN3	FOXN3	full-splice_match	YES	1049.78	1295.64	1473.47
PB.18318.13	Protein_PB.18318.13	FOXN3	FOXN3	full-splice_match	YES	36.09	31.82	33.7
PB.18318.2	Protein_PB.18318.2	FOXN3	FOXN3	novel_in_catalog	YES	31.16	36.25	47.1
PB.18318.3	Protein_PB.18318.3	FOXN3	FOXN3	full-splice_match	YES	19.69	10.8	31.49
PB.1832.2	Protein_PB.1832.2	TMEM209	TMEM209	full-splice_match	YES	73.54	77.14	50.12
PB.18322.3	Protein_PB.18322.3	EML5	EML5	full-splice_match	YES	22.8	27.94	26.73
PB.18323.1	Protein_PB.18323.1	PTPN21	PTPN21	full-splice_match	YES	287.56	229.65	273.83
PB.18323.2	Protein_PB.18323.2	PTPN21	PTPN21	incomplete-splice_match	YES	25.58	33.43	37.43
PB.18325.1	Protein_PB.18325.1	GALC	GALC	full-splice_match	YES	14.26	19.23	26.86
PB.18332.1	Protein_PB.18332.1	CRIP1	CRIP1	full-splice_match	YES	329.5	169.36	286.98
PB.18333.4	Protein_PB.18333.4	CRIP2	CRIP2	full-splice_match	YES	239.83	138.81	108.9
PB.18334.1	Protein_PB.18334.1	MTA1	MTA1	full-splice_match	YES	46.4	39.24	38.44
PB.18336.1	Protein_PB.18336.1	PACS2	PACS2	novel_not_in_catalog	YES	652.23	678.37	516.41
PB.18336.3	Protein_PB.18336.3	PACS2	PACS2	novel_in_catalog	YES	25.47	45.67	54.85
PB.18336.4	Protein_PB.18336.4	PACS2	PACS2	full-splice_match	YES	273.34	258.01	204.75
PB.18336.5	Protein_PB.18336.5	PACS2	PACS2	full-splice_match	YES	265.4	239.15	249.2
PB.18336.7	Protein_PB.18336.7	PACS2	PACS2	novel_not_in_catalog	YES	114.2	152.03	96.03
PB.18336.8	Protein_PB.18336.8	PACS2	PACS2	full-splice_match	YES	158.23	120.23	153.99
PB.18337.1	Protein_PB.18337.1	BTBD6	BTBD6	full-splice_match	YES	737.06	742.34	806.99
PB.1834.1	Protein_PB.1834.1	COPG2	COPG2	full-splice_match	YES	94.39	88.81	74.3
PB.18344.1	Protein_PB.18344.1	SIVA1	SIVA1	full-splice_match	YES	122.65	142.17	131.27
PB.18345.1	Protein_PB.18345.1	ADSSL1	ADSSL1	full-splice_match	YES	3124.52	2571.95	2202.7
PB.18345.11	Protein_PB.18345.11	ADSSL1	ADSSL1	novel_not_in_catalog	YES	84.13	54.79	56.56
PB.18345.9	Protein_PB.18345.9	ADSSL1	ADSSL1	novel_in_catalog	YES	102.05	77.32	229.72
PB.18348.1	Protein_PB.18348.1	KIF26A	KIF26A	full-splice_match	YES	55.14	34.85	34.01
PB.18351.2	Protein_PB.18351.2	ZFYVE21	ZFYVE21	full-splice_match	YES	50.33	45.65	65.42
PB.18351.3	Protein_PB.18351.3	ZFYVE21	ZFYVE21	full-splice_match	YES	59.51	72.69	66.41
PB.18352.1	Protein_PB.18352.1	KLC1	KLC1	full-splice_match	YES	37.58	27.85	5.62
PB.18352.11	Protein_PB.18352.11	KLC1	KLC1	full-splice_match	YES	48.59	48.54	59.66
PB.18352.17	Protein_PB.18352.17	KLC1	KLC1	full-splice_match	YES	13.75	17.1	14.83
PB.18352.18	Protein_PB.18352.18	KLC1	KLC1	full-splice_match	YES	118.07	90.95	80.62
PB.18352.20	Protein_PB.18352.20	KLC1	KLC1	novel_in_catalog	YES	519.74	556.97	391.26
PB.18352.4	Protein_PB.18352.4	KLC1	KLC1	full-splice_match	YES	98.86	103.91	106.62
PB.18352.5	Protein_PB.18352.5	KLC1	KLC1	incomplete-splice_match	YES	45.31	52.56	49.42
PB.18352.6	Protein_PB.18352.6	KLC1	KLC1	novel_in_catalog	YES	92.76	86.48	73.27
PB.18352.7	Protein_PB.18352.7	KLC1	KLC1	incomplete-splice_match	YES	19.55	4.93	8.95
PB.18354.2	Protein_PB.18354.2	APOPT1	APOPT1	full-splice_match	YES	219.8	253.03	188.03
PB.18356.2	Protein_PB.18356.2	TRMT61A	TRMT61A	full-splice_match	YES	9.36	11.82	23.8
PB.18356.3	Protein_PB.18356.3	TRMT61A	TRMT61A	full-splice_match	YES	131.5	128.76	129.89
PB.18358.3	Protein_PB.18358.3	MARK3	MARK3	full-splice_match	YES	276.77	320.91	260.03
PB.18358.8	Protein_PB.18358.8	MARK3	MARK3	incomplete-splice_match	YES	52.15	65.46	57.79
PB.18358.9	Protein_PB.18358.9	MARK3	MARK3	novel_in_catalog	YES	175.98	151.21	164.7
PB.18360.1	Protein_PB.18360.1	EIF5	EIF5	novel_not_in_catalog	YES	8.31	22.13	19.95
PB.18360.10	Protein_PB.18360.10	EIF5	EIF5	incomplete-splice_match	YES	638.31	616.65	683.57
PB.18360.11	Protein_PB.18360.11	EIF5	EIF5	incomplete-splice_match	YES	89.8	48.69	155.41
PB.18360.3	Protein_PB.18360.3	EIF5	EIF5	novel_not_in_catalog	YES	254.4	181.48	247.09
PB.18360.4	Protein_PB.18360.4	EIF5	EIF5	full-splice_match	YES	68.48	37.64	76.66
PB.18360.5	Protein_PB.18360.5	EIF5	EIF5	novel_in_catalog	YES	1513.69	1452.42	1363.48
PB.18360.7	Protein_PB.18360.7	EIF5	EIF5	novel_not_in_catalog	YES	167.45	110.84	522.04
PB.18360.8	Protein_PB.18360.8	EIF5	EIF5	novel_not_in_catalog	YES	239.26	227.21	357.13
PB.18360.9	Protein_PB.18360.9	EIF5	EIF5	novel_not_in_catalog	YES	143.85	174.41	138.9
PB.18363.5	Protein_PB.18363.5	TNFAIP2	TNFAIP2	full-splice_match	YES	91.62	99.38	79.95
PB.18366.1	Protein_PB.18366.1	TRAF3	TRAF3	full-splice_match	YES	102.21	99.74	128.79
PB.18367.2	Protein_PB.18367.2	RCOR1	RCOR1	full-splice_match	YES	109.55	110.46	120.22
PB.18368.1	Protein_PB.18368.1	TECPR2	TECPR2	full-splice_match	YES	73.48	70.42	68.18
PB.18369.2	Protein_PB.18369.2	ZNF839	ZNF839	full-splice_match	YES	37.23	34.07	44.09
PB.18371.2	Protein_PB.18371.2	WDR20	WDR20	full-splice_match	YES	23.63	18.58	5.81
PB.18371.8	Protein_PB.18371.8	WDR20	WDR20	incomplete-splice_match	YES	35.13	48.18	34.37
PB.18373.1	Protein_PB.18373.1	DYNC1H1	DYNC1H1	full-splice_match	YES	1122.8	960.01	835.23
PB.18373.2	Protein_PB.18373.2	DYNC1H1	DYNC1H1	full-splice_match	YES	3369.45	2899.0	2708.49
PB.18373.3	Protein_PB.18373.3	DYNC1H1	DYNC1H1	incomplete-splice_match	YES	46.92	51.42	31.44
PB.18375.12	Protein_PB.18375.12	PPP2R5C	PPP2R5C	incomplete-splice_match	YES	141.23	141.42	136.76
PB.18375.16	Protein_PB.18375.16	PPP2R5C	PPP2R5C	novel_not_in_catalog	YES	24.55	14.56	21.4
PB.18375.19	Protein_PB.18375.19	PPP2R5C	PPP2R5C	novel_in_catalog	YES	42.51	42.07	41.36
PB.18375.21	Protein_PB.18375.21	PPP2R5C	PPP2R5C	novel_not_in_catalog	YES	43.94	54.43	18.46
PB.18375.22	Protein_PB.18375.22	PPP2R5C	PPP2R5C	full-splice_match	YES	21.87	25.27	36.56
PB.18375.23	Protein_PB.18375.23	PPP2R5C	PPP2R5C	full-splice_match	YES	27.94	26.95	6.87
PB.18375.24	Protein_PB.18375.24	PPP2R5C	PPP2R5C	full-splice_match	YES	37.17	55.0	43.03
PB.18375.26	Protein_PB.18375.26	PPP2R5C	PPP2R5C	full-splice_match	YES	18.58	44.95	27.95
PB.18375.29		PPP2R5C	PPP2R5C	novel_not_in_catalog	NO	37.97	46.48	48.71
PB.1838.1	Protein_PB.1838.1	LOC113265994	LOC113265994	full-splice_match	YES	21.73	23.17	23.02
PB.1838.11		LOC113265994	LOC113265994	full-splice_match	NO	39.92	32.14	44.52
PB.1842.1	Protein_PB.1842.1	PODXL	PODXL	full-splice_match	YES	489.68	336.07	278.7
PB.18435.1	Protein_PB.18435.1	YY1	YY1	full-splice_match	YES	329.58	320.84	362.15
PB.18436.3	Protein_PB.18436.3	EVL	EVL	full-splice_match	YES	23.81	15.21	17.67
PB.18437.3	Protein_PB.18437.3	EML1	EML1	full-splice_match	YES	345.93	342.27	254.37
PB.18437.4	Protein_PB.18437.4	EML1	EML1	full-splice_match	YES	157.72	78.41	113.3
PB.18437.8	Protein_PB.18437.8	EML1	EML1	novel_not_in_catalog	YES	328.32	210.15	310.66
PB.18439.1	Protein_PB.18439.1	HHIPL1	HHIPL1	full-splice_match	YES	51.22	22.45	27.78
PB.1844.1	Protein_PB.1844.1	PLXNA4	PLXNA4	full-splice_match	YES	25.13	15.69	15.64
PB.18440.1	Protein_PB.18440.1	CCNK	CCNK	full-splice_match	YES	40.02	33.75	43.26
PB.18444.2	Protein_PB.18444.2	VRK1	VRK1	full-splice_match	YES	19.58	18.33	22.09
PB.18445.13	Protein_PB.18445.13	PAPOLA	PAPOLA	incomplete-splice_match	YES	14.41	19.51	23.38
PB.18445.14	Protein_PB.18445.14	PAPOLA	PAPOLA	novel_in_catalog	YES	39.28	43.35	69.98
PB.18445.4	Protein_PB.18445.4	PAPOLA	PAPOLA	full-splice_match	YES	265.54	257.59	255.45
PB.18445.7	Protein_PB.18445.7	PAPOLA	PAPOLA	novel_in_catalog	YES	82.23	73.46	49.05
PB.18445.9	Protein_PB.18445.9	PAPOLA	PAPOLA	novel_in_catalog	YES	32.43	29.98	35.01
PB.18447.4	Protein_PB.18447.4	GSKIP	GSKIP	full-splice_match	YES	55.5	62.88	50.79
PB.18447.8	Protein_PB.18447.8	GSKIP	GSKIP	novel_not_in_catalog	YES	37.79	37.12	33.53
PB.18449.1	Protein_PB.18449.1	CUNH14orf132	CUNH14orf132	full-splice_match	YES	117.74	54.98	82.05
PB.1845.1	Protein_PB.1845.1	CHCHD3	CHCHD3	full-splice_match	YES	784.61	801.13	631.46
PB.1845.2	Protein_PB.1845.2	CHCHD3	CHCHD3	full-splice_match	YES	1686.95	1732.27	1250.2
PB.18451.1	Protein_PB.18451.1	GLRX5	GLRX5	full-splice_match	YES	420.6	448.08	370.08
PB.1846.1		LOC113264319	LOC113264319	full-splice_match	NO	157.48	134.83	132.99
PB.18473.3	Protein_PB.18473.3	UBR7	UBR7	novel_not_in_catalog	YES	27.89	22.25	29.78
PB.18473.5	Protein_PB.18473.5	UBR7	UBR7	full-splice_match	YES	221.15	264.5	318.0
PB.18474.1	Protein_PB.18474.1	TMEM251	TMEM251	full-splice_match	YES	96.69	128.57	96.9
PB.18476.7	Protein_PB.18476.7	GOLGA5	GOLGA5	novel_in_catalog	YES	120.14	162.09	128.76
PB.18477.2	Protein_PB.18477.2	RIN3	RIN3	incomplete-splice_match	YES	11.56	7.53	16.89
PB.18479.1	Protein_PB.18479.1	CPSF2	CPSF2	novel_not_in_catalog	YES	67.29	56.11	88.5
PB.18479.2	Protein_PB.18479.2	CPSF2	CPSF2	novel_not_in_catalog	YES	74.92	98.48	55.6
PB.18479.3	Protein_PB.18479.3	CPSF2	CPSF2	full-splice_match	YES	195.36	191.87	160.47
PB.1848.1	Protein_PB.1848.1	SLC35B4	SLC35B4	full-splice_match	YES	95.38	80.5	83.85
PB.18484.1	Protein_PB.18484.1	CALM1	CALM1	full-splice_match	YES	892.58	685.74	692.95
PB.18484.2	Protein_PB.18484.2	CALM1	CALM1	novel_not_in_catalog	YES	1578.28	1434.6	1687.79
PB.18484.4		CALM1	CALM1	novel_in_catalog	NO	54.54	51.66	127.36
PB.18484.5	Protein_PB.18484.5	CALM1	CALM1	novel_in_catalog	YES	49.41	57.96	109.47
PB.18485.1	Protein_PB.18485.1	PSMC1	PSMC1	novel_not_in_catalog	YES	20.36	8.63	31.27
PB.18485.3	Protein_PB.18485.3	PSMC1	PSMC1	full-splice_match	YES	112.64	127.67	110.68
PB.18485.7	Protein_PB.18485.7	PSMC1	PSMC1	novel_in_catalog	YES	365.15	431.82	405.86
PB.18485.8	Protein_PB.18485.8	PSMC1	PSMC1	novel_in_catalog	YES	394.75	438.72	425.08
PB.1849.9	Protein_PB.1849.9	AKR1B1	AKR1B1	full-splice_match	YES	1675.96	2116.85	1161.82
PB.18492.1	Protein_PB.18492.1	TTC8	TTC8	full-splice_match	YES	35.94	30.04	32.91
PB.18493.1	Protein_PB.18493.1	ZC3H14	ZC3H14	full-splice_match	YES	103.45	117.68	131.51
PB.18493.10	Protein_PB.18493.10	ZC3H14	ZC3H14	novel_in_catalog	YES	21.9	18.79	29.86
PB.18493.12	Protein_PB.18493.12	ZC3H14	ZC3H14	novel_in_catalog	YES	71.65	101.87	165.23
PB.18493.7	Protein_PB.18493.7	ZC3H14	ZC3H14	full-splice_match	YES	51.83	39.15	42.35
PB.18493.8	Protein_PB.18493.8	ZC3H14	ZC3H14	novel_not_in_catalog	YES	81.61	80.99	64.85
PB.18493.9	Protein_PB.18493.9	ZC3H14	ZC3H14	novel_in_catalog	YES	60.26	47.17	33.93
PB.18498.1	Protein_PB.18498.1	FLRT2	FLRT2	full-splice_match	YES	74.93	56.04	20.32
PB.18503.1	Protein_PB.18503.1	LYRM1	LYRM1	full-splice_match	YES	77.09	88.03	46.96
PB.18503.4	Protein_PB.18503.4	LYRM1	LYRM1	full-splice_match	YES	12.61	39.79	11.51
PB.18503.5	Protein_PB.18503.5	LYRM1	LYRM1	full-splice_match	YES	35.68	44.05	20.4
PB.18505.1	Protein_PB.18505.1	TMEM159	TMEM159	full-splice_match	YES	356.43	363.44	422.83
PB.18505.3	Protein_PB.18505.3	TMEM159	TMEM159	full-splice_match	YES	41.97	47.84	25.16
PB.18505.6	Protein_PB.18505.6	TMEM159	TMEM159	novel_in_catalog	YES	23.04	15.05	13.3
PB.18505.7		TMEM159	TMEM159	novel_not_in_catalog	NO	37.61	43.2	48.91
PB.18510.11	Protein_PB.18510.11	LOC113267549	LOC113267549	full-splice_match	YES	22.01	22.87	13.8
PB.18510.12	Protein_PB.18510.12	LOC113267549	LOC113267549	novel_not_in_catalog	YES	2230.22	2546.79	1570.83
PB.18510.2	Protein_PB.18510.2	LOC113267549	LOC113267549	novel_not_in_catalog	YES	3251.56	3604.46	2288.7
PB.18510.3	Protein_PB.18510.3	LOC113267549	LOC113267549	full-splice_match	YES	228.07	269.33	93.74
PB.18510.4	Protein_PB.18510.4	LOC113267549	LOC113267549	novel_in_catalog	YES	88.5	94.97	53.43
PB.18510.6	Protein_PB.18510.6	LOC113267549	LOC113267549	novel_not_in_catalog	YES	11.88	16.02	32.47
PB.18510.7	Protein_PB.18510.7	LOC113267549	LOC113267549	novel_in_catalog	YES	1062.56	1214.83	722.14
PB.18511.2	Protein_PB.18511.2	MOSMO	MOSMO	full-splice_match	YES	31.59	35.78	35.23
PB.18511.4		MOSMO	MOSMO	full-splice_match	NO	83.9	83.24	110.59
PB.18514.1	Protein_PB.18514.1	EEF2K	EEF2K	full-splice_match	YES	220.17	179.5	264.08
PB.18514.2	Protein_PB.18514.2	EEF2K	EEF2K	novel_not_in_catalog	YES	133.9	197.44	257.12
PB.18514.3	Protein_PB.18514.3	EEF2K	EEF2K	novel_not_in_catalog	YES	40.6	23.23	42.59
PB.18514.4	Protein_PB.18514.4	EEF2K	EEF2K	novel_not_in_catalog	YES	402.71	184.08	355.75
PB.18514.5	Protein_PB.18514.5	EEF2K	EEF2K	novel_not_in_catalog	YES	53.73	24.76	30.57
PB.18516.1	Protein_PB.18516.1	POLR3E	POLR3E	novel_not_in_catalog	YES	30.95	25.51	41.8
PB.18516.5	Protein_PB.18516.5	POLR3E	POLR3E	full-splice_match	YES	22.82	33.3	18.36
PB.18516.6	Protein_PB.18516.6	POLR3E	POLR3E	full-splice_match	YES	40.66	13.07	11.36
PB.18516.7	Protein_PB.18516.7	POLR3E	POLR3E	full-splice_match	YES	53.58	80.06	86.24
PB.18518.1	Protein_PB.18518.1	METTL9	METTL9	full-splice_match	YES	215.13	179.92	160.72
PB.18518.2	Protein_PB.18518.2	METTL9	METTL9	full-splice_match	YES	236.34	252.58	210.15
PB.18518.3	Protein_PB.18518.3	METTL9	METTL9	full-splice_match	YES	65.03	76.55	79.12
PB.18520.2	Protein_PB.18520.2	HS3ST2	HS3ST2	full-splice_match	YES	161.49	151.2	141.94
PB.18523.4	Protein_PB.18523.4	UBFD1	UBFD1	full-splice_match	YES	108.56	120.86	93.24
PB.18523.7	Protein_PB.18523.7	UBFD1	UBFD1	incomplete-splice_match	YES	461.94	484.18	452.78
PB.18523.8	Protein_PB.18523.8	UBFD1	UBFD1	incomplete-splice_match	YES	16.17	10.09	21.58
PB.18524.1	Protein_PB.18524.1	DCTN5	DCTN5	full-splice_match	YES	125.85	124.64	146.11
PB.18530.1	Protein_PB.18530.1	RBBP6	RBBP6	full-splice_match	YES	54.66	40.56	75.87
PB.18530.2	Protein_PB.18530.2	RBBP6	RBBP6	full-splice_match	YES	181.34	174.89	196.1
PB.18530.3	Protein_PB.18530.3	RBBP6	RBBP6	incomplete-splice_match	YES	53.67	45.47	64.95
PB.18531.2	Protein_PB.18531.2	TNRC6A	TNRC6A	full-splice_match	YES	63.07	35.58	83.72
PB.18531.4	Protein_PB.18531.4	TNRC6A	TNRC6A	full-splice_match	YES	35.02	40.7	51.3
PB.18531.5	Protein_PB.18531.5	TNRC6A	TNRC6A	full-splice_match	YES	179.98	167.49	143.67
PB.18531.6	Protein_PB.18531.6	TNRC6A	TNRC6A	full-splice_match	YES	37.01	49.83	71.11
PB.18533.1		LOC113267593	LOC113267593	full-splice_match	NO	54.81	63.74	49.95
PB.18534.2	Protein_PB.18534.2	LCMT1	LCMT1	full-splice_match	YES	750.99	805.55	652.06
PB.18542.2	Protein_PB.18542.2	KDM8	KDM8	full-splice_match	YES	43.25	36.89	31.91
PB.18542.3	Protein_PB.18542.3	KDM8	KDM8	incomplete-splice_match	YES	18.65	20.14	18.43
PB.18543.1	Protein_PB.18543.1	IL4R	IL4R	full-splice_match	YES	3.34	25.12	3.47
PB.18543.10	Protein_PB.18543.10	IL4R	IL4R	full-splice_match	YES	48.08	26.87	37.89
PB.18543.7	Protein_PB.18543.7	IL4R	IL4R	novel_not_in_catalog	YES	20.16	2.96	3.65
PB.18543.9	Protein_PB.18543.9	IL4R	IL4R	full-splice_match	YES	44.82	28.12	27.79
PB.18545.1	Protein_PB.18545.1	KIAA0556	KIAA0556	full-splice_match	YES	9.31	9.6	16.27
PB.18547.1	Protein_PB.18547.1	novelGene_LOC113267618_AS	novelGene_LOC113267618_AS	antisense	YES	43.61	49.93	73.33
PB.18548.1	Protein_PB.18548.1	SBK1	SBK1	full-splice_match	YES	148.35	178.45	217.54
PB.18549.1	Protein_PB.18549.1	RABEP2	RABEP2	full-splice_match	YES	36.22	27.96	35.47
PB.1855.2	Protein_PB.1855.2	CYREN	CYREN	full-splice_match	YES	20.45	17.53	24.46
PB.1855.3	Protein_PB.1855.3	CYREN	CYREN	novel_in_catalog	YES	17.53	23.66	13.81
PB.1855.4	Protein_PB.1855.4	CYREN	CYREN	novel_in_catalog	YES	22.08	21.51	21.89
PB.18550.1	Protein_PB.18550.1	TUFM	TUFM	full-splice_match	YES	3138.26	3710.05	3143.72
PB.18550.4	Protein_PB.18550.4	TUFM	TUFM	novel_in_catalog	YES	39.23	45.15	60.1
PB.18553.2	Protein_PB.18553.2	SGF29	SGF29	full-splice_match	YES	33.65	31.95	41.02
PB.18555.1		BOLA2B	BOLA2B	incomplete-splice_match	NO	27.54	34.77	24.0
PB.18555.2		BOLA2B	BOLA2B	full-splice_match	NO	148.58	160.53	168.88
PB.18556.2	Protein_PB.18556.2	MAPK3	MAPK3	full-splice_match	YES	109.62	111.69	143.0
PB.18556.3	Protein_PB.18556.3	MAPK3	MAPK3	incomplete-splice_match	YES	128.21	114.5	139.01
PB.18558.1	Protein_PB.18558.1	YPEL3	YPEL3	full-splice_match	YES	272.03	341.94	332.41
PB.1856.3	Protein_PB.1856.3	WDR91	WDR91	full-splice_match	YES	8.89	7.9	17.73
PB.1856.5	Protein_PB.1856.5	WDR91	WDR91	novel_not_in_catalog	YES	20.51	12.0	19.22
PB.18562.1	Protein_PB.18562.1	HIRIP3	HIRIP3	full-splice_match	YES	34.07	30.94	52.17
PB.18562.3	Protein_PB.18562.3	HIRIP3	HIRIP3	full-splice_match	YES	18.32	12.88	35.52
PB.18565.1	Protein_PB.18565.1	CDIPT	CDIPT	full-splice_match	YES	176.91	171.17	161.0
PB.18565.2	Protein_PB.18565.2	CDIPT	CDIPT	incomplete-splice_match	YES	55.17	43.75	30.73
PB.18569.3	Protein_PB.18569.3	MYLPF	MYLPF	incomplete-splice_match	YES	28.21	17.71	33.05
PB.18569.4	Protein_PB.18569.4	MYLPF	MYLPF	incomplete-splice_match	YES	17.22	11.78	20.98
PB.18569.5	Protein_PB.18569.5	MYLPF	MYLPF	incomplete-splice_match	YES	56020.38	30825.85	63194.54
PB.18569.6	Protein_PB.18569.6	MYLPF	MYLPF	novel_in_catalog	YES	21.5	10.77	36.01
PB.1857.1	Protein_PB.1857.1	LOC113264493	LOC113264493	incomplete-splice_match	YES	28.28	14.5	21.29
PB.18570.1	Protein_PB.18570.1	ZNF48	ZNF48	full-splice_match	YES	28.87	24.64	78.53
PB.18570.2	Protein_PB.18570.2	ZNF48	ZNF48	incomplete-splice_match	YES	64.74	57.34	23.61
PB.18571.2	Protein_PB.18571.2	ZNF771	ZNF771	full-splice_match	YES	24.35	24.33	12.68
PB.18573.1	Protein_PB.18573.1	LOC113267688	LOC113267688	full-splice_match	YES	14.35	12.35	17.37
PB.18577.2	Protein_PB.18577.2	FBRS	FBRS	full-splice_match	YES	69.64	55.23	74.33
PB.18578.3	Protein_PB.18578.3	SRCAP	SRCAP	full-splice_match	YES	110.87	107.65	73.09
PB.18578.4	Protein_PB.18578.4	SRCAP	SRCAP	full-splice_match	YES	34.75	11.07	85.08
PB.1858.10	Protein_PB.1858.10	CNOT4	CNOT4	full-splice_match	YES	22.72	51.24	66.63
PB.1858.11	Protein_PB.1858.11	CNOT4	CNOT4	full-splice_match	YES	111.76	76.27	74.62
PB.1858.12	Protein_PB.1858.12	CNOT4	CNOT4	novel_in_catalog	YES	12.77	17.52	19.23
PB.1858.13	Protein_PB.1858.13	CNOT4	CNOT4	novel_in_catalog	YES	26.41	27.27	19.12
PB.1858.14	Protein_PB.1858.14	CNOT4	CNOT4	novel_not_in_catalog	YES	16.8	15.55	25.36
PB.1858.5	Protein_PB.1858.5	CNOT4	CNOT4	full-splice_match	YES	28.52	38.79	25.54
PB.18581.1	Protein_PB.18581.1	RNF40	RNF40	full-splice_match	YES	12.9	20.04	3.48
PB.18581.2	Protein_PB.18581.2	RNF40	RNF40	full-splice_match	YES	96.74	103.6	123.89
PB.18587.1	Protein_PB.18587.1	ORAI3	ORAI3	full-splice_match	YES	67.43	77.02	56.54
PB.18588.2	Protein_PB.18588.2	SETD1A	SETD1A	full-splice_match	YES	34.25	19.35	36.7
PB.18589.12	Protein_PB.18589.12	HSD3B7	HSD3B7	full-splice_match	YES	31.06	29.15	43.1
PB.18589.2	Protein_PB.18589.2	HSD3B7	HSD3B7	full-splice_match	YES	122.76	93.11	105.03
PB.18590.1	Protein_PB.18590.1	STX4	STX4	full-splice_match	YES	70.61	62.24	87.81
PB.18591.1	Protein_PB.18591.1	ZNF646	ZNF646	full-splice_match	YES	19.61	14.36	29.36
PB.18591.2	Protein_PB.18591.2	ZNF646	ZNF646	novel_not_in_catalog	YES	44.89	47.98	53.7
PB.18592.1	Protein_PB.18592.1	BCKDK	BCKDK	full-splice_match	YES	647.82	684.84	320.83
PB.18593.1	Protein_PB.18593.1	KAT8	KAT8	full-splice_match	YES	116.05	120.47	122.27
PB.18594.15	Protein_PB.18594.15	FUS	FUS	novel_in_catalog	YES	13.7	14.41	22.64
PB.18594.19	Protein_PB.18594.19	FUS	FUS	novel_not_in_catalog	YES	14.37	18.76	32.36
PB.18594.2	Protein_PB.18594.2	FUS	FUS	full-splice_match	YES	96.88	103.13	77.78
PB.18594.20	Protein_PB.18594.20	FUS	FUS	novel_in_catalog	YES	110.29	71.32	125.16
PB.18594.21	Protein_PB.18594.21	FUS	FUS	full-splice_match	YES	25.94	20.71	33.66
PB.18595.1	Protein_PB.18595.1	TRIM72	TRIM72	novel_not_in_catalog	YES	336.11	329.12	267.94
PB.18595.2	Protein_PB.18595.2	TRIM72	TRIM72	novel_not_in_catalog	YES	1493.97	1441.52	1164.93
PB.18595.3	Protein_PB.18595.3	TRIM72	TRIM72	novel_not_in_catalog	YES	72.16	93.95	76.48
PB.18595.4	Protein_PB.18595.4	TRIM72	TRIM72	full-splice_match	YES	317.09	413.6	215.95
PB.18597.1	Protein_PB.18597.1	ITGAX	ITGAX	full-splice_match	YES	18.86	18.79	18.44
PB.186.1	Protein_PB.186.1	CADM2	CADM2	full-splice_match	YES	43.27	48.47	45.08
PB.18600.1	Protein_PB.18600.1	TGFB1I1	TGFB1I1	full-splice_match	YES	29.06	21.9	41.91
PB.18604.1	Protein_PB.18604.1	MRPS17	MRPS17	full-splice_match	YES	208.43	228.76	160.57
PB.18605.1	Protein_PB.18605.1	NIPSNAP2	NIPSNAP2	full-splice_match	YES	5293.21	6156.95	3467.18
PB.18605.13	Protein_PB.18605.13	NIPSNAP2	NIPSNAP2	novel_in_catalog	YES	25.58	28.62	10.49
PB.18605.15		NIPSNAP2	NIPSNAP2	incomplete-splice_match	NO	21.51	15.19	14.49
PB.18605.3	Protein_PB.18605.3	NIPSNAP2	NIPSNAP2	novel_not_in_catalog	YES	17.49	15.53	31.79
PB.18605.7	Protein_PB.18605.7	NIPSNAP2	NIPSNAP2	incomplete-splice_match	YES	76.51	112.9	94.37
PB.18605.8	Protein_PB.18605.8	NIPSNAP2	NIPSNAP2	novel_not_in_catalog	YES	80.98	65.77	74.84
PB.18606.1	Protein_PB.18606.1	CCT6A	CCT6A	full-splice_match	YES	1122.32	1108.3	868.42
PB.18609.1	Protein_PB.18609.1	SUMF2	SUMF2	full-splice_match	YES	39.96	28.9	21.05
PB.18611.2	Protein_PB.18611.2	VKORC1L1	VKORC1L1	full-splice_match	YES	67.38	53.44	84.17
PB.18612.1	Protein_PB.18612.1	CRCP_TPST1	CRCP_TPST1	fusion	YES	12.94	6.98	17.73
PB.18612.10	Protein_PB.18612.10	CRCP	CRCP	full-splice_match	YES	49.46	49.0	52.9
PB.18612.20	Protein_PB.18612.20	TPST1	TPST1	full-splice_match	YES	30.3	20.16	31.34
PB.18614.1	Protein_PB.18614.1	KCTD7	KCTD7	incomplete-splice_match	YES	43.1	29.78	40.68
PB.18615.10	Protein_PB.18615.10	RABGEF1	RABGEF1	full-splice_match	YES	55.97	25.37	9.63
PB.18615.5	Protein_PB.18615.5	RABGEF1	RABGEF1	full-splice_match	YES	138.71	192.37	131.76
PB.18615.7	Protein_PB.18615.7	RABGEF1	RABGEF1	novel_in_catalog	YES	67.64	83.46	70.81
PB.18617.1	Protein_PB.18617.1	TMEM248	TMEM248	full-splice_match	YES	25.3	25.19	20.65
PB.18617.2	Protein_PB.18617.2	TMEM248	TMEM248	full-splice_match	YES	86.74	35.21	79.4
PB.18617.3	Protein_PB.18617.3	TMEM248	TMEM248	full-splice_match	YES	466.05	535.05	546.51
PB.18619.1	Protein_PB.18619.1	LOC113267757	LOC113267757	full-splice_match	YES	56.16	69.19	72.48
PB.1862.1	Protein_PB.1862.1	FAM180A	FAM180A	full-splice_match	YES	29.11	19.5	27.62
PB.18625.1	Protein_PB.18625.1	CASTOR2	CASTOR2	full-splice_match	YES	867.39	1043.25	1050.25
PB.18627.1	Protein_PB.18627.1	LOC113267771	LOC113267771	full-splice_match	YES	167.39	181.93	204.6
PB.18631.1	Protein_PB.18631.1	RFC2	RFC2	full-splice_match	YES	116.59	132.15	206.3
PB.18636.2	Protein_PB.18636.2	ABHD11	ABHD11	full-splice_match	YES	13.03	17.99	13.98
PB.18636.3	Protein_PB.18636.3	ABHD11	ABHD11	full-splice_match	YES	26.7	27.08	16.03
PB.18636.4	Protein_PB.18636.4	ABHD11	ABHD11	incomplete-splice_match	YES	17.17	18.02	11.6
PB.18638.1	Protein_PB.18638.1	DNAJC30	DNAJC30	full-splice_match	YES	20.51	12.37	14.08
PB.18638.5	Protein_PB.18638.5	DNAJC30	DNAJC30	full-splice_match	YES	43.95	48.14	56.47
PB.1864.1		LUZP6	LUZP6	novel_in_catalog	NO	46.4	49.69	11.08
PB.1864.2	Protein_PB.1864.2	MTPN_LUZP6	MTPN_LUZP6	full-splice_match	YES	604.6	527.16	580.0
PB.1864.3	Protein_PB.1864.3	MTPN_LUZP6	MTPN_LUZP6	fusion	YES	21.56	20.11	45.1
PB.1864.4	Protein_PB.1864.4	MTPN	MTPN	novel_not_in_catalog	YES	184.99	209.1	165.46
PB.18641.1	Protein_PB.18641.1	TBL2	TBL2	novel_not_in_catalog	YES	24.64	16.87	23.37
PB.18641.2	Protein_PB.18641.2	TBL2	TBL2	full-splice_match	YES	69.04	74.17	88.52
PB.18642.3	Protein_PB.18642.3	BCL7B	BCL7B	full-splice_match	YES	59.83	61.6	81.25
PB.18643.2	Protein_PB.18643.2	BAZ1B	BAZ1B	full-splice_match	YES	512.61	517.2	405.05
PB.18643.3	Protein_PB.18643.3	BAZ1B	BAZ1B	incomplete-splice_match	YES	133.28	119.01	137.29
PB.18647.1	Protein_PB.18647.1	RHBDD2	RHBDD2	full-splice_match	YES	23.23	16.41	22.46
PB.18648.10	Protein_PB.18648.10	LOC113267808	LOC113267808	incomplete-splice_match	YES	81.3	88.64	66.32
PB.18648.12	Protein_PB.18648.12	LOC113267808	LOC113267808	novel_not_in_catalog	YES	9.39	20.25	0.0
PB.18648.20	Protein_PB.18648.20	LOC113267808	LOC113267808	novel_not_in_catalog	YES	7.37	30.04	18.75
PB.18648.3	Protein_PB.18648.3	LOC113267808	LOC113267808	full-splice_match	YES	58.34	58.01	13.09
PB.18648.8	Protein_PB.18648.8	LOC113267808	LOC113267808	novel_not_in_catalog	YES	11.51	36.89	23.23
PB.18649.1	Protein_PB.18649.1	MDH2	MDH2	full-splice_match	YES	4121.01	3862.64	2652.98
PB.18649.3	Protein_PB.18649.3	MDH2	MDH2	novel_in_catalog	YES	32.15	37.37	55.49
PB.18649.8	Protein_PB.18649.8	MDH2	MDH2	novel_not_in_catalog	YES	8.76	10.49	21.2
PB.18651.1	Protein_PB.18651.1	HSPB1	HSPB1	full-splice_match	YES	3803.19	2752.31	1964.77
PB.18654.10	Protein_PB.18654.10	DTX2	DTX2	novel_not_in_catalog	YES	8.24	3.41	22.27
PB.18654.4	Protein_PB.18654.4	DTX2	DTX2	full-splice_match	YES	91.65	93.61	118.34
PB.18654.5	Protein_PB.18654.5	DTX2	DTX2	novel_in_catalog	YES	24.99	17.69	31.08
PB.18657.1	Protein_PB.18657.1	RASA4B	RASA4B	full-splice_match	YES	66.08	74.6	134.89
PB.18657.11	Protein_PB.18657.11	RASA4B	RASA4B	novel_not_in_catalog	YES	10.94	3.89	18.27
PB.18657.13	Protein_PB.18657.13	RASA4B	RASA4B	novel_not_in_catalog	YES	35.0	41.35	50.02
PB.18657.16	Protein_PB.18657.16	RASA4B	RASA4B	incomplete-splice_match	YES	65.4	56.27	32.17
PB.18657.2	Protein_PB.18657.2	RASA4B	RASA4B	full-splice_match	YES	440.17	499.42	662.33
PB.18657.22	Protein_PB.18657.22	RASA4B	RASA4B	novel_not_in_catalog	YES	25.86	6.44	65.35
PB.18658.1	Protein_PB.18658.1	POLR2J	POLR2J	full-splice_match	YES	140.59	156.1	123.47
PB.18659.2	Protein_PB.18659.2	ALKBH4	ALKBH4	full-splice_match	YES	70.57	65.6	70.73
PB.18664.3		LOC113267830	LOC113267830	incomplete-splice_match	NO	75.63	60.74	70.38
PB.18665.2		FIS1	FIS1	novel_not_in_catalog	NO	30.0	29.43	36.28
PB.18665.3	Protein_PB.18665.3	FIS1	FIS1	full-splice_match	YES	1886.05	2120.32	1541.49
PB.18667.1	Protein_PB.18667.1	PLOD3	PLOD3	full-splice_match	YES	49.76	41.08	40.83
PB.18673.1	Protein_PB.18673.1	UFSP1	UFSP1	full-splice_match	YES	27.87	29.86	18.21
PB.18674.1	Protein_PB.18674.1	EPHB4	EPHB4	full-splice_match	YES	95.95	72.9	78.71
PB.18675.3	Protein_PB.18675.3	GIGYF1	GIGYF1	full-splice_match	YES	130.37	120.01	139.56
PB.18679.1	Protein_PB.18679.1	LRCH4	LRCH4	novel_not_in_catalog	YES	14.81	18.51	26.92
PB.18679.2	Protein_PB.18679.2	LRCH4	LRCH4	novel_in_catalog	YES	30.22	20.14	7.99
PB.18679.4	Protein_PB.18679.4	LOC113267526_LRCH4	LOC113267526_LRCH4	fusion	YES	38.06	44.95	52.08
PB.1868.1	Protein_PB.1868.1	DGKI	DGKI	full-splice_match	YES	24.6	20.35	18.81
PB.18680.1	Protein_PB.18680.1	TSC22D4	TSC22D4	full-splice_match	YES	153.3	146.4	130.6
PB.18683.1	Protein_PB.18683.1	PPP1R35	PPP1R35	full-splice_match	YES	29.23	35.7	21.69
PB.18683.3	Protein_PB.18683.3	PPP1R35	PPP1R35	incomplete-splice_match	YES	38.63	28.3	32.82
PB.18688.1	Protein_PB.18688.1	CUNH7orf43	CUNH7orf43	full-splice_match	YES	25.08	25.59	32.8
PB.1869.1	Protein_PB.1869.1	CREB3L2	CREB3L2	full-splice_match	YES	160.37	93.82	159.67
PB.1869.2	Protein_PB.1869.2	CREB3L2	CREB3L2	novel_not_in_catalog	YES	4.97	26.69	0.0
PB.18690.10	Protein_PB.18690.10	TAF6	TAF6	full-splice_match	YES	26.54	24.63	24.9
PB.18690.7	Protein_PB.18690.7	TAF6_LOC113267886	TAF6_LOC113267886	fusion	YES	41.34	38.54	26.98
PB.18691.1	Protein_PB.18691.1	MCM7	MCM7	full-splice_match	YES	139.01	127.62	125.84
PB.18695.1	Protein_PB.18695.1	TRIM4	TRIM4	full-splice_match	YES	23.86	16.63	24.27
PB.18695.2	Protein_PB.18695.2	TRIM4	TRIM4	full-splice_match	YES	119.62	79.57	138.07
PB.18699.1	Protein_PB.18699.1	ZNF394	ZNF394	full-splice_match	YES	29.99	23.03	24.64
PB.18700.1	Protein_PB.18700.1	ATP5MF	ATP5MF	full-splice_match	YES	2379.46	2727.74	1540.04
PB.18700.2	Protein_PB.18700.2	ATP5MF	ATP5MF	incomplete-splice_match	YES	22.04	26.1	23.33
PB.18701.3	Protein_PB.18701.3	PTCD1	PTCD1	novel_not_in_catalog	YES	13.76	7.06	20.3
PB.18701.4	Protein_PB.18701.4	PTCD1	PTCD1	novel_not_in_catalog	YES	17.67	10.99	32.21
PB.18701.9	Protein_PB.18701.9	PTCD1	PTCD1	full-splice_match	YES	70.13	70.81	54.63
PB.18702.1	Protein_PB.18702.1	PDAP1	PDAP1	full-splice_match	YES	573.83	568.72	633.44
PB.18704.1	Protein_PB.18704.1	SMURF1	SMURF1	full-splice_match	YES	4.33	20.99	15.84
PB.18704.10		SMURF1	SMURF1	incomplete-splice_match	NO	5.1	4.32	20.47
PB.18704.2	Protein_PB.18704.2	SMURF1	SMURF1	full-splice_match	YES	36.13	16.31	30.23
PB.18704.5	Protein_PB.18704.5	SMURF1	SMURF1	incomplete-splice_match	YES	35.71	25.0	51.32
PB.18707.1	Protein_PB.18707.1	BAIAP2L1	BAIAP2L1	full-splice_match	YES	21.71	31.65	24.18
PB.18707.2	Protein_PB.18707.2	BAIAP2L1	BAIAP2L1	novel_not_in_catalog	YES	33.22	7.16	38.15
PB.18708.1	Protein_PB.18708.1	TECPR1	TECPR1	full-splice_match	YES	70.03	86.42	57.93
PB.18710.1	Protein_PB.18710.1	CCZ1	CCZ1	full-splice_match	YES	189.54	186.73	174.96
PB.18711.1	Protein_PB.18711.1	AIMP2	AIMP2	full-splice_match	YES	187.36	219.13	171.03
PB.18711.2	Protein_PB.18711.2	AIMP2	AIMP2	full-splice_match	YES	239.66	246.92	180.41
PB.18713.1	Protein_PB.18713.1	USP42	USP42	full-splice_match	YES	31.51	30.46	38.05
PB.18714.1	Protein_PB.18714.1	RAC1	RAC1	full-splice_match	YES	507.43	457.27	529.33
PB.18715.1	Protein_PB.18715.1	ZDHHC4	ZDHHC4	full-splice_match	YES	11.91	23.19	26.33
PB.18715.2	Protein_PB.18715.2	ZDHHC4	ZDHHC4	full-splice_match	YES	69.11	74.6	72.39
PB.18715.3	Protein_PB.18715.3	ZDHHC4	ZDHHC4	full-splice_match	YES	12.31	14.48	22.66
PB.18715.4	Protein_PB.18715.4	ZDHHC4	ZDHHC4	full-splice_match	YES	61.77	54.27	57.55
PB.18716.1	Protein_PB.18716.1	CUNH7orf26	CUNH7orf26	full-splice_match	YES	14.52	17.72	19.54
PB.18716.2	Protein_PB.18716.2	CUNH7orf26	CUNH7orf26	full-splice_match	YES	81.29	72.92	73.42
PB.18717.1	Protein_PB.18717.1	ZNF853	ZNF853	full-splice_match	YES	166.7	140.02	155.42
PB.18717.2	Protein_PB.18717.2	ZNF853	ZNF853	full-splice_match	YES	124.02	136.25	100.16
PB.18718.1	Protein_PB.18718.1	ZNF316	ZNF316	full-splice_match	YES	63.35	48.48	84.49
PB.18719.1	Protein_PB.18719.1	LOC113267950	LOC113267950	full-splice_match	YES	102.04	119.71	100.26
PB.18721.2	Protein_PB.18721.2	LOC113267953	LOC113267953	full-splice_match	YES	323.06	315.38	319.87
PB.18723.12	Protein_PB.18723.12	RNF216	RNF216	incomplete-splice_match	YES	333.5	746.67	236.08
PB.18723.14	Protein_PB.18723.14	RNF216	RNF216	incomplete-splice_match	YES	250.84	363.42	177.14
PB.18723.5	Protein_PB.18723.5	RNF216	RNF216	full-splice_match	YES	11.61	18.52	4.94
PB.18723.6	Protein_PB.18723.6	RNF216	RNF216	full-splice_match	YES	15.57	18.26	4.92
PB.18723.8	Protein_PB.18723.8	RNF216	RNF216	full-splice_match	YES	390.03	281.47	228.13
PB.18723.9	Protein_PB.18723.9	RNF216	RNF216	full-splice_match	YES	19.18	73.17	168.72
PB.18725.1	Protein_PB.18725.1	ACTB	ACTB	full-splice_match	YES	2828.37	1678.36	2966.86
PB.18725.15	Protein_PB.18725.15	ACTB	ACTB	novel_not_in_catalog	YES	62.34	65.3	52.71
PB.18725.6	Protein_PB.18725.6	ACTB	ACTB	novel_in_catalog	YES	17.76	12.22	16.22
PB.18725.7	Protein_PB.18725.7	ACTB	ACTB	novel_not_in_catalog	YES	96.86	51.88	69.74
PB.18726.4	Protein_PB.18726.4	FBXL18	FBXL18	full-splice_match	YES	76.82	68.38	86.14
PB.18727.1	Protein_PB.18727.1	TNRC18	TNRC18	full-splice_match	YES	142.84	97.3	149.47
PB.18727.2	Protein_PB.18727.2	TNRC18	TNRC18	novel_in_catalog	YES	27.85	18.18	28.33
PB.18734.1	Protein_PB.18734.1	GNA12	GNA12	full-splice_match	YES	113.36	103.36	110.68
PB.18734.2	Protein_PB.18734.2	GNA12	GNA12	incomplete-splice_match	YES	39.04	37.8	24.74
PB.18736.11	Protein_PB.18736.11	ERI2	ERI2	full-splice_match	YES	91.06	87.07	43.98
PB.18736.5	Protein_PB.18736.5	ERI2	ERI2	novel_not_in_catalog	YES	25.23	26.77	37.6
PB.18736.7	Protein_PB.18736.7	ERI2	ERI2	full-splice_match	YES	67.09	70.05	55.54
PB.18736.9	Protein_PB.18736.9	ERI2	ERI2	full-splice_match	YES	75.0	65.49	42.03
PB.18737.6	Protein_PB.18737.6	DCUN1D3	DCUN1D3	full-splice_match	YES	32.02	31.76	54.34
PB.18738.1	Protein_PB.18738.1	DNAH3	DNAH3	full-splice_match	YES	10.63	12.63	17.14
PB.18745.1	Protein_PB.18745.1	LOC113267563_CDR2	LOC113267563_CDR2	fusion	YES	21.91	13.59	26.62
PB.18747.1		novelGene_HS3ST2_AS	novelGene_HS3ST2_AS	antisense	NO	19.07	26.91	25.22
PB.18747.4		novelGene_HS3ST2_AS	novelGene_HS3ST2_AS	antisense	NO	27.17	33.75	50.25
PB.1875.1	Protein_PB.1875.1	KIAA1549	KIAA1549	full-splice_match	YES	101.16	59.46	90.01
PB.18750.1	Protein_PB.18750.1	USP31	USP31	full-splice_match	YES	118.68	93.16	72.68
PB.18752.1	Protein_PB.18752.1	COG7	COG7	full-splice_match	YES	160.66	170.22	149.01
PB.18753.1	Protein_PB.18753.1	GGA2	GGA2	full-splice_match	YES	45.41	31.0	54.01
PB.18753.2	Protein_PB.18753.2	GGA2	GGA2	incomplete-splice_match	YES	16.69	11.42	31.5
PB.18754.1	Protein_PB.18754.1	EARS2	EARS2	full-splice_match	YES	30.54	24.44	27.22
PB.18754.3	Protein_PB.18754.3	EARS2	EARS2	novel_not_in_catalog	YES	27.85	24.36	17.7
PB.18755.5	Protein_PB.18755.5	NDUFAB1	NDUFAB1	full-splice_match	YES	1480.48	1786.77	1047.5
PB.18760.3	Protein_PB.18760.3	ARHGAP17	ARHGAP17	novel_in_catalog	YES	33.64	42.8	48.29
PB.18762.1	Protein_PB.18762.1	ZKSCAN2	ZKSCAN2	full-splice_match	YES	31.98	33.94	20.05
PB.18768.3	Protein_PB.18768.3	NSMCE1	NSMCE1	full-splice_match	YES	24.76	23.06	30.46
PB.18768.5	Protein_PB.18768.5	NSMCE1	NSMCE1	full-splice_match	YES	236.28	293.05	230.29
PB.1877.1	Protein_PB.1877.1	ZC3HAV1	ZC3HAV1	full-splice_match	YES	146.35	88.35	165.96
PB.1877.2	Protein_PB.1877.2	ZC3HAV1	ZC3HAV1	incomplete-splice_match	YES	17.82	11.31	28.64
PB.18770.1	Protein_PB.18770.1	GTF3C1	GTF3C1	full-splice_match	YES	159.69	133.52	129.33
PB.18773.2	Protein_PB.18773.2	XPO6	XPO6	full-splice_match	YES	77.42	55.06	77.94
PB.18777.3	Protein_PB.18777.3	SPNS1	SPNS1	full-splice_match	YES	9.54	15.35	18.48
PB.18777.6	Protein_PB.18777.6	SPNS1	SPNS1	full-splice_match	YES	71.85	68.36	65.24
PB.18777.9	Protein_PB.18777.9	SPNS1	SPNS1	novel_not_in_catalog	YES	20.41	27.41	35.74
PB.18778.2	Protein_PB.18778.2	NFATC2IP	NFATC2IP	full-splice_match	YES	137.38	140.73	129.71
PB.18780.1	Protein_PB.18780.1	ATP2A1	ATP2A1	novel_not_in_catalog	YES	17.57	8.81	11.43
PB.18780.22	Protein_PB.18780.22	ATP2A1	ATP2A1	novel_not_in_catalog	YES	3390.79	1658.46	1574.6
PB.18780.23	Protein_PB.18780.23	ATP2A1	ATP2A1	novel_not_in_catalog	YES	2407.83	698.57	460.71
PB.18780.25	Protein_PB.18780.25	ATP2A1	ATP2A1	full-splice_match	YES	25.91	20.45	13.06
PB.18780.27	Protein_PB.18780.27	ATP2A1	ATP2A1	novel_in_catalog	YES	63.81	0.0	11.85
PB.18780.28	Protein_PB.18780.28	ATP2A1	ATP2A1	novel_not_in_catalog	YES	2678.49	1590.43	1170.04
PB.18780.29	Protein_PB.18780.29	ATP2A1	ATP2A1	novel_not_in_catalog	YES	197.4	105.29	69.59
PB.18780.3	Protein_PB.18780.3	ATP2A1	ATP2A1	novel_not_in_catalog	YES	97.98	41.22	112.96
PB.18780.30	Protein_PB.18780.30	ATP2A1	ATP2A1	incomplete-splice_match	YES	6955.8	2694.95	2488.18
PB.18780.7	Protein_PB.18780.7	ATP2A1	ATP2A1	novel_not_in_catalog	YES	5717.73	2717.66	2902.34
PB.18780.9	Protein_PB.18780.9	ATP2A1	ATP2A1	novel_not_in_catalog	YES	66.94	47.11	233.71
PB.18781.1	Protein_PB.18781.1	SH2B1	SH2B1	novel_not_in_catalog	YES	30.16	25.32	43.54
PB.18781.13	Protein_PB.18781.13	SH2B1	SH2B1	full-splice_match	YES	50.24	53.43	43.54
PB.18781.3	Protein_PB.18781.3	SH2B1	SH2B1	novel_not_in_catalog	YES	20.94	33.8	31.28
PB.18781.4	Protein_PB.18781.4	SH2B1	SH2B1	full-splice_match	YES	24.68	19.36	8.42
PB.18781.5	Protein_PB.18781.5	SH2B1	SH2B1	novel_in_catalog	YES	10.68	10.82	19.69
PB.18781.7	Protein_PB.18781.7	SH2B1	SH2B1	novel_in_catalog	YES	43.43	54.02	36.91
PB.18782.18	Protein_PB.18782.18	ATXN2L	ATXN2L	novel_in_catalog	YES	26.29	12.35	21.09
PB.18783.1	Protein_PB.18783.1	LOC113267633	LOC113267633	full-splice_match	YES	1812.87	1799.31	3125.12
PB.18784.15	Protein_PB.18784.15	CLN3	CLN3	novel_not_in_catalog	YES	27.79	18.91	18.04
PB.18786.1	Protein_PB.18786.1	NUPR1	NUPR1	full-splice_match	YES	150.92	97.85	128.24
PB.18788.14	Protein_PB.18788.14	LOC113267642	LOC113267642	novel_not_in_catalog	YES	43.48	25.71	17.13
PB.18789.1	Protein_PB.18789.1	SLX1A	SLX1A	full-splice_match	YES	37.74	37.07	51.27
PB.18790.2	Protein_PB.18790.2	CORO1A	CORO1A	full-splice_match	YES	13.66	15.61	20.01
PB.18791.1	Protein_PB.18791.1	PPP4C	PPP4C	full-splice_match	YES	43.85	29.04	56.49
PB.18791.2	Protein_PB.18791.2	PPP4C	PPP4C	full-splice_match	YES	164.56	188.19	195.21
PB.18792.1	Protein_PB.18792.1	ALDOA	ALDOA	novel_not_in_catalog	YES	35094.17	26121.26	28772.41
PB.18792.10	Protein_PB.18792.10	ALDOA	ALDOA	novel_not_in_catalog	YES	316.53	237.18	283.91
PB.18792.2	Protein_PB.18792.2	ALDOA	ALDOA	full-splice_match	YES	953.98	1381.37	1376.02
PB.18792.3	Protein_PB.18792.3	ALDOA	ALDOA	full-splice_match	YES	58214.95	46705.11	54691.52
PB.18792.4	Protein_PB.18792.4	ALDOA	ALDOA	novel_in_catalog	YES	30.99	28.77	41.64
PB.18792.5	Protein_PB.18792.5	ALDOA	ALDOA	novel_in_catalog	YES	3524.16	4652.35	5806.73
PB.18792.6	Protein_PB.18792.6	ALDOA	ALDOA	novel_not_in_catalog	YES	80.68	135.18	167.21
PB.18792.8	Protein_PB.18792.8	ALDOA	ALDOA	novel_not_in_catalog	YES	41146.47	29336.53	37186.14
PB.18792.9	Protein_PB.18792.9	ALDOA	ALDOA	novel_not_in_catalog	YES	1162.37	854.06	1208.48
PB.18794.1	Protein_PB.18794.1	INO80E	INO80E	full-splice_match	YES	18.29	32.46	41.84
PB.18794.2	Protein_PB.18794.2	INO80E	INO80E	novel_not_in_catalog	YES	23.36	26.53	20.01
PB.18794.3	Protein_PB.18794.3	INO80E	INO80E	full-splice_match	YES	20.08	6.36	8.88
PB.18794.4	Protein_PB.18794.4	INO80E	INO80E	full-splice_match	YES	40.81	37.88	56.13
PB.18795.10	Protein_PB.18795.10	TAOK2	TAOK2	full-splice_match	YES	52.48	42.42	36.62
PB.18795.2	Protein_PB.18795.2	TAOK2	TAOK2	full-splice_match	YES	121.48	103.37	81.88
PB.18795.5	Protein_PB.18795.5	TAOK2	TAOK2	novel_in_catalog	YES	17.22	5.06	9.26
PB.18795.9	Protein_PB.18795.9	TAOK2	TAOK2	novel_not_in_catalog	YES	43.83	39.46	37.1
PB.18796.1	Protein_PB.18796.1	TMEM219	TMEM219	full-splice_match	YES	26.94	26.91	30.17
PB.18800.1	Protein_PB.18800.1	MVP	MVP	full-splice_match	YES	146.67	170.38	163.36
PB.18800.4	Protein_PB.18800.4	MVP	MVP	novel_not_in_catalog	YES	137.16	89.16	131.23
PB.18801.1	Protein_PB.18801.1	PAGR1	PAGR1	full-splice_match	YES	225.24	204.84	216.64
PB.18803.1	Protein_PB.18803.1	MAZ	MAZ	full-splice_match	YES	275.48	178.86	221.11
PB.18803.2	Protein_PB.18803.2	MAZ	MAZ	full-splice_match	YES	57.94	64.19	76.19
PB.18803.3	Protein_PB.18803.3	MAZ	MAZ	full-splice_match	YES	23.75	33.46	18.84
PB.18804.1	Protein_PB.18804.1	KIF22	KIF22	full-splice_match	YES	101.24	83.18	124.46
PB.18805.3	Protein_PB.18805.3	QPRT	QPRT	incomplete-splice_match	YES	17.25	10.51	16.09
PB.18807.1	Protein_PB.18807.1	CD2BP2	CD2BP2	full-splice_match	YES	81.83	96.84	87.33
PB.18807.2	Protein_PB.18807.2	CD2BP2	CD2BP2	full-splice_match	YES	305.28	295.41	338.1
PB.18808.1	Protein_PB.18808.1	TBC1D10B	TBC1D10B	full-splice_match	YES	297.18	258.84	325.79
PB.18810.1	Protein_PB.18810.1	DCTPP1	DCTPP1	full-splice_match	YES	23.02	29.08	27.77
PB.18811.1	Protein_PB.18811.1	SEPHS2	SEPHS2	full-splice_match	YES	85.4	79.37	89.53
PB.18814.1	Protein_PB.18814.1	ZNF768	ZNF768	full-splice_match	YES	581.03	600.05	539.55
PB.18815.1	Protein_PB.18815.1	LOC113267510	LOC113267510	full-splice_match	YES	78.75	67.26	77.89
PB.18816.2	Protein_PB.18816.2	ZNF785	ZNF785	full-splice_match	YES	18.9	19.13	9.05
PB.18817.2	Protein_PB.18817.2	ZNF689	ZNF689	full-splice_match	YES	33.11	32.4	39.4
PB.1882.1	Protein_PB.1882.1	HIPK2	HIPK2	full-splice_match	YES	142.02	58.77	65.41
PB.1882.2	Protein_PB.1882.2	HIPK2	HIPK2	full-splice_match	YES	97.39	160.1	239.36
PB.1882.5	Protein_PB.1882.5	HIPK2	HIPK2	incomplete-splice_match	YES	17.62	17.41	21.79
PB.18821.1	Protein_PB.18821.1	ZNF629	ZNF629	full-splice_match	YES	400.32	457.02	472.81
PB.18821.2	Protein_PB.18821.2	ZNF629	ZNF629	full-splice_match	YES	33.72	27.15	26.37
PB.18821.3	Protein_PB.18821.3	ZNF629	ZNF629	novel_in_catalog	YES	85.99	83.72	84.47
PB.18822.1	Protein_PB.18822.1	BCL7C	BCL7C	full-splice_match	YES	73.78	81.65	100.99
PB.18827.1	Protein_PB.18827.1	VKORC1	VKORC1	full-splice_match	YES	149.73	127.01	152.22
PB.18833.1	Protein_PB.18833.1	LOC113267995	LOC113267995	novel_not_in_catalog	YES	79.83	81.47	144.13
PB.18833.2	Protein_PB.18833.2	LOC113267995	LOC113267995	novel_not_in_catalog	YES	21.99	14.75	53.61
PB.18833.3		LOC113267995	LOC113267995	full-splice_match	NO	4765.64	5403.88	3950.32
PB.18834.1	Protein_PB.18834.1	novelGene_2213	novelGene_2213	intergenic	YES	36.19	48.88	50.48
PB.18838.14	Protein_PB.18838.14	PSPH	PSPH	full-splice_match	YES	17.32	16.49	12.24
PB.18838.3	Protein_PB.18838.3	PSPH	PSPH	full-splice_match	YES	23.82	41.12	20.89
PB.18838.4	Protein_PB.18838.4	PSPH	PSPH	full-splice_match	YES	24.26	13.37	26.33
PB.18839.1	Protein_PB.18839.1	PHKG1	PHKG1	full-splice_match	YES	261.94	178.54	57.27
PB.18839.10	Protein_PB.18839.10	PHKG1	PHKG1	novel_in_catalog	YES	97.77	60.84	29.76
PB.18839.3	Protein_PB.18839.3	PHKG1	PHKG1	novel_in_catalog	YES	48.57	35.01	12.7
PB.18839.4	Protein_PB.18839.4	PHKG1	PHKG1	novel_not_in_catalog	YES	318.6	181.26	97.26
PB.18841.1	Protein_PB.18841.1	CHCHD2	CHCHD2	full-splice_match	YES	2746.42	2717.55	1842.62
PB.18842.1	Protein_PB.18842.1	NUPR2	NUPR2	full-splice_match	YES	20.9	23.89	56.73
PB.18844.2	Protein_PB.18844.2	GUSB	GUSB	full-splice_match	YES	38.04	25.07	44.62
PB.18844.4	Protein_PB.18844.4	GUSB	GUSB	full-splice_match	YES	24.17	18.71	30.56
PB.18844.5	Protein_PB.18844.5	GUSB	GUSB	novel_in_catalog	YES	28.32	19.58	22.9
PB.18845.15	Protein_PB.18845.15	ASL	ASL	full-splice_match	YES	46.11	63.7	51.83
PB.18848.1	Protein_PB.18848.1	SBDS	SBDS	novel_not_in_catalog	YES	350.45	492.15	351.68
PB.18848.2	Protein_PB.18848.2	SBDS	SBDS	novel_in_catalog	YES	27.25	25.8	30.79
PB.18848.3	Protein_PB.18848.3	SBDS	SBDS	full-splice_match	YES	386.24	512.35	339.78
PB.18849.1	Protein_PB.18849.1	GALNT17	GALNT17	full-splice_match	YES	21.08	22.54	12.44
PB.18849.2	Protein_PB.18849.2	GALNT17	GALNT17	full-splice_match	YES	354.41	341.57	270.28
PB.1885.2	Protein_PB.1885.2	KDM7A	KDM7A	full-splice_match	YES	240.23	195.02	169.15
PB.18851.1	Protein_PB.18851.1	AUTS2	AUTS2	full-splice_match	YES	72.71	48.76	88.65
PB.18854.1		LOC113267766	LOC113267766	full-splice_match	NO	32.09	29.13	17.8
PB.18855.1	Protein_PB.18855.1	RCC1L	RCC1L	full-splice_match	YES	319.15	341.99	248.83
PB.18855.2	Protein_PB.18855.2	RCC1L	RCC1L	full-splice_match	YES	151.85	184.08	132.41
PB.18858.10	Protein_PB.18858.10	GTF2I	GTF2I	full-splice_match	YES	82.1	93.94	58.72
PB.18858.11	Protein_PB.18858.11	GTF2I	GTF2I	full-splice_match	YES	283.69	272.77	267.24
PB.18858.12	Protein_PB.18858.12	GTF2I	GTF2I	full-splice_match	YES	75.71	60.47	9.14
PB.18858.9	Protein_PB.18858.9	GTF2I	GTF2I	full-splice_match	YES	217.44	189.04	176.39
PB.18859.6	Protein_PB.18859.6	GTF2IRD1	GTF2IRD1	incomplete-splice_match	YES	35.94	45.93	84.65
PB.18859.7	Protein_PB.18859.7	GTF2IRD1	GTF2IRD1	novel_in_catalog	YES	47.83	47.72	59.27
PB.18861.3	Protein_PB.18861.3	CLIP2	CLIP2	full-splice_match	YES	36.44	19.38	27.17
PB.18864.1	Protein_PB.18864.1	EIF4H	EIF4H	full-splice_match	YES	1447.81	1485.22	1593.84
PB.18865.2	Protein_PB.18865.2	LIMK1	LIMK1	full-splice_match	YES	74.18	83.96	86.28
PB.18866.4	Protein_PB.18866.4	ELN	ELN	full-splice_match	YES	30.05	13.54	71.82
PB.18869.2	Protein_PB.18869.2	METTL27	METTL27	novel_in_catalog	YES	35.51	51.83	22.63
PB.18869.3	Protein_PB.18869.3	METTL27	METTL27	novel_in_catalog	YES	51.77	94.15	41.35
PB.1887.4	Protein_PB.1887.4	SLC37A3	SLC37A3	full-splice_match	YES	54.49	8.95	11.94
PB.18871.1	Protein_PB.18871.1	BUD23	BUD23	full-splice_match	YES	352.36	399.42	377.88
PB.18876.1	Protein_PB.18876.1	FZD9	FZD9	full-splice_match	YES	10.88	62.86	22.53
PB.18878.1	Protein_PB.18878.1	LOC113267802	LOC113267802	full-splice_match	YES	23.37	24.75	29.01
PB.18879.1	Protein_PB.18879.1	HIP1	HIP1	full-splice_match	YES	125.86	64.99	93.74
PB.1888.1	Protein_PB.1888.1	MKRN1	MKRN1	full-splice_match	YES	278.28	299.99	327.23
PB.1888.3	Protein_PB.1888.3	MKRN1	MKRN1	incomplete-splice_match	YES	211.19	194.38	210.17
PB.18882.3	Protein_PB.18882.3	TMEM120A	TMEM120A	novel_in_catalog	YES	86.68	155.74	48.19
PB.18882.4	Protein_PB.18882.4	TMEM120A	TMEM120A	full-splice_match	YES	15.41	38.7	27.52
PB.18883.5	Protein_PB.18883.5	STYXL1	STYXL1	full-splice_match	YES	79.08	102.05	42.58
PB.18884.1	Protein_PB.18884.1	YWHAG	YWHAG	full-splice_match	YES	3491.65	3517.1	4689.91
PB.18885.1	Protein_PB.18885.1	SSC4D	SSC4D	full-splice_match	YES	29.91	26.65	18.79
PB.18886.1	Protein_PB.18886.1	LRWD1	LRWD1	full-splice_match	YES	42.05	49.44	43.61
PB.18887.6	Protein_PB.18887.6	PRKRIP1_ORAI2	PRKRIP1_ORAI2	full-splice_match	YES	88.82	84.9	94.44
PB.18889.3	Protein_PB.18889.3	SH2B2	SH2B2	full-splice_match	YES	71.23	72.23	74.15
PB.1889.1	Protein_PB.1889.1	DENND2A	DENND2A	full-splice_match	YES	69.45	35.81	31.74
PB.1889.2	Protein_PB.1889.2	DENND2A	DENND2A	full-splice_match	YES	13.35	18.43	19.2
PB.18890.1	Protein_PB.18890.1	CUX1	CUX1	full-splice_match	YES	332.69	381.92	319.82
PB.18890.2	Protein_PB.18890.2	CUX1	CUX1	full-splice_match	YES	62.91	94.61	46.7
PB.18890.3	Protein_PB.18890.3	CUX1	CUX1	incomplete-splice_match	YES	438.49	418.92	330.05
PB.18890.5	Protein_PB.18890.5	CUX1	CUX1	full-splice_match	YES	194.94	177.66	229.53
PB.18890.6	Protein_PB.18890.6	CUX1	CUX1	full-splice_match	YES	220.1	187.42	178.18
PB.18894.1	Protein_PB.18894.1	ZNHIT1	ZNHIT1	full-splice_match	YES	73.07	69.76	78.64
PB.18896.1	Protein_PB.18896.1	AP1S1	AP1S1	full-splice_match	YES	26.82	19.84	17.63
PB.18897.1	Protein_PB.18897.1	SERPINE1	SERPINE1	full-splice_match	YES	39.75	35.61	23.11
PB.18898.1	Protein_PB.18898.1	TRIM56	TRIM56	full-splice_match	YES	28.29	28.2	34.08
PB.189.1	Protein_PB.189.1	CHMP2B	CHMP2B	full-splice_match	YES	80.72	94.04	90.0
PB.18903.1	Protein_PB.18903.1	SRRT	SRRT	full-splice_match	YES	176.8	194.22	215.81
PB.18903.2	Protein_PB.18903.2	SRRT	SRRT	full-splice_match	YES	46.72	24.72	37.48
PB.18908.2	Protein_PB.18908.2	POP7	POP7	full-splice_match	YES	64.51	65.11	84.96
PB.18909.1	Protein_PB.18909.1	GNB2	GNB2	full-splice_match	YES	381.16	352.79	410.43
PB.18909.2	Protein_PB.18909.2	GNB2	GNB2	novel_in_catalog	YES	24.49	20.16	24.55
PB.18910.2	Protein_PB.18910.2	MOSPD3	MOSPD3	full-splice_match	YES	24.81	19.3	19.63
PB.18911.4	Protein_PB.18911.4	PCOLCE	PCOLCE	full-splice_match	YES	185.88	85.21	108.46
PB.18915.1	Protein_PB.18915.1	AGFG2	AGFG2	full-splice_match	YES	103.39	172.07	85.01
PB.18917.1	Protein_PB.18917.1	MEPCE	MEPCE	full-splice_match	YES	172.28	156.19	242.97
PB.18917.2	Protein_PB.18917.2	MEPCE	MEPCE	novel_not_in_catalog	YES	147.69	123.26	203.24
PB.1892.3	Protein_PB.1892.3	BRAF	BRAF	full-splice_match	YES	28.11	14.72	40.34
PB.1892.4	Protein_PB.1892.4	BRAF	BRAF	novel_not_in_catalog	YES	61.6	49.32	59.99
PB.18921.2	Protein_PB.18921.2	LAMTOR4	LAMTOR4	full-splice_match	YES	164.91	167.09	154.5
PB.18923.1	Protein_PB.18923.1	MBLAC1	MBLAC1	full-splice_match	YES	17.82	15.08	17.01
PB.18924.1	Protein_PB.18924.1	CNPY4	CNPY4	full-splice_match	YES	55.78	43.48	49.35
PB.18925.4	Protein_PB.18925.4	AP4M1	AP4M1	full-splice_match	YES	37.52	48.82	50.76
PB.18926.1	Protein_PB.18926.1	COPS6	COPS6	full-splice_match	YES	145.93	140.88	179.79
PB.18927.13	Protein_PB.18927.13	LOC113267890	LOC113267890	novel_not_in_catalog	YES	61.73	67.65	71.27
PB.18927.15	Protein_PB.18927.15	LOC113267890	LOC113267890	novel_in_catalog	YES	19.14	18.98	20.46
PB.18927.18	Protein_PB.18927.18	LOC113267890	LOC113267890	full-splice_match	YES	23.07	13.13	29.25
PB.18927.19	Protein_PB.18927.19	LOC113267890	LOC113267890	full-splice_match	YES	34.27	6.0	27.97
PB.18927.21	Protein_PB.18927.21	LOC113267890	LOC113267890	full-splice_match	YES	23.1	61.19	47.56
PB.18927.32	Protein_PB.18927.32	LOC113267890	LOC113267890	novel_in_catalog	YES	62.25	53.86	55.93
PB.18927.33	Protein_PB.18927.33	LOC113267890	LOC113267890	novel_in_catalog	YES	83.02	99.04	109.73
PB.18927.34	Protein_PB.18927.34	LOC113267890	LOC113267890	incomplete-splice_match	YES	133.61	103.79	162.42
PB.18927.8	Protein_PB.18927.8	LOC113267890	LOC113267890	novel_in_catalog	YES	48.13	41.58	45.35
PB.18933.10	Protein_PB.18933.10	TMEM225B	TMEM225B	novel_not_in_catalog	YES	19.81	9.9	9.14
PB.18933.2	Protein_PB.18933.2	TMEM225B	TMEM225B	full-splice_match	YES	34.62	27.49	22.05
PB.18933.3	Protein_PB.18933.3	TMEM225B	TMEM225B	full-splice_match	YES	37.76	37.35	23.71
PB.18934.12	Protein_PB.18934.12	ZNF655	ZNF655	novel_not_in_catalog	YES	19.26	10.69	0.0
PB.18934.17	Protein_PB.18934.17	ZNF655	ZNF655	novel_in_catalog	YES	4.96	19.4	107.92
PB.18934.19	Protein_PB.18934.19	ZNF655	ZNF655	full-splice_match	YES	56.72	40.68	76.36
PB.18934.21	Protein_PB.18934.21	ZNF655	ZNF655	full-splice_match	YES	29.8	21.8	22.41
PB.18935.11	Protein_PB.18935.11	ZKSCAN5	ZKSCAN5	full-splice_match	YES	25.29	34.99	27.54
PB.18935.15	Protein_PB.18935.15	ZKSCAN5	ZKSCAN5	incomplete-splice_match	YES	17.83	17.42	4.31
PB.18935.2	Protein_PB.18935.2	ZKSCAN5	ZKSCAN5	novel_not_in_catalog	YES	0.18	23.68	34.98
PB.18935.3	Protein_PB.18935.3	ZKSCAN5	ZKSCAN5	full-splice_match	YES	182.62	193.37	153.61
PB.18935.4	Protein_PB.18935.4	ZKSCAN5	ZKSCAN5	novel_in_catalog	YES	65.78	84.31	42.11
PB.18935.5	Protein_PB.18935.5	ZKSCAN5	ZKSCAN5	full-splice_match	YES	16.94	27.57	34.6
PB.18935.6	Protein_PB.18935.6	ZKSCAN5	ZKSCAN5	full-splice_match	YES	38.58	47.67	75.17
PB.18935.7	Protein_PB.18935.7	ZKSCAN5	ZKSCAN5	full-splice_match	YES	48.69	39.69	27.71
PB.18937.1	Protein_PB.18937.1	LOC113267907	LOC113267907	full-splice_match	YES	9.88	9.76	21.4
PB.18939.1		CPSF4	CPSF4	incomplete-splice_match	NO	46.32	50.09	50.09
PB.18939.3	Protein_PB.18939.3	CPSF4	CPSF4	full-splice_match	YES	17.7	13.07	14.25
PB.18939.4	Protein_PB.18939.4	CPSF4	CPSF4	full-splice_match	YES	20.7	20.27	20.16
PB.1894.1	Protein_PB.1894.1	MRPS33	MRPS33	full-splice_match	YES	323.02	328.38	328.59
PB.1894.3		MRPS33	MRPS33	novel_not_in_catalog	NO	19.51	13.11	20.92
PB.18940.2	Protein_PB.18940.2	BUD31	BUD31	full-splice_match	YES	151.56	164.0	152.39
PB.18941.2	Protein_PB.18941.2	ARPC1B	ARPC1B	full-splice_match	YES	114.64	74.7	85.17
PB.18942.2	Protein_PB.18942.2	ARPC1A	ARPC1A	full-splice_match	YES	216.31	209.11	195.87
PB.18946.5	Protein_PB.18946.5	TRRAP	TRRAP	full-splice_match	YES	195.75	181.53	241.52
PB.18946.9	Protein_PB.18946.9	TRRAP	TRRAP	incomplete-splice_match	YES	18.94	18.4	9.65
PB.18948.1	Protein_PB.18948.1	BRI3	BRI3	full-splice_match	YES	516.17	584.25	448.13
PB.18949.1		novelGene_2230	novelGene_2230	intergenic	NO	68.71	69.24	79.04
PB.1895.1	Protein_PB.1895.1	KIAA1147	KIAA1147	full-splice_match	YES	7.65	21.71	13.41
PB.1895.2	Protein_PB.1895.2	KIAA1147	KIAA1147	full-splice_match	YES	31.96	15.16	26.94
PB.18951.2	Protein_PB.18951.2	LMTK2	LMTK2	full-splice_match	YES	517.32	467.15	482.79
PB.18953.1	Protein_PB.18953.1	PMS2	PMS2	full-splice_match	YES	242.82	248.21	252.9
PB.18954.1	Protein_PB.18954.1	EIF2AK1	EIF2AK1	full-splice_match	YES	83.65	83.03	70.25
PB.18954.2	Protein_PB.18954.2	EIF2AK1	EIF2AK1	novel_not_in_catalog	YES	199.44	230.05	199.85
PB.18956.1	Protein_PB.18956.1	CYTH3	CYTH3	full-splice_match	YES	229.24	204.43	245.34
PB.18958.1	Protein_PB.18958.1	FAM220A	FAM220A	full-splice_match	YES	139.32	149.79	120.82
PB.18958.2	Protein_PB.18958.2	FAM220A	FAM220A	genic	YES	652.83	710.14	855.9
PB.18959.5	Protein_PB.18959.5	DAGLB	DAGLB	full-splice_match	YES	300.66	342.38	268.8
PB.18960.1	Protein_PB.18960.1	KDELR2	KDELR2	full-splice_match	YES	384.03	387.85	451.79
PB.18963.5	Protein_PB.18963.5	ZNF12	ZNF12	full-splice_match	YES	20.46	15.7	17.78
PB.18963.9	Protein_PB.18963.9	ZNF12	ZNF12	full-splice_match	YES	226.66	205.81	229.69
PB.18968.1	Protein_PB.18968.1	FSCN1	FSCN1	full-splice_match	YES	200.8	110.49	136.73
PB.18968.2	Protein_PB.18968.2	FSCN1	FSCN1	novel_not_in_catalog	YES	24.9	9.74	6.86
PB.18971.1	Protein_PB.18971.1	WIPI2	WIPI2	full-splice_match	YES	194.54	209.46	159.7
PB.18973.1	Protein_PB.18973.1	AP5Z1	AP5Z1	full-splice_match	YES	31.0	22.05	20.62
PB.18973.6	Protein_PB.18973.6	AP5Z1	AP5Z1	novel_in_catalog	YES	13.43	5.87	26.37
PB.18974.1	Protein_PB.18974.1	FOXK1	FOXK1	full-splice_match	YES	236.17	197.56	276.61
PB.18976.3	Protein_PB.18976.3	SDK1	SDK1	full-splice_match	YES	65.01	24.79	51.56
PB.18976.8	Protein_PB.18976.8	SDK1	SDK1	incomplete-splice_match	YES	25.4	15.69	26.03
PB.18980.1	Protein_PB.18980.1	COPS5	COPS5	full-splice_match	YES	762.43	912.9	764.68
PB.18980.2	Protein_PB.18980.2	COPS5	COPS5	full-splice_match	YES	60.18	52.5	31.17
PB.18980.8	Protein_PB.18980.8	COPS5	COPS5	full-splice_match	YES	31.09	36.55	28.55
PB.18984.1		LOC113268042	LOC113268042	full-splice_match	NO	508.74	496.09	809.04
PB.18986.1	Protein_PB.18986.1	VCPIP1	VCPIP1	full-splice_match	YES	450.92	400.02	465.57
PB.18987.1	Protein_PB.18987.1	MYBL1	MYBL1	full-splice_match	YES	14.97	10.52	16.67
PB.18992.1	Protein_PB.18992.1	PDE7A	PDE7A	full-splice_match	YES	118.53	193.87	85.5
PB.18992.3		PDE7A	PDE7A	novel_not_in_catalog	NO	23.06	30.36	33.72
PB.18992.4	Protein_PB.18992.4	PDE7A	PDE7A	incomplete-splice_match	YES	18.81	16.79	11.12
PB.18992.5	Protein_PB.18992.5	PDE7A	PDE7A	novel_not_in_catalog	YES	28.63	29.68	28.52
PB.18992.6	Protein_PB.18992.6	PDE7A	PDE7A	novel_not_in_catalog	YES	192.97	261.15	192.2
PB.18992.8	Protein_PB.18992.8	PDE7A	PDE7A	novel_not_in_catalog	YES	5.91	18.33	26.33
PB.18993.1	Protein_PB.18993.1	ARMC1	ARMC1	full-splice_match	YES	191.91	204.09	192.43
PB.18995.6	Protein_PB.18995.6	LOC113268059	LOC113268059	full-splice_match	YES	24.89	41.75	50.29
PB.18998.2	Protein_PB.18998.2	GGH	GGH	full-splice_match	YES	167.08	133.55	120.32
PB.19001.1	Protein_PB.19001.1	ASPH	ASPH	novel_not_in_catalog	YES	15.25	8.32	19.82
PB.19001.10		ASPH	ASPH	novel_in_catalog	NO	15.85	10.68	25.39
PB.19001.11	Protein_PB.19001.11	ASPH	ASPH	novel_not_in_catalog	YES	303.14	228.14	251.91
PB.19001.14	Protein_PB.19001.14	ASPH	ASPH	novel_not_in_catalog	YES	636.75	564.36	798.03
PB.19001.15	Protein_PB.19001.15	ASPH	ASPH	full-splice_match	YES	18.54	12.34	28.49
PB.19001.17	Protein_PB.19001.17	ASPH	ASPH	incomplete-splice_match	YES	94.41	61.35	159.81
PB.19001.3	Protein_PB.19001.3	ASPH	ASPH	novel_not_in_catalog	YES	73.44	68.16	30.83
PB.19001.4	Protein_PB.19001.4	ASPH	ASPH	novel_not_in_catalog	YES	25.88	22.66	29.93
PB.19001.5	Protein_PB.19001.5	ASPH	ASPH	novel_not_in_catalog	YES	83.72	74.78	78.69
PB.19001.6	Protein_PB.19001.6	ASPH	ASPH	full-splice_match	YES	58.1	45.26	50.05
PB.19001.7		ASPH	ASPH	incomplete-splice_match	NO	94.17	104.17	92.27
PB.19001.8	Protein_PB.19001.8	ASPH	ASPH	novel_not_in_catalog	YES	333.87	271.32	447.9
PB.19001.9	Protein_PB.19001.9	ASPH	ASPH	novel_not_in_catalog	YES	19.12	18.71	7.93
PB.19003.2	Protein_PB.19003.2	CA8	CA8	full-splice_match	YES	13.0	16.2	21.47
PB.19007.1	Protein_PB.19007.1	NSMAF	NSMAF	full-splice_match	YES	126.62	123.31	57.41
PB.19007.11	Protein_PB.19007.11	NSMAF	NSMAF	novel_not_in_catalog	YES	30.41	11.74	33.75
PB.19007.12	Protein_PB.19007.12	NSMAF	NSMAF	incomplete-splice_match	YES	30.2	30.36	32.3
PB.19007.2	Protein_PB.19007.2	NSMAF	NSMAF	full-splice_match	YES	50.81	52.68	41.96
PB.19007.3	Protein_PB.19007.3	NSMAF	NSMAF	novel_in_catalog	YES	15.89	25.91	31.38
PB.19007.8	Protein_PB.19007.8	NSMAF	NSMAF	novel_not_in_catalog	YES	77.78	77.67	52.59
PB.19012.1	Protein_PB.19012.1	IMPAD1	IMPAD1	full-splice_match	YES	504.92	525.37	570.84
PB.19013.1	Protein_PB.19013.1	PENK	PENK	full-splice_match	YES	26.02	16.63	17.35
PB.19017.1	Protein_PB.19017.1	RPS20	RPS20	full-splice_match	YES	5570.82	5669.32	7165.22
PB.19027.4	Protein_PB.19027.4	LYPLA1	LYPLA1	novel_not_in_catalog	YES	27.16	41.8	29.11
PB.19027.5	Protein_PB.19027.5	LYPLA1	LYPLA1	full-splice_match	YES	243.16	274.29	196.85
PB.19028.1	Protein_PB.19028.1	TCEA1	TCEA1	full-splice_match	YES	337.21	361.91	368.62
PB.19029.2	Protein_PB.19029.2	ATP6V1H	ATP6V1H	full-splice_match	YES	141.94	164.09	149.45
PB.19034.1	Protein_PB.19034.1	RB1CC1	RB1CC1	incomplete-splice_match	YES	1196.15	1242.81	1026.5
PB.19034.2	Protein_PB.19034.2	RB1CC1	RB1CC1	full-splice_match	YES	631.25	768.01	515.83
PB.19034.3	Protein_PB.19034.3	RB1CC1	RB1CC1	incomplete-splice_match	YES	17.82	17.6	10.11
PB.19034.5	Protein_PB.19034.5	RB1CC1	RB1CC1	full-splice_match	YES	97.83	88.05	193.71
PB.19034.6	Protein_PB.19034.6	RB1CC1	RB1CC1	incomplete-splice_match	YES	279.57	260.15	206.13
PB.19034.7	Protein_PB.19034.7	RB1CC1	RB1CC1	incomplete-splice_match	YES	127.8	156.01	127.29
PB.19038.1	Protein_PB.19038.1	PCMTD1	PCMTD1	novel_in_catalog	YES	22.89	52.91	25.71
PB.19038.10	Protein_PB.19038.10	PCMTD1	PCMTD1	full-splice_match	YES	31.53	41.31	80.75
PB.19038.13	Protein_PB.19038.13	PCMTD1	PCMTD1	full-splice_match	YES	17.9	20.36	18.96
PB.19038.14	Protein_PB.19038.14	PCMTD1	PCMTD1	novel_not_in_catalog	YES	382.94	491.85	206.01
PB.19038.2	Protein_PB.19038.2	PCMTD1	PCMTD1	incomplete-splice_match	YES	18.11	12.02	25.08
PB.19038.3	Protein_PB.19038.3	PCMTD1	PCMTD1	novel_not_in_catalog	YES	323.78	377.14	179.65
PB.19038.6	Protein_PB.19038.6	PCMTD1	PCMTD1	novel_in_catalog	YES	0.0	23.76	7.01
PB.19038.8	Protein_PB.19038.8	PCMTD1	PCMTD1	novel_not_in_catalog	YES	111.51	85.37	17.31
PB.19039.1	Protein_PB.19039.1	PXDNL	PXDNL	full-splice_match	YES	15.9	17.65	11.98
PB.19043.1	Protein_PB.19043.1	SNAI2	SNAI2	full-splice_match	YES	40.93	20.77	25.5
PB.19048.4	Protein_PB.19048.4	PRKDC	PRKDC	full-splice_match	YES	239.13	181.03	159.75
PB.19048.5	Protein_PB.19048.5	PRKDC	PRKDC	incomplete-splice_match	YES	85.81	93.85	96.45
PB.19050.1	Protein_PB.19050.1	CEBPD	CEBPD	full-splice_match	YES	139.54	198.77	102.43
PB.19052.1	Protein_PB.19052.1	CSPP1	CSPP1	full-splice_match	YES	36.21	36.01	46.81
PB.19052.6	Protein_PB.19052.6	CSPP1	CSPP1	full-splice_match	YES	10.18	8.64	19.25
PB.19052.8	Protein_PB.19052.8	CSPP1	CSPP1	incomplete-splice_match	YES	32.75	32.45	46.81
PB.19052.9	Protein_PB.19052.9	CSPP1	CSPP1	incomplete-splice_match	YES	79.18	70.25	130.85
PB.19055.15	Protein_PB.19055.15	LOC113268043	LOC113268043	full-splice_match	YES	18.45	24.08	17.76
PB.19055.17	Protein_PB.19055.17	LOC113268043	LOC113268043	full-splice_match	YES	17.99	9.49	11.32
PB.19056.1	Protein_PB.19056.1	VXN	VXN	full-splice_match	YES	15.7	17.86	8.44
PB.19057.5	Protein_PB.19057.5	ADHFE1	ADHFE1	novel_in_catalog	YES	18.44	30.54	11.25
PB.19057.6	Protein_PB.19057.6	ADHFE1	ADHFE1	novel_in_catalog	YES	22.63	30.76	19.22
PB.19058.3	Protein_PB.19058.3	RRS1	RRS1	full-splice_match	YES	90.37	67.25	64.1
PB.19059.1	Protein_PB.19059.1	TRIM55	TRIM55	novel_not_in_catalog	YES	21.87	19.78	14.39
PB.19059.3	Protein_PB.19059.3	TRIM55	TRIM55	novel_not_in_catalog	YES	30.97	21.72	30.77
PB.19059.4	Protein_PB.19059.4	TRIM55	TRIM55	novel_in_catalog	YES	20.21	20.69	25.82
PB.19059.5	Protein_PB.19059.5	TRIM55	TRIM55	novel_not_in_catalog	YES	46.22	48.55	30.33
PB.19059.6	Protein_PB.19059.6	TRIM55	TRIM55	novel_not_in_catalog	YES	228.27	171.9	123.6
PB.19059.7	Protein_PB.19059.7	TRIM55	TRIM55	novel_not_in_catalog	YES	93.16	61.73	39.65
PB.19064.2	Protein_PB.19064.2	MTFR1	MTFR1	novel_not_in_catalog	YES	40.52	39.25	31.16
PB.19064.6	Protein_PB.19064.6	MTFR1	MTFR1	novel_not_in_catalog	YES	37.22	34.4	65.07
PB.19064.8	Protein_PB.19064.8	MTFR1	MTFR1	novel_not_in_catalog	YES	38.84	23.51	13.91
PB.19072.11	Protein_PB.19072.11	YTHDF3	YTHDF3	full-splice_match	YES	66.42	23.24	63.31
PB.19072.12	Protein_PB.19072.12	YTHDF3	YTHDF3	full-splice_match	YES	146.23	161.03	111.78
PB.19072.13	Protein_PB.19072.13	YTHDF3	YTHDF3	novel_in_catalog	YES	193.75	187.16	231.55
PB.19072.3	Protein_PB.19072.3	YTHDF3	YTHDF3	novel_not_in_catalog	YES	77.24	48.67	72.32
PB.19072.8	Protein_PB.19072.8	YTHDF3	YTHDF3	novel_not_in_catalog	YES	37.78	68.68	43.19
PB.19077.3	Protein_PB.19077.3	CHD7	CHD7	full-splice_match	YES	115.97	48.92	112.09
PB.19077.4	Protein_PB.19077.4	CHD7	CHD7	full-splice_match	YES	93.29	145.46	89.97
PB.19078.1	Protein_PB.19078.1	RAB2A	RAB2A	full-splice_match	YES	677.36	800.39	674.08
PB.19082.1	Protein_PB.19082.1	SDCBP	SDCBP	full-splice_match	YES	19.06	21.22	19.22
PB.19082.4	Protein_PB.19082.4	SDCBP	SDCBP	full-splice_match	YES	172.32	170.37	162.42
PB.19082.5	Protein_PB.19082.5	SDCBP	SDCBP	full-splice_match	YES	163.79	132.2	145.84
PB.19083.1	Protein_PB.19083.1	UBXN2B	UBXN2B	full-splice_match	YES	20.06	17.81	18.63
PB.19084.3	Protein_PB.19084.3	FAM110B	FAM110B	full-splice_match	YES	26.21	30.44	51.21
PB.19084.4	Protein_PB.19084.4	FAM110B	FAM110B	full-splice_match	YES	72.5	50.5	130.57
PB.19084.7	Protein_PB.19084.7	FAM110B	FAM110B	full-splice_match	YES	37.91	55.46	50.5
PB.19088.1	Protein_PB.19088.1	CHCHD7	CHCHD7	novel_not_in_catalog	YES	39.46	54.78	41.77
PB.19088.2	Protein_PB.19088.2	CHCHD7	CHCHD7	full-splice_match	YES	23.49	10.72	20.77
PB.19090.3	Protein_PB.19090.3	LYN	LYN	full-splice_match	YES	29.44	26.53	18.12
PB.19091.1	Protein_PB.19091.1	TGS1	TGS1	full-splice_match	YES	100.27	82.49	90.66
PB.19091.3	Protein_PB.19091.3	TGS1	TGS1	incomplete-splice_match	YES	45.18	60.69	73.87
PB.19095.1	Protein_PB.19095.1	SOX17	SOX17	full-splice_match	YES	24.66	19.99	45.72
PB.19097.1	Protein_PB.19097.1	MRPL15	MRPL15	full-splice_match	YES	292.25	265.09	270.08
PB.19097.2	Protein_PB.19097.2	MRPL15	MRPL15	novel_in_catalog	YES	20.65	47.79	18.11
PB.19097.4		MRPL15	MRPL15	novel_not_in_catalog	NO	58.16	68.76	78.98
PB.19097.5		MRPL15	MRPL15	novel_in_catalog	NO	63.47	83.11	69.51
PB.19097.7	Protein_PB.19097.7	MRPL15	MRPL15	novel_in_catalog	YES	95.95	121.02	90.73
PB.19104.1		LOC113268106	LOC113268106	full-splice_match	NO	15.6	22.54	18.31
PB.19110.1		PPDPFL	PPDPFL	novel_not_in_catalog	NO	74.35	119.81	80.71
PB.19110.2		PPDPFL	PPDPFL	full-splice_match	NO	23.92	24.52	16.24
PB.19114.1	Protein_PB.19114.1	UBE2V2	UBE2V2	full-splice_match	YES	168.18	154.44	170.9
PB.19114.4		UBE2V2	UBE2V2	novel_not_in_catalog	NO	96.26	126.97	127.78
PB.19114.5		UBE2V2	UBE2V2	novel_in_catalog	NO	38.04	35.82	34.3
PB.19115.4	Protein_PB.19115.4	MCM4	MCM4	novel_not_in_catalog	YES	16.64	22.77	30.0
PB.19115.5	Protein_PB.19115.5	MCM4	MCM4	novel_not_in_catalog	YES	19.71	20.01	16.39
PB.19123.1	Protein_PB.19123.1	PPT1	PPT1	full-splice_match	YES	102.45	76.94	82.45
PB.19123.5	Protein_PB.19123.5	PPT1	PPT1	incomplete-splice_match	YES	16.73	5.71	0.0
PB.19127.3	Protein_PB.19127.3	TRIT1	TRIT1	full-splice_match	YES	29.31	28.04	30.33
PB.19129.1	Protein_PB.19129.1	NT5C1A	NT5C1A	full-splice_match	YES	307.72	329.04	205.59
PB.19130.1	Protein_PB.19130.1	HEYL	HEYL	full-splice_match	YES	33.22	23.97	31.38
PB.19130.7	Protein_PB.19130.7	HEYL	HEYL	incomplete-splice_match	YES	69.21	41.54	23.16
PB.19131.1	Protein_PB.19131.1	PABPC4	PABPC4	full-splice_match	YES	50.17	36.79	48.54
PB.19131.2	Protein_PB.19131.2	PABPC4	PABPC4	full-splice_match	YES	245.97	225.61	247.68
PB.19131.3	Protein_PB.19131.3	PABPC4	PABPC4	full-splice_match	YES	126.71	126.81	60.22
PB.19131.4	Protein_PB.19131.4	PABPC4	PABPC4	full-splice_match	YES	1206.92	1045.64	1569.48
PB.19131.5	Protein_PB.19131.5	PABPC4	PABPC4	full-splice_match	YES	749.38	806.94	347.64
PB.19131.6	Protein_PB.19131.6	PABPC4	PABPC4	novel_in_catalog	YES	254.29	354.16	334.47
PB.19131.7	Protein_PB.19131.7	PABPC4	PABPC4	incomplete-splice_match	YES	438.47	314.16	499.57
PB.19137.1	Protein_PB.19137.1	MYCBP	MYCBP	full-splice_match	YES	72.43	70.7	157.57
PB.19137.2		MYCBP	MYCBP	novel_in_catalog	NO	67.45	75.99	155.64
PB.19138.2	Protein_PB.19138.2	RRAGC	RRAGC	full-splice_match	YES	391.83	420.88	386.44
PB.19138.3	Protein_PB.19138.3	RRAGC	RRAGC	full-splice_match	YES	10.41	18.63	23.16
PB.19140.1	Protein_PB.19140.1	FHL3	FHL3	full-splice_match	YES	1769.38	1626.4	1513.46
PB.19140.10	Protein_PB.19140.10	FHL3	FHL3	novel_not_in_catalog	YES	431.3	269.19	275.53
PB.19140.4	Protein_PB.19140.4	FHL3	FHL3	novel_in_catalog	YES	25.24	16.48	18.01
PB.19140.5	Protein_PB.19140.5	FHL3	FHL3	novel_in_catalog	YES	19.01	25.86	19.19
PB.19141.5	Protein_PB.19141.5	SF3A3	SF3A3	full-splice_match	YES	210.19	229.49	196.57
PB.19142.1	Protein_PB.19142.1	INPP5B	INPP5B	full-splice_match	YES	51.34	14.71	32.99
PB.19142.13	Protein_PB.19142.13	INPP5B	INPP5B	novel_not_in_catalog	YES	19.1	14.09	14.57
PB.19142.15	Protein_PB.19142.15	INPP5B	INPP5B	novel_not_in_catalog	YES	15.4	20.53	18.94
PB.19142.20	Protein_PB.19142.20	INPP5B	INPP5B	novel_not_in_catalog	YES	16.65	0.38	26.61
PB.19142.3	Protein_PB.19142.3	INPP5B	INPP5B	novel_in_catalog	YES	8.7	6.09	20.85
PB.19143.1	Protein_PB.19143.1	MTF1	MTF1	full-splice_match	YES	134.17	122.07	132.2
PB.19144.1	Protein_PB.19144.1	YRDC	YRDC	full-splice_match	YES	29.57	32.39	37.74
PB.19146.2	Protein_PB.19146.2	CUNH1orf109	CUNH1orf109	full-splice_match	YES	19.93	22.07	14.41
PB.19146.5	Protein_PB.19146.5	CUNH1orf109	CUNH1orf109	full-splice_match	YES	32.42	32.61	38.75
PB.19148.1	Protein_PB.19148.1	GNL2	GNL2	novel_in_catalog	YES	93.52	111.45	92.81
PB.19148.10	Protein_PB.19148.10	GNL2	GNL2	novel_not_in_catalog	YES	196.28	222.08	213.36
PB.19148.9	Protein_PB.19148.9	GNL2	GNL2	novel_in_catalog	YES	40.22	51.74	74.01
PB.19149.1	Protein_PB.19149.1	SNIP1	SNIP1	full-splice_match	YES	97.25	97.02	85.17
PB.19150.10	Protein_PB.19150.10	MEAF6	MEAF6	novel_not_in_catalog	YES	20.71	27.3	6.75
PB.19150.4	Protein_PB.19150.4	MEAF6	MEAF6	full-splice_match	YES	11.73	18.96	44.43
PB.19150.5	Protein_PB.19150.5	MEAF6	MEAF6	full-splice_match	YES	46.79	28.96	15.46
PB.19150.8	Protein_PB.19150.8	MEAF6	MEAF6	novel_not_in_catalog	YES	40.61	40.4	66.66
PB.19154.1	Protein_PB.19154.1	MRPS15	MRPS15	full-splice_match	YES	2368.3	2498.84	2037.74
PB.19154.2	Protein_PB.19154.2	MRPS15	MRPS15	novel_in_catalog	YES	38.74	60.18	43.01
PB.19156.1	Protein_PB.19156.1	LSM10	LSM10	full-splice_match	YES	11.51	18.18	15.29
PB.19156.2	Protein_PB.19156.2	LSM10	LSM10	full-splice_match	YES	17.17	20.86	9.82
PB.19157.1	Protein_PB.19157.1	STK40	STK40	full-splice_match	YES	297.95	196.64	234.04
PB.19157.2	Protein_PB.19157.2	STK40	STK40	full-splice_match	YES	52.56	44.76	59.62
PB.19157.3	Protein_PB.19157.3	STK40	STK40	full-splice_match	YES	622.99	716.63	656.25
PB.19158.2	Protein_PB.19158.2	EVA1B	EVA1B	full-splice_match	YES	31.95	14.22	17.52
PB.19159.1	Protein_PB.19159.1	TRAPPC3	TRAPPC3	full-splice_match	YES	103.32	113.54	85.26
PB.19159.2	Protein_PB.19159.2	TRAPPC3	TRAPPC3	incomplete-splice_match	YES	14.77	14.87	17.2
PB.1916.1	Protein_PB.1916.1	LOC113265571	LOC113265571	full-splice_match	YES	17.29	14.71	25.74
PB.19160.1	Protein_PB.19160.1	COL8A2	COL8A2	full-splice_match	YES	49.98	10.22	25.62
PB.19163.1	Protein_PB.19163.1	CUNH1orf216	CUNH1orf216	full-splice_match	YES	30.56	31.6	29.12
PB.19163.3	Protein_PB.19163.3	CUNH1orf216	CUNH1orf216	full-splice_match	YES	41.57	48.09	57.14
PB.19164.1	Protein_PB.19164.1	PSMB2	PSMB2	full-splice_match	YES	297.15	341.9	253.78
PB.19164.5	Protein_PB.19164.5	PSMB2	PSMB2	full-splice_match	YES	370.72	459.89	366.77
PB.19165.1	Protein_PB.19165.1	KIAA0319L	KIAA0319L	full-splice_match	YES	48.11	63.71	41.38
PB.19165.11	Protein_PB.19165.11	KIAA0319L	KIAA0319L	novel_not_in_catalog	YES	33.98	77.24	31.11
PB.19165.5	Protein_PB.19165.5	KIAA0319L	KIAA0319L	incomplete-splice_match	YES	8.93	11.37	30.98
PB.19165.6	Protein_PB.19165.6	KIAA0319L	KIAA0319L	incomplete-splice_match	YES	44.17	41.82	9.13
PB.19165.7	Protein_PB.19165.7	KIAA0319L	KIAA0319L	novel_in_catalog	YES	16.61	15.56	20.14
PB.19165.8	Protein_PB.19165.8	KIAA0319L	KIAA0319L	novel_not_in_catalog	YES	85.82	59.16	79.18
PB.19168.1	Protein_PB.19168.1	SFPQ	SFPQ	full-splice_match	YES	113.15	86.94	118.28
PB.19168.3	Protein_PB.19168.3	SFPQ	SFPQ	incomplete-splice_match	YES	165.71	135.75	204.6
PB.19168.4	Protein_PB.19168.4	SFPQ	SFPQ	incomplete-splice_match	YES	81.27	59.54	129.3
PB.1917.1	Protein_PB.1917.1	TCAF1	TCAF1	novel_in_catalog	YES	75.64	52.02	55.57
PB.1917.2	Protein_PB.1917.2	TCAF1	TCAF1	full-splice_match	YES	155.93	141.33	127.44
PB.1917.5	Protein_PB.1917.5	TCAF1	TCAF1	full-splice_match	YES	43.08	42.93	65.78
PB.19170.3	Protein_PB.19170.3	ZMYM6	ZMYM6	full-splice_match	YES	19.56	25.39	11.4
PB.19170.4	Protein_PB.19170.4	ZMYM6	ZMYM6	full-splice_match	YES	6.34	18.75	18.15
PB.19175.1		SMIM12	SMIM12	full-splice_match	NO	360.94	437.88	369.35
PB.19175.3	Protein_PB.19175.3	SMIM12	SMIM12	novel_not_in_catalog	YES	10.36	20.36	34.62
PB.19186.4	Protein_PB.19186.4	PHC2	PHC2	full-splice_match	YES	318.63	328.77	272.4
PB.19186.5	Protein_PB.19186.5	PHC2	PHC2	incomplete-splice_match	YES	34.16	24.16	29.97
PB.1919.2	Protein_PB.1919.2	ACP1	ACP1	full-splice_match	YES	175.96	207.09	183.22
PB.19190.11	Protein_PB.19190.11	AK2	AK2	novel_not_in_catalog	YES	57.1	68.88	46.54
PB.19190.12	Protein_PB.19190.12	AK2	AK2	incomplete-splice_match	YES	94.47	77.29	59.76
PB.19190.4	Protein_PB.19190.4	AK2	AK2	full-splice_match	YES	57.89	66.7	51.73
PB.19190.8	Protein_PB.19190.8	AK2	AK2	novel_not_in_catalog	YES	80.04	74.89	78.72
PB.19190.9	Protein_PB.19190.9	AK2	AK2	novel_not_in_catalog	YES	34.0	31.77	21.5
PB.19192.1	Protein_PB.19192.1	RNF19B	RNF19B	full-splice_match	YES	274.02	188.86	249.24
PB.19192.2	Protein_PB.19192.2	RNF19B	RNF19B	incomplete-splice_match	YES	22.84	35.67	30.94
PB.19193.2	Protein_PB.19193.2	TMEM54	TMEM54	full-splice_match	YES	43.73	29.74	32.49
PB.19195.10	Protein_PB.19195.10	YARS	YARS	full-splice_match	YES	30.27	34.25	30.36
PB.19195.5	Protein_PB.19195.5	YARS	YARS	novel_in_catalog	YES	54.76	45.82	69.26
PB.19195.6	Protein_PB.19195.6	YARS	YARS	novel_not_in_catalog	YES	52.86	38.31	36.68
PB.19195.7	Protein_PB.19195.7	YARS	YARS	novel_in_catalog	YES	26.66	37.83	34.76
PB.19195.9	Protein_PB.19195.9	YARS	YARS	novel_not_in_catalog	YES	45.4	42.76	19.38
PB.19196.3	Protein_PB.19196.3	SYNC	SYNC	novel_in_catalog	YES	27.57	8.39	39.25
PB.19196.5	Protein_PB.19196.5	SYNC	SYNC	full-splice_match	YES	268.11	200.24	361.36
PB.19197.1	Protein_PB.19197.1	ZBTB8OS	ZBTB8OS	full-splice_match	YES	25.32	20.96	16.48
PB.19197.3	Protein_PB.19197.3	ZBTB8OS	ZBTB8OS	full-splice_match	YES	134.73	151.68	169.82
PB.19199.2	Protein_PB.19199.2	BSDC1	BSDC1	novel_in_catalog	YES	121.62	154.86	148.56
PB.19199.5	Protein_PB.19199.5	BSDC1	BSDC1	full-splice_match	YES	196.61	188.39	207.96
PB.192.3	Protein_PB.192.3	ZNF654	ZNF654	novel_not_in_catalog	YES	95.28	72.7	75.16
PB.192.6	Protein_PB.192.6	ZNF654	ZNF654	novel_in_catalog	YES	37.98	35.09	58.06
PB.19204.1	Protein_PB.19204.1	TMEM234	TMEM234	full-splice_match	YES	27.63	28.63	46.66
PB.19206.1	Protein_PB.19206.1	PTP4A2	PTP4A2	full-splice_match	YES	887.44	794.33	668.63
PB.19206.2	Protein_PB.19206.2	PTP4A2	PTP4A2	full-splice_match	YES	36.52	59.59	77.12
PB.19206.3		PTP4A2	PTP4A2	incomplete-splice_match	NO	1000.97	967.01	898.31
PB.19209.1	Protein_PB.19209.1	COL16A1	COL16A1	full-splice_match	YES	93.7	35.03	82.72
PB.19209.2	Protein_PB.19209.2	COL16A1	COL16A1	full-splice_match	YES	78.59	24.95	30.56
PB.19210.1	Protein_PB.19210.1	PEF1	PEF1	novel_not_in_catalog	YES	22.75	27.84	14.51
PB.19210.2	Protein_PB.19210.2	PEF1	PEF1	full-splice_match	YES	202.05	189.81	230.01
PB.19213.3	Protein_PB.19213.3	FABP3	FABP3	incomplete-splice_match	YES	13.64	37.65	24.57
PB.19213.4	Protein_PB.19213.4	FABP3	FABP3	full-splice_match	YES	7967.16	20736.44	11224.35
PB.19214.1	Protein_PB.19214.1	SNRNP40	SNRNP40	full-splice_match	YES	68.86	57.35	68.21
PB.19215.1	Protein_PB.19215.1	NKAIN1	NKAIN1	full-splice_match	YES	19.98	20.6	27.4
PB.19217.1	Protein_PB.19217.1	PUM1	PUM1	full-splice_match	YES	63.6	36.87	64.35
PB.19217.2	Protein_PB.19217.2	PUM1	PUM1	full-splice_match	YES	118.89	111.34	137.73
PB.19217.3	Protein_PB.19217.3	PUM1	PUM1	full-splice_match	YES	183.69	175.28	137.44
PB.19217.5	Protein_PB.19217.5	PUM1	PUM1	full-splice_match	YES	67.9	67.25	61.35
PB.19217.6	Protein_PB.19217.6	PUM1	PUM1	full-splice_match	YES	26.55	50.33	68.71
PB.19217.7	Protein_PB.19217.7	PUM1	PUM1	full-splice_match	YES	158.85	156.75	193.06
PB.19217.8	Protein_PB.19217.8	PUM1	PUM1	full-splice_match	YES	40.15	50.2	37.81
PB.19221.1	Protein_PB.19221.1	SDC3	SDC3	full-splice_match	YES	57.93	37.5	37.7
PB.19222.1	Protein_PB.19222.1	LAPTM5	LAPTM5	full-splice_match	YES	35.68	29.82	54.18
PB.19226.1	Protein_PB.19226.1	MECR	MECR	full-splice_match	YES	45.99	61.77	38.43
PB.19226.3	Protein_PB.19226.3	MECR	MECR	full-splice_match	YES	76.89	55.31	31.64
PB.19226.4	Protein_PB.19226.4	MECR	MECR	full-splice_match	YES	0.01	49.51	28.22
PB.19226.5	Protein_PB.19226.5	MECR	MECR	novel_not_in_catalog	YES	18.62	18.09	14.83
PB.19228.3	Protein_PB.19228.3	SRSF4	SRSF4	full-splice_match	YES	158.05	149.03	159.63
PB.19228.4	Protein_PB.19228.4	SRSF4	SRSF4	novel_not_in_catalog	YES	15.92	11.97	20.84
PB.19231.1	Protein_PB.19231.1	TAF12	TAF12	full-splice_match	YES	81.12	85.14	75.15
PB.19231.3	Protein_PB.19231.3	TAF12	TAF12	novel_not_in_catalog	YES	25.76	26.23	21.79
PB.19232.1	Protein_PB.19232.1	LOC113268412	LOC113268412	full-splice_match	YES	70.41	61.13	160.41
PB.19239.1	Protein_PB.19239.1	DNAJC8	DNAJC8	full-splice_match	YES	445.25	447.06	505.69
PB.19241.1	Protein_PB.19241.1	EYA3	EYA3	full-splice_match	YES	62.49	42.15	78.02
PB.19241.2	Protein_PB.19241.2	EYA3	EYA3	novel_not_in_catalog	YES	22.75	12.02	29.2
PB.19241.3	Protein_PB.19241.3	EYA3	EYA3	novel_in_catalog	YES	16.35	21.03	19.18
PB.19241.4	Protein_PB.19241.4	EYA3	EYA3	full-splice_match	YES	19.12	26.02	16.91
PB.19241.5	Protein_PB.19241.5	EYA3	EYA3	novel_in_catalog	YES	6.33	17.87	9.58
PB.19242.1	Protein_PB.19242.1	RPA2	RPA2	full-splice_match	YES	270.46	309.8	334.02
PB.19243.1	Protein_PB.19243.1	IFI6	IFI6	full-splice_match	YES	36.65	23.5	24.27
PB.19245.1	Protein_PB.19245.1	AHDC1	AHDC1	full-splice_match	YES	76.84	54.77	127.24
PB.19246.1	Protein_PB.19246.1	WASF2	WASF2	full-splice_match	YES	80.2	76.64	65.13
PB.19246.2	Protein_PB.19246.2	WASF2	WASF2	full-splice_match	YES	75.97	36.74	93.36
PB.19249.1	Protein_PB.19249.1	SLC9A1	SLC9A1	full-splice_match	YES	15.42	26.3	21.25
PB.1925.10	Protein_PB.1925.10	TRAPPC12	TRAPPC12	full-splice_match	YES	84.06	91.96	79.37
PB.19250.1	Protein_PB.19250.1	TENT5B	TENT5B	full-splice_match	YES	37.09	32.02	20.46
PB.19253.4	Protein_PB.19253.4	GPATCH3	GPATCH3	full-splice_match	YES	42.8	45.15	49.56
PB.19254.1	Protein_PB.19254.1	GPN2	GPN2	full-splice_match	YES	19.51	29.91	18.48
PB.19259.1	Protein_PB.19259.1	LOC113268471	LOC113268471	full-splice_match	YES	18.58	27.74	31.34
PB.1926.1	Protein_PB.1926.1	LOC113269302	LOC113269302	full-splice_match	YES	114.68	113.74	103.01
PB.19260.1	Protein_PB.19260.1	TRIM63	TRIM63	full-splice_match	YES	2400.33	3761.35	1886.07
PB.19260.3	Protein_PB.19260.3	TRIM63	TRIM63	novel_in_catalog	YES	65.57	73.55	47.82
PB.19260.5	Protein_PB.19260.5	TRIM63	TRIM63	full-splice_match	YES	30.25	25.68	16.37
PB.19260.6	Protein_PB.19260.6	TRIM63	TRIM63	novel_in_catalog	YES	69.77	57.25	37.29
PB.19263.13	Protein_PB.19263.13	PAFAH2	PAFAH2	novel_not_in_catalog	YES	26.58	13.09	24.99
PB.19263.16	Protein_PB.19263.16	PAFAH2	PAFAH2	novel_not_in_catalog	YES	6.15	28.09	9.2
PB.19263.21	Protein_PB.19263.21	PAFAH2	PAFAH2	incomplete-splice_match	YES	20.2	20.8	24.99
PB.19263.23	Protein_PB.19263.23	STMN1	STMN1	full-splice_match	YES	67.68	58.2	73.56
PB.19265.1	Protein_PB.19265.1	PAQR7	PAQR7	full-splice_match	YES	55.48	57.27	53.0
PB.1927.1	Protein_PB.1927.1	RPS7	RPS7	full-splice_match	YES	6185.85	6459.72	7653.81
PB.19271.2	Protein_PB.19271.2	LOC113268493	LOC113268493	full-splice_match	YES	212.34	221.41	259.9
PB.19277.1	Protein_PB.19277.1	MYOM3	MYOM3	novel_not_in_catalog	YES	41.54	31.18	68.64
PB.19277.2	Protein_PB.19277.2	MYOM3	MYOM3	novel_not_in_catalog	YES	306.21	365.0	405.32
PB.19277.4	Protein_PB.19277.4	MYOM3	MYOM3	novel_not_in_catalog	YES	2455.71	2576.92	3384.79
PB.19277.5	Protein_PB.19277.5	MYOM3	MYOM3	full-splice_match	YES	35.29	45.77	58.51
PB.19277.6	Protein_PB.19277.6	MYOM3	MYOM3	incomplete-splice_match	YES	1417.79	1432.53	2012.62
PB.19277.7	Protein_PB.19277.7	MYOM3	MYOM3	incomplete-splice_match	YES	891.75	951.09	1236.7
PB.19277.8	Protein_PB.19277.8	MYOM3	MYOM3	novel_not_in_catalog	YES	8.36	11.32	17.76
PB.19278.1	Protein_PB.19278.1	SRSF10	SRSF10	full-splice_match	YES	13.86	23.16	26.31
PB.19278.10	Protein_PB.19278.10	SRSF10	SRSF10	novel_not_in_catalog	YES	86.34	93.74	86.48
PB.19278.2	Protein_PB.19278.2	SRSF10	SRSF10	full-splice_match	YES	22.66	12.02	17.74
PB.19278.5	Protein_PB.19278.5	SRSF10	SRSF10	full-splice_match	YES	9.2	6.63	21.75
PB.19278.6	Protein_PB.19278.6	SRSF10	SRSF10	full-splice_match	YES	36.03	35.54	35.97
PB.19278.7		SRSF10	SRSF10	novel_not_in_catalog	NO	13.73	12.55	23.81
PB.19280.7	Protein_PB.19280.7	FUCA1	FUCA1	full-splice_match	YES	123.97	85.53	77.39
PB.19281.1	Protein_PB.19281.1	HMGCL	HMGCL	full-splice_match	YES	303.63	381.44	219.58
PB.19282.1	Protein_PB.19282.1	GALE	GALE	full-splice_match	YES	38.7	38.59	52.25
PB.19284.1	Protein_PB.19284.1	ID3	ID3	full-splice_match	YES	118.18	98.21	77.83
PB.19286.2	Protein_PB.19286.2	ASAP3	ASAP3	full-splice_match	YES	80.24	64.39	59.0
PB.19287.1	Protein_PB.19287.1	TCEA3	TCEA3	full-splice_match	YES	3005.83	3230.78	4369.11
PB.19287.3	Protein_PB.19287.3	TCEA3	TCEA3	incomplete-splice_match	YES	26.3	29.75	81.63
PB.19288.1	Protein_PB.19288.1	ZNF436	ZNF436	full-splice_match	YES	39.2	28.73	33.06
PB.19288.2	Protein_PB.19288.2	ZNF436	ZNF436	full-splice_match	YES	49.95	36.27	50.45
PB.19288.4	Protein_PB.19288.4	ZNF436	ZNF436	full-splice_match	YES	22.54	29.1	31.17
PB.19289.13	Protein_PB.19289.13	HNRNPR	HNRNPR	novel_in_catalog	YES	71.63	49.32	81.29
PB.19289.14	Protein_PB.19289.14	HNRNPR	HNRNPR	full-splice_match	YES	43.04	63.12	31.11
PB.19289.15	Protein_PB.19289.15	HNRNPR	HNRNPR	full-splice_match	YES	21.18	11.31	25.15
PB.19289.3	Protein_PB.19289.3	HNRNPR	HNRNPR	incomplete-splice_match	YES	69.33	52.7	59.91
PB.19289.8	Protein_PB.19289.8	HNRNPR	HNRNPR	full-splice_match	YES	8.75	9.73	21.17
PB.19289.9	Protein_PB.19289.9	HNRNPR	HNRNPR	full-splice_match	YES	53.56	53.22	35.35
PB.19296.3	Protein_PB.19296.3	WNT4	WNT4	full-splice_match	YES	18.97	9.77	37.7
PB.19299.3	Protein_PB.19299.3	HSPG2	HSPG2	full-splice_match	YES	1546.27	668.86	562.29
PB.19299.6	Protein_PB.19299.6	HSPG2	HSPG2	full-splice_match	YES	196.43	177.01	78.41
PB.193.1	Protein_PB.193.1	CUNH3orf38	CUNH3orf38	full-splice_match	YES	118.05	117.07	115.05
PB.193.2	Protein_PB.193.2	CUNH3orf38	CUNH3orf38	incomplete-splice_match	YES	106.56	112.84	129.04
PB.19300.14	Protein_PB.19300.14	USP48	USP48	full-splice_match	YES	33.49	38.78	34.91
PB.19300.16	Protein_PB.19300.16	USP48	USP48	full-splice_match	YES	62.84	42.6	32.11
PB.19302.1	Protein_PB.19302.1	ECE1	ECE1	full-splice_match	YES	98.36	111.29	65.6
PB.19302.4	Protein_PB.19302.4	ECE1	ECE1	full-splice_match	YES	87.49	131.8	135.32
PB.19302.5	Protein_PB.19302.5	ECE1	ECE1	incomplete-splice_match	YES	169.34	140.28	117.7
PB.19303.12	Protein_PB.19303.12	EIF4G3	EIF4G3	full-splice_match	YES	101.15	78.75	97.97
PB.19303.14	Protein_PB.19303.14	EIF4G3	EIF4G3	novel_in_catalog	YES	371.21	249.99	203.26
PB.19303.16	Protein_PB.19303.16	EIF4G3	EIF4G3	full-splice_match	YES	56.41	39.77	46.73
PB.19303.17	Protein_PB.19303.17	EIF4G3	EIF4G3	novel_not_in_catalog	YES	332.46	417.41	272.94
PB.19303.18	Protein_PB.19303.18	EIF4G3	EIF4G3	full-splice_match	YES	26.66	112.81	76.07
PB.19303.19	Protein_PB.19303.19	EIF4G3	EIF4G3	novel_not_in_catalog	YES	520.51	911.29	682.18
PB.19303.20	Protein_PB.19303.20	EIF4G3	EIF4G3	incomplete-splice_match	YES	404.24	661.04	633.71
PB.19303.7	Protein_PB.19303.7	EIF4G3	EIF4G3	full-splice_match	YES	17.02	23.71	12.87
PB.19303.8	Protein_PB.19303.8	EIF4G3	EIF4G3	full-splice_match	YES	10.2	35.91	30.04
PB.19304.1	Protein_PB.19304.1	HP1BP3	HP1BP3	novel_in_catalog	YES	21.01	56.46	64.29
PB.19304.2	Protein_PB.19304.2	HP1BP3	HP1BP3	full-splice_match	YES	93.07	94.79	96.3
PB.19304.3	Protein_PB.19304.3	HP1BP3	HP1BP3	incomplete-splice_match	YES	21.63	23.67	21.18
PB.19304.4	Protein_PB.19304.4	HP1BP3	HP1BP3	novel_not_in_catalog	YES	16.3	16.47	29.23
PB.19304.5	Protein_PB.19304.5	HP1BP3	HP1BP3	full-splice_match	YES	9.59	3.78	24.38
PB.19304.7	Protein_PB.19304.7	HP1BP3	HP1BP3	incomplete-splice_match	YES	83.3	125.84	100.97
PB.19304.8	Protein_PB.19304.8	HP1BP3	HP1BP3	full-splice_match	YES	21.58	5.07	9.6
PB.19307.1	Protein_PB.19307.1	DDOST	DDOST	novel_in_catalog	YES	31.3	11.32	17.5
PB.19307.3	Protein_PB.19307.3	DDOST	DDOST	incomplete-splice_match	YES	162.59	167.73	207.44
PB.19307.4	Protein_PB.19307.4	DDOST	DDOST	novel_not_in_catalog	YES	192.4	155.07	224.51
PB.19307.5	Protein_PB.19307.5	DDOST	DDOST	full-splice_match	YES	57.52	59.82	43.14
PB.19308.1	Protein_PB.19308.1	MUL1	MUL1	full-splice_match	YES	419.38	473.78	355.11
PB.19320.1	Protein_PB.19320.1	CAPZB	CAPZB	novel_in_catalog	YES	212.01	189.9	216.41
PB.19320.4	Protein_PB.19320.4	CAPZB	CAPZB	full-splice_match	YES	290.17	326.68	255.89
PB.19320.5	Protein_PB.19320.5	CAPZB	CAPZB	full-splice_match	YES	185.83	182.03	138.22
PB.19321.1	Protein_PB.19321.1	LOC113268586	LOC113268586	full-splice_match	YES	68.68	73.72	62.37
PB.19322.1	Protein_PB.19322.1	ZNF684	ZNF684	full-splice_match	YES	42.5	39.82	35.26
PB.19322.17	Protein_PB.19322.17	EXO5	EXO5	full-splice_match	YES	10.68	19.78	11.71
PB.19322.19	Protein_PB.19322.19	EXO5	EXO5	novel_not_in_catalog	YES	90.27	79.8	64.88
PB.19322.3	Protein_PB.19322.3	ZNF684	ZNF684	novel_not_in_catalog	YES	26.87	13.52	35.3
PB.19322.5	Protein_PB.19322.5	EXO5_ZNF684	EXO5_ZNF684	fusion	YES	10.78	21.19	8.94
PB.19322.6	Protein_PB.19322.6	EXO5_ZNF684	EXO5_ZNF684	fusion	YES	19.31	1.97	6.19
PB.19323.1	Protein_PB.19323.1	ZFP69	ZFP69	full-splice_match	YES	33.11	33.81	39.93
PB.19324.3	Protein_PB.19324.3	SMAP2	SMAP2	full-splice_match	YES	50.58	49.73	53.67
PB.19324.4	Protein_PB.19324.4	SMAP2	SMAP2	full-splice_match	YES	76.47	62.5	63.02
PB.19326.1	Protein_PB.19326.1	ZMPSTE24	ZMPSTE24	full-splice_match	YES	57.52	55.69	61.68
PB.19329.1	Protein_PB.19329.1	RLF	RLF	full-splice_match	YES	310.04	308.65	325.95
PB.19330.11	Protein_PB.19330.11	CAP1	CAP1	full-splice_match	YES	42.7	90.43	13.12
PB.19330.12	Protein_PB.19330.12	CAP1	CAP1	full-splice_match	YES	78.57	40.01	53.5
PB.19330.2	Protein_PB.19330.2	CAP1	CAP1	full-splice_match	YES	37.96	4.46	30.45
PB.19330.4	Protein_PB.19330.4	CAP1	CAP1	full-splice_match	YES	96.68	39.12	113.38
PB.19330.8	Protein_PB.19330.8	CAP1	CAP1	novel_in_catalog	YES	11.02	7.18	44.61
PB.19330.9	Protein_PB.19330.9	CAP1	CAP1	novel_not_in_catalog	YES	15.56	4.11	24.06
PB.19332.10	Protein_PB.19332.10	PPIE	PPIE	full-splice_match	YES	103.62	115.73	91.65
PB.19332.13	Protein_PB.19332.13	PPIE	PPIE	novel_not_in_catalog	YES	54.1	55.79	31.81
PB.19332.3	Protein_PB.19332.3	PPIE	PPIE	full-splice_match	YES	46.85	41.59	44.75
PB.19333.1	Protein_PB.19333.1	MACF1	MACF1	full-splice_match	YES	80.69	135.43	64.5
PB.19333.10	Protein_PB.19333.10	MACF1	MACF1	full-splice_match	YES	306.2	141.52	243.12
PB.19333.11	Protein_PB.19333.11	MACF1	MACF1	incomplete-splice_match	YES	13.46	18.31	2.06
PB.19333.2	Protein_PB.19333.2	MACF1	MACF1	full-splice_match	YES	776.7	682.85	503.04
PB.19333.3	Protein_PB.19333.3	MACF1	MACF1	full-splice_match	YES	11.83	0.0	18.91
PB.19333.4	Protein_PB.19333.4	MACF1	MACF1	full-splice_match	YES	879.3	507.27	656.11
PB.19333.6	Protein_PB.19333.6	MACF1	MACF1	full-splice_match	YES	89.5	121.32	74.6
PB.19333.7	Protein_PB.19333.7	MACF1	MACF1	full-splice_match	YES	1739.81	1560.63	1390.04
PB.19333.9	Protein_PB.19333.9	MACF1	MACF1	full-splice_match	YES	4.67	22.79	99.71
PB.19335.2	Protein_PB.19335.2	NDUFS5	NDUFS5	full-splice_match	YES	1020.53	1117.42	1071.31
PB.19336.1	Protein_PB.19336.1	AKIRIN1	AKIRIN1	full-splice_match	YES	200.76	198.33	246.15
PB.19338.1		novelGene_GJA9_AS	novelGene_GJA9_AS	antisense	NO	60.74	55.94	118.7
PB.19342.2	Protein_PB.19342.2	UTP11	UTP11	full-splice_match	YES	181.84	172.16	225.79
PB.19343.2	Protein_PB.19343.2	CUNH1orf122	CUNH1orf122	full-splice_match	YES	36.12	37.64	33.48
PB.19344.1	Protein_PB.19344.1	MANEAL	MANEAL	full-splice_match	YES	23.64	29.67	32.03
PB.19347.1	Protein_PB.19347.1	ZC3H12A	ZC3H12A	full-splice_match	YES	39.74	41.96	34.53
PB.19350.1	Protein_PB.19350.1	THRAP3	THRAP3	full-splice_match	YES	659.48	670.32	765.15
PB.19350.10	Protein_PB.19350.10	THRAP3	THRAP3	novel_in_catalog	YES	29.19	21.79	20.21
PB.19350.11	Protein_PB.19350.11	THRAP3	THRAP3	incomplete-splice_match	YES	33.01	31.86	30.1
PB.19350.2	Protein_PB.19350.2	THRAP3	THRAP3	novel_not_in_catalog	YES	68.87	38.48	87.44
PB.19350.3	Protein_PB.19350.3	THRAP3	THRAP3	novel_in_catalog	YES	26.95	17.43	12.44
PB.19350.7	Protein_PB.19350.7	THRAP3	THRAP3	full-splice_match	YES	31.25	14.48	29.03
PB.19350.8	Protein_PB.19350.8	THRAP3	THRAP3	novel_in_catalog	YES	202.78	212.76	195.68
PB.19350.9	Protein_PB.19350.9	THRAP3	THRAP3	novel_not_in_catalog	YES	96.11	105.99	59.4
PB.19351.1	Protein_PB.19351.1	MAP7D1	MAP7D1	full-splice_match	YES	2405.29	2485.82	2377.71
PB.19353.1	Protein_PB.19353.1	ADPRHL2	ADPRHL2	full-splice_match	YES	155.81	138.35	134.87
PB.19355.7	Protein_PB.19355.7	AGO3	AGO3	full-splice_match	YES	57.27	68.66	67.47
PB.19356.1	Protein_PB.19356.1	AGO1	AGO1	full-splice_match	YES	400.3	358.49	496.43
PB.19356.2	Protein_PB.19356.2	AGO1	AGO1	full-splice_match	YES	47.54	12.01	23.04
PB.19357.1	Protein_PB.19357.1	LOC113268300	LOC113268300	full-splice_match	YES	150.95	239.04	283.1
PB.19361.2	Protein_PB.19361.2	NCDN	NCDN	full-splice_match	YES	40.29	38.66	34.73
PB.19362.10	Protein_PB.19362.10	ZMYM4	ZMYM4	novel_in_catalog	YES	327.14	315.2	211.72
PB.19362.3	Protein_PB.19362.3	ZMYM4	ZMYM4	full-splice_match	YES	23.2	20.97	21.74
PB.19362.6	Protein_PB.19362.6	ZMYM4	ZMYM4	full-splice_match	YES	28.55	14.27	53.83
PB.19362.7	Protein_PB.19362.7	ZMYM4	ZMYM4	novel_in_catalog	YES	158.7	166.2	163.67
PB.19364.16	Protein_PB.19364.16	ZMYM1	ZMYM1	novel_not_in_catalog	YES	14.6	18.06	22.47
PB.19364.7	Protein_PB.19364.7	ZMYM1	ZMYM1	novel_not_in_catalog	YES	19.71	9.23	8.44
PB.19367.1	Protein_PB.19367.1	GJA4	GJA4	novel_not_in_catalog	YES	22.15	16.88	14.42
PB.19367.2	Protein_PB.19367.2	GJA4	GJA4	full-splice_match	YES	36.95	33.92	20.88
PB.1937.2	Protein_PB.1937.2	RNF144A	RNF144A	full-splice_match	YES	88.44	73.89	84.24
PB.19374.1	Protein_PB.19374.1	ZSCAN20	ZSCAN20	full-splice_match	YES	13.22	17.65	18.62
PB.19375.1	Protein_PB.19375.1	ZNF362	ZNF362	full-splice_match	YES	54.0	50.83	59.23
PB.19384.3	Protein_PB.19384.3	RBBP4	RBBP4	full-splice_match	YES	347.17	385.97	397.24
PB.19384.4	Protein_PB.19384.4	RBBP4	RBBP4	novel_not_in_catalog	YES	127.82	130.22	153.99
PB.19388.17	Protein_PB.19388.17	HDAC1	HDAC1	novel_not_in_catalog	YES	19.34	18.9	26.97
PB.19391.1	Protein_PB.19391.1	EIF3I	EIF3I	full-splice_match	YES	1577.38	1991.77	1641.9
PB.19392.12	Protein_PB.19392.12	CCDC28B	CCDC28B	full-splice_match	YES	52.66	51.58	46.44
PB.19393.1	Protein_PB.19393.1	TXLNA	TXLNA	full-splice_match	YES	82.31	76.11	88.32
PB.19393.2	Protein_PB.19393.2	TXLNA	TXLNA	full-splice_match	YES	37.76	20.24	32.65
PB.19393.4	Protein_PB.19393.4	TXLNA	TXLNA	full-splice_match	YES	5.15	18.05	4.61
PB.19393.9	Protein_PB.19393.9	TXLNA	TXLNA	incomplete-splice_match	YES	15.69	9.73	18.4
PB.19394.1	Protein_PB.19394.1	KPNA6	KPNA6	full-splice_match	YES	821.53	854.08	858.82
PB.19396.1	Protein_PB.19396.1	KHDRBS1	KHDRBS1	full-splice_match	YES	143.35	119.8	146.64
PB.19400.1	Protein_PB.19400.1	TINAGL1	TINAGL1	full-splice_match	YES	9.27	8.34	20.33
PB.19400.2	Protein_PB.19400.2	TINAGL1	TINAGL1	full-splice_match	YES	184.85	167.8	122.07
PB.19402.1	Protein_PB.19402.1	SERINC2	SERINC2	full-splice_match	YES	39.37	34.99	33.78
PB.19402.2	Protein_PB.19402.2	SERINC2	SERINC2	full-splice_match	YES	450.28	481.79	414.56
PB.19404.1	Protein_PB.19404.1	ZCCHC17	ZCCHC17	full-splice_match	YES	169.2	173.68	127.58
PB.19406.3	Protein_PB.19406.3	PTPRU	PTPRU	full-splice_match	YES	7.83	7.05	17.45
PB.19411.1	Protein_PB.19411.1	EPB41	EPB41	novel_in_catalog	YES	132.74	167.26	92.3
PB.19411.17	Protein_PB.19411.17	EPB41	EPB41	novel_not_in_catalog	YES	104.13	105.94	155.43
PB.19411.18	Protein_PB.19411.18	EPB41	EPB41	novel_not_in_catalog	YES	79.99	115.96	51.34
PB.19411.2	Protein_PB.19411.2	EPB41	EPB41	full-splice_match	YES	16.94	3.23	6.82
PB.19411.21	Protein_PB.19411.21	EPB41	EPB41	novel_not_in_catalog	YES	68.51	59.77	29.67
PB.19411.3	Protein_PB.19411.3	EPB41	EPB41	full-splice_match	YES	30.7	12.37	23.05
PB.19414.1	Protein_PB.19414.1	YTHDF2	YTHDF2	full-splice_match	YES	148.73	145.18	168.96
PB.19414.2	Protein_PB.19414.2	YTHDF2	YTHDF2	incomplete-splice_match	YES	35.39	24.7	27.28
PB.19415.1	Protein_PB.19415.1	GMEB1	GMEB1	full-splice_match	YES	41.75	25.32	7.4
PB.19415.4	Protein_PB.19415.4	GMEB1	GMEB1	full-splice_match	YES	15.31	18.77	17.34
PB.19415.6	Protein_PB.19415.6	GMEB1	GMEB1	novel_in_catalog	YES	56.79	53.88	51.48
PB.19419.15	Protein_PB.19419.15	TRNAU1AP	TRNAU1AP	novel_not_in_catalog	YES	60.78	78.38	69.77
PB.19419.2	Protein_PB.19419.2	TRNAU1AP	TRNAU1AP	novel_not_in_catalog	YES	87.78	118.43	52.72
PB.19419.4	Protein_PB.19419.4	TRNAU1AP	TRNAU1AP	full-splice_match	YES	44.28	33.79	52.38
PB.19419.8	Protein_PB.19419.8	TRNAU1AP	TRNAU1AP	full-splice_match	YES	222.81	288.1	184.62
PB.19419.9	Protein_PB.19419.9	TRNAU1AP	TRNAU1AP	full-splice_match	YES	15.66	20.52	12.9
PB.19420.2	Protein_PB.19420.2	RCC1	RCC1	full-splice_match	YES	39.22	36.85	37.69
PB.19420.4	Protein_PB.19420.4	RCC1	RCC1	full-splice_match	YES	35.2	43.07	16.3
PB.19421.1		LOC113268415	LOC113268415	full-splice_match	NO	41.91	43.89	75.84
PB.19421.4		LOC113268633	LOC113268633	full-splice_match	NO	227.55	233.12	247.83
PB.19422.2	Protein_PB.19422.2	PHACTR4	PHACTR4	full-splice_match	YES	20.67	21.33	35.52
PB.19423.2	Protein_PB.19423.2	MED18	MED18	full-splice_match	YES	39.7	44.27	43.78
PB.19423.3	Protein_PB.19423.3	MED18	MED18	full-splice_match	YES	19.46	37.29	24.82
PB.19423.4	Protein_PB.19423.4	MED18	MED18	full-splice_match	YES	33.27	26.32	42.25
PB.19425.1	Protein_PB.19425.1	ATP5IF1	ATP5IF1	full-splice_match	YES	2502.94	3024.0	2381.48
PB.19426.2	Protein_PB.19426.2	XKR8	XKR8	full-splice_match	YES	40.91	42.58	38.91
PB.19429.2	Protein_PB.19429.2	PPP1R8	PPP1R8	full-splice_match	YES	161.84	178.39	162.19
PB.19431.1	Protein_PB.19431.1	STX12	STX12	full-splice_match	YES	220.96	225.08	224.75
PB.19433.6	Protein_PB.19433.6	FAM76A	FAM76A	full-splice_match	YES	306.85	271.44	327.53
PB.19437.1	Protein_PB.19437.1	TMEM222	TMEM222	full-splice_match	YES	135.72	131.85	142.7
PB.19438.1	Protein_PB.19438.1	WDTC1	WDTC1	full-splice_match	YES	66.62	73.11	152.71
PB.19438.2	Protein_PB.19438.2	WDTC1	WDTC1	full-splice_match	YES	560.76	624.49	425.25
PB.19438.4	Protein_PB.19438.4	WDTC1	WDTC1	full-splice_match	YES	0.66	30.78	23.13
PB.19438.5	Protein_PB.19438.5	WDTC1	WDTC1	full-splice_match	YES	130.04	100.15	92.37
PB.19439.1	Protein_PB.19439.1	TRNP1	TRNP1	full-splice_match	YES	51.57	45.25	39.4
PB.19440.1	Protein_PB.19440.1	NUDC	NUDC	full-splice_match	YES	102.71	102.99	131.46
PB.19442.1	Protein_PB.19442.1	ZDHHC18	ZDHHC18	full-splice_match	YES	46.64	58.63	41.02
PB.19442.2	Protein_PB.19442.2	PIGV_ZDHHC18	PIGV_ZDHHC18	fusion	YES	90.39	103.76	148.44
PB.19442.5	Protein_PB.19442.5	PIGV	PIGV	full-splice_match	YES	42.52	46.73	39.98
PB.19442.8	Protein_PB.19442.8	PIGV	PIGV	novel_in_catalog	YES	21.01	27.0	51.75
PB.19443.1	Protein_PB.19443.1	ARID1A	ARID1A	full-splice_match	YES	63.87	36.37	57.22
PB.19443.2	Protein_PB.19443.2	ARID1A	ARID1A	full-splice_match	YES	97.22	91.11	146.64
PB.19447.1		HMGN2	HMGN2	full-splice_match	NO	748.74	866.18	989.08
PB.19447.12	Protein_PB.19447.12	DHDDS	DHDDS	full-splice_match	YES	19.37	13.13	12.07
PB.19447.9	Protein_PB.19447.9	DHDDS	DHDDS	full-splice_match	YES	25.21	31.68	23.4
PB.19449.1	Protein_PB.19449.1	SH3BGRL3	SH3BGRL3	full-splice_match	YES	107.13	72.95	91.29
PB.19450.1	Protein_PB.19450.1	CEP85	CEP85	novel_not_in_catalog	YES	731.98	615.63	454.89
PB.19450.11	Protein_PB.19450.11	CEP85	CEP85	novel_in_catalog	YES	5.77	0.9	23.42
PB.19450.16	Protein_PB.19450.16	CEP85	CEP85	novel_not_in_catalog	YES	10.09	28.04	21.68
PB.19450.17	Protein_PB.19450.17	CEP85	CEP85	novel_not_in_catalog	YES	26.0	51.26	42.67
PB.19450.18	Protein_PB.19450.18	CEP85	CEP85	novel_not_in_catalog	YES	35.45	39.6	41.19
PB.19450.20	Protein_PB.19450.20	CEP85	CEP85	novel_not_in_catalog	YES	31.29	39.64	16.75
PB.19450.22	Protein_PB.19450.22	CEP85	CEP85	full-splice_match	YES	17.5	20.24	15.13
PB.19450.27	Protein_PB.19450.27	CEP85	CEP85	full-splice_match	YES	21.34	10.03	9.37
PB.19450.4	Protein_PB.19450.4	CEP85	CEP85	full-splice_match	YES	170.02	167.29	143.68
PB.19450.8	Protein_PB.19450.8	CEP85	CEP85	novel_not_in_catalog	YES	23.83	8.91	12.02
PB.19452.11	Protein_PB.19452.11	CNKSR1	CNKSR1	novel_not_in_catalog	YES	188.23	193.02	131.74
PB.19452.13	Protein_PB.19452.13	CNKSR1	CNKSR1	novel_not_in_catalog	YES	98.83	105.06	120.47
PB.19452.2	Protein_PB.19452.2	CNKSR1	CNKSR1	full-splice_match	YES	31.49	38.88	33.49
PB.19452.21	Protein_PB.19452.21	CNKSR1	CNKSR1	full-splice_match	YES	53.56	42.99	8.65
PB.19452.3	Protein_PB.19452.3	CNKSR1	CNKSR1	novel_in_catalog	YES	18.72	8.64	48.4
PB.19452.7	Protein_PB.19452.7	CNKSR1	CNKSR1	novel_not_in_catalog	YES	4.22	1.76	24.68
PB.19453.1	Protein_PB.19453.1	ZNF593	ZNF593	full-splice_match	YES	91.27	103.01	100.38
PB.19454.1	Protein_PB.19454.1	FAM110D	FAM110D	full-splice_match	YES	14.63	10.15	17.55
PB.19454.2	Protein_PB.19454.2	FAM110D	FAM110D	full-splice_match	YES	35.78	30.26	42.54
PB.19455.1	Protein_PB.19455.1	PDIK1L	PDIK1L	novel_not_in_catalog	YES	73.21	80.47	83.85
PB.19455.2	Protein_PB.19455.2	PDIK1L	PDIK1L	full-splice_match	YES	97.64	109.22	194.72
PB.19455.3	Protein_PB.19455.3	PDIK1L	PDIK1L	full-splice_match	YES	16.69	22.59	22.71
PB.19456.1	Protein_PB.19456.1	EXTL1	EXTL1	full-splice_match	YES	197.83	209.05	120.9
PB.19457.1	Protein_PB.19457.1	MTFR1L	MTFR1L	full-splice_match	YES	156.19	177.89	150.38
PB.19457.11	Protein_PB.19457.11	MTFR1L	MTFR1L	novel_not_in_catalog	YES	46.76	76.77	64.1
PB.19457.12	Protein_PB.19457.12	MTFR1L	MTFR1L	novel_not_in_catalog	YES	140.21	140.42	116.97
PB.19457.2	Protein_PB.19457.2	MTFR1L	MTFR1L	novel_not_in_catalog	YES	59.03	73.9	62.82
PB.19457.4	Protein_PB.19457.4	MTFR1L	MTFR1L	full-splice_match	YES	606.64	604.87	553.65
PB.19457.5	Protein_PB.19457.5	MTFR1L	MTFR1L	full-splice_match	YES	28.07	44.01	37.2
PB.19457.7	Protein_PB.19457.7	MTFR1L	MTFR1L	novel_in_catalog	YES	65.22	62.99	31.03
PB.19457.8	Protein_PB.19457.8	MTFR1L	MTFR1L	novel_not_in_catalog	YES	18.38	21.41	10.39
PB.19457.9	Protein_PB.19457.9	MTFR1L	MTFR1L	full-splice_match	YES	80.88	97.21	83.64
PB.19458.1	Protein_PB.19458.1	SELENON	SELENON	full-splice_match	YES	145.47	105.25	134.83
PB.19459.1	Protein_PB.19459.1	MAN1C1	MAN1C1	full-splice_match	YES	22.55	15.86	19.75
PB.19460.6	Protein_PB.19460.6	LDLRAP1	LDLRAP1	novel_in_catalog	YES	22.13	39.04	82.27
PB.19460.7	Protein_PB.19460.7	LDLRAP1	LDLRAP1	full-splice_match	YES	138.9	110.3	114.0
PB.19461.1	Protein_PB.19461.1	MACO1	MACO1	full-splice_match	YES	307.1	268.65	273.15
PB.19462.1	Protein_PB.19462.1	TMEM50A	TMEM50A	full-splice_match	YES	223.89	234.86	193.28
PB.19464.2	Protein_PB.19464.2	CLIC4	CLIC4	full-splice_match	YES	547.33	399.77	469.8
PB.19464.3	Protein_PB.19464.3	CLIC4	CLIC4	novel_not_in_catalog	YES	250.69	114.05	144.96
PB.19465.12	Protein_PB.19465.12	SRRM1	SRRM1	novel_in_catalog	YES	3.88	3.17	19.0
PB.19465.13	Protein_PB.19465.13	SRRM1	SRRM1	novel_in_catalog	YES	27.0	3.09	10.12
PB.19465.16	Protein_PB.19465.16	SRRM1	SRRM1	novel_not_in_catalog	YES	15.67	27.34	29.45
PB.19465.18	Protein_PB.19465.18	SRRM1	SRRM1	novel_in_catalog	YES	59.22	49.15	75.82
PB.19465.19	Protein_PB.19465.19	SRRM1	SRRM1	incomplete-splice_match	YES	51.64	38.58	48.63
PB.19465.22	Protein_PB.19465.22	SRRM1	SRRM1	incomplete-splice_match	YES	31.83	17.13	35.08
PB.19470.3	Protein_PB.19470.3	NIPAL3	NIPAL3	novel_not_in_catalog	YES	22.82	24.52	21.66
PB.19470.5	Protein_PB.19470.5	NIPAL3	NIPAL3	full-splice_match	YES	57.81	46.79	56.72
PB.19473.1		LOC113268508	LOC113268508	full-splice_match	NO	10.68	13.02	40.77
PB.19474.1	Protein_PB.19474.1	PNRC2	PNRC2	full-splice_match	YES	464.08	505.45	634.76
PB.19474.2	Protein_PB.19474.2	PNRC2	PNRC2	full-splice_match	YES	66.77	28.63	32.16
PB.19474.5	Protein_PB.19474.5	PNRC2	PNRC2	full-splice_match	YES	36.46	57.53	74.85
PB.19475.1	Protein_PB.19475.1	LYPLA2	LYPLA2	full-splice_match	YES	77.04	74.41	82.43
PB.19476.1	Protein_PB.19476.1	PITHD1	PITHD1	full-splice_match	YES	901.63	961.08	1214.78
PB.19476.2	Protein_PB.19476.2	PITHD1	PITHD1	full-splice_match	YES	19.88	21.33	25.83
PB.19477.2	Protein_PB.19477.2	ELOA	ELOA	full-splice_match	YES	492.2	524.68	652.68
PB.19478.1	Protein_PB.19478.1	RPL11	RPL11	full-splice_match	YES	3638.42	3860.76	4259.83
PB.19478.2	Protein_PB.19478.2	RPL11	RPL11	novel_in_catalog	YES	21.68	16.68	27.45
PB.19478.3	Protein_PB.19478.3	RPL11	RPL11	novel_in_catalog	YES	269.13	275.1	450.81
PB.1948.1	Protein_PB.1948.1	ID2	ID2	full-splice_match	YES	39.29	27.47	27.4
PB.19483.1	Protein_PB.19483.1	KDM1A	KDM1A	full-splice_match	YES	166.95	174.83	212.14
PB.19483.3	Protein_PB.19483.3	KDM1A	KDM1A	incomplete-splice_match	YES	228.51	270.43	197.72
PB.19485.1	Protein_PB.19485.1	C1QB	C1QB	full-splice_match	YES	92.39	62.17	49.63
PB.19486.1	Protein_PB.19486.1	C1QC	C1QC	full-splice_match	YES	76.81	58.15	55.26
PB.19487.1	Protein_PB.19487.1	C1QA	C1QA	full-splice_match	YES	52.89	40.49	44.86
PB.19487.2	Protein_PB.19487.2	C1QA	C1QA	full-splice_match	YES	49.45	41.84	43.46
PB.19489.1	Protein_PB.19489.1	ZBTB40	ZBTB40	full-splice_match	YES	119.78	138.69	97.61
PB.19489.3	Protein_PB.19489.3	ZBTB40	ZBTB40	full-splice_match	YES	96.16	71.23	107.36
PB.19489.4	Protein_PB.19489.4	ZBTB40	ZBTB40	incomplete-splice_match	YES	25.86	31.15	28.75
PB.1949.2	Protein_PB.1949.2	ASAP2	ASAP2	full-splice_match	YES	44.92	32.74	48.84
PB.1949.3	Protein_PB.1949.3	ASAP2	ASAP2	incomplete-splice_match	YES	55.58	16.33	19.38
PB.19490.1	Protein_PB.19490.1	CDC42	CDC42	full-splice_match	YES	21.76	15.14	21.23
PB.19490.2		CDC42	CDC42	novel_not_in_catalog	NO	83.33	64.71	25.29
PB.19490.3	Protein_PB.19490.3	CDC42	CDC42	novel_not_in_catalog	YES	107.15	103.62	155.64
PB.19490.4	Protein_PB.19490.4	CDC42	CDC42	novel_not_in_catalog	YES	790.94	736.3	564.58
PB.19490.6	Protein_PB.19490.6	CDC42	CDC42	novel_not_in_catalog	YES	148.77	156.8	131.17
PB.19490.8	Protein_PB.19490.8	CDC42	CDC42	full-splice_match	YES	38.99	34.62	26.35
PB.19491.2	Protein_PB.19491.2	LOC113268544	LOC113268544	full-splice_match	YES	111.53	127.59	69.29
PB.19491.3	Protein_PB.19491.3	LOC113268544	LOC113268544	full-splice_match	YES	580.7	546.2	582.26
PB.19495.2	Protein_PB.19495.2	ALPL	ALPL	full-splice_match	YES	25.33	12.75	0.0
PB.19497.1	Protein_PB.19497.1	PINK1	PINK1	full-splice_match	YES	5922.79	7457.11	5016.18
PB.195.1	Protein_PB.195.1	EPHA3	EPHA3	full-splice_match	YES	28.46	15.14	24.32
PB.19505.1	Protein_PB.19505.1	OTUD3	OTUD3	full-splice_match	YES	62.63	59.03	61.58
PB.19507.1	Protein_PB.19507.1	NBL1	NBL1	full-splice_match	YES	49.88	35.82	95.24
PB.19507.2	Protein_PB.19507.2	NBL1	NBL1	full-splice_match	YES	49.41	11.99	12.53
PB.19508.2		MINOS1	MINOS1	full-splice_match	NO	744.03	816.02	480.85
PB.19508.3		MINOS1	MINOS1	novel_in_catalog	NO	15.57	18.7	23.84
PB.1951.1	Protein_PB.1951.1	CPSF3	CPSF3	full-splice_match	YES	121.04	123.46	84.15
PB.1952.1	Protein_PB.1952.1	IAH1	IAH1	full-splice_match	YES	206.28	194.43	169.74
PB.19521.2	Protein_PB.19521.2	FCGR2B	FCGR2B	novel_in_catalog	YES	45.16	35.97	33.86
PB.19524.1	Protein_PB.19524.1	DUSP12	DUSP12	full-splice_match	YES	23.74	20.45	19.55
PB.19525.2	Protein_PB.19525.2	ATF6	ATF6	full-splice_match	YES	238.08	248.59	182.3
PB.19525.4	Protein_PB.19525.4	ATF6	ATF6	novel_not_in_catalog	YES	52.07	65.93	78.38
PB.19525.6	Protein_PB.19525.6	ATF6	ATF6	novel_not_in_catalog	YES	70.09	93.28	80.9
PB.1953.2	Protein_PB.1953.2	TAF1B	TAF1B	incomplete-splice_match	YES	19.33	27.17	29.07
PB.1953.7	Protein_PB.1953.7	TAF1B	TAF1B	full-splice_match	YES	117.95	115.51	128.64
PB.19530.1	Protein_PB.19530.1	UHMK1	UHMK1	full-splice_match	YES	821.96	801.57	1070.0
PB.19531.1	Protein_PB.19531.1	UAP1	UAP1	full-splice_match	YES	30.25	26.24	31.47
PB.19531.16	Protein_PB.19531.16	UAP1	UAP1	novel_in_catalog	YES	42.2	27.37	25.08
PB.19531.18	Protein_PB.19531.18	UAP1	UAP1	full-splice_match	YES	60.37	46.56	86.95
PB.19531.19	Protein_PB.19531.19	UAP1	UAP1	novel_not_in_catalog	YES	57.57	71.52	52.47
PB.19531.2	Protein_PB.19531.2	UAP1	UAP1	full-splice_match	YES	128.6	98.19	45.71
PB.19531.24	Protein_PB.19531.24	UAP1	UAP1	novel_not_in_catalog	YES	20.58	22.33	32.23
PB.19531.28	Protein_PB.19531.28	DDR2	DDR2	full-splice_match	YES	413.73	208.07	260.48
PB.19531.3	Protein_PB.19531.3	UAP1	UAP1	full-splice_match	YES	44.09	40.23	4.94
PB.19531.30	Protein_PB.19531.30	DDR2	DDR2	full-splice_match	YES	209.58	169.87	174.14
PB.19531.8	Protein_PB.19531.8	UAP1	UAP1	novel_not_in_catalog	YES	12.04	14.55	22.64
PB.19531.9	Protein_PB.19531.9	UAP1	UAP1	novel_in_catalog	YES	26.9	10.03	22.22
PB.19535.1	Protein_PB.19535.1	RGS4	RGS4	full-splice_match	YES	37.76	38.21	24.42
PB.19536.2	Protein_PB.19536.2	NUF2	NUF2	full-splice_match	YES	18.21	11.06	10.28
PB.19537.1	Protein_PB.19537.1	PBX1	PBX1	full-splice_match	YES	164.8	172.83	179.9
PB.19537.2	Protein_PB.19537.2	PBX1	PBX1	full-splice_match	YES	27.9	32.72	31.15
PB.19541.2	Protein_PB.19541.2	MGST3	MGST3	full-splice_match	YES	560.48	762.12	558.49
PB.19541.4	Protein_PB.19541.4	MGST3	MGST3	full-splice_match	YES	34.53	47.42	51.81
PB.19543.2	Protein_PB.19543.2	UCK2	UCK2	full-splice_match	YES	134.0	113.8	108.56
PB.19546.1	Protein_PB.19546.1	AIDA	AIDA	full-splice_match	YES	259.26	209.17	233.72
PB.19546.2	Protein_PB.19546.2	AIDA	AIDA	incomplete-splice_match	YES	24.3	29.28	17.14
PB.1955.1	Protein_PB.1955.1	KLF11	KLF11	full-splice_match	YES	72.95	78.24	323.3
PB.19551.2	Protein_PB.19551.2	DUSP10	DUSP10	novel_in_catalog	YES	34.24	24.76	20.33
PB.19551.3	Protein_PB.19551.3	DUSP10	DUSP10	full-splice_match	YES	380.05	306.37	363.79
PB.19553.2	Protein_PB.19553.2	RAB3GAP2	RAB3GAP2	novel_not_in_catalog	YES	91.1	86.78	75.38
PB.19553.4	Protein_PB.19553.4	RAB3GAP2	RAB3GAP2	full-splice_match	YES	275.75	247.72	235.2
PB.19555.10	Protein_PB.19555.10	BPNT1	BPNT1	novel_not_in_catalog	YES	23.55	12.32	17.67
PB.19555.9	Protein_PB.19555.9	BPNT1	BPNT1	novel_not_in_catalog	YES	26.39	42.23	28.06
PB.19556.1	Protein_PB.19556.1	EPRS	EPRS	incomplete-splice_match	YES	14.06	34.03	48.31
PB.19556.2	Protein_PB.19556.2	EPRS	EPRS	full-splice_match	YES	2118.72	2312.3	2107.08
PB.19556.3	Protein_PB.19556.3	EPRS	EPRS	novel_in_catalog	YES	4.47	7.65	17.77
PB.19560.1	Protein_PB.19560.1	GPATCH2	GPATCH2	full-splice_match	YES	22.93	26.15	32.61
PB.19560.3	Protein_PB.19560.3	GPATCH2	GPATCH2	full-splice_match	YES	18.99	5.82	10.0
PB.19561.22	Protein_PB.19561.22	ESRRG	ESRRG	full-splice_match	YES	17.37	35.06	47.97
PB.19561.24	Protein_PB.19561.24	ESRRG	ESRRG	novel_not_in_catalog	YES	26.52	13.08	16.17
PB.19562.1	Protein_PB.19562.1	USH2A	USH2A	full-splice_match	YES	10.58	5.7	22.78
PB.19574.2	Protein_PB.19574.2	RGS2	RGS2	full-splice_match	YES	32.22	36.02	45.4
PB.19575.1	Protein_PB.19575.1	TROVE2	TROVE2	novel_not_in_catalog	YES	33.71	26.03	28.86
PB.19575.2	Protein_PB.19575.2	TROVE2	TROVE2	full-splice_match	YES	50.73	51.5	69.46
PB.19575.3	Protein_PB.19575.3	TROVE2	TROVE2	novel_in_catalog	YES	54.86	56.06	52.29
PB.19576.1	Protein_PB.19576.1	CDC73	CDC73	full-splice_match	YES	9.3	18.56	22.22
PB.19576.2	Protein_PB.19576.2	CDC73	CDC73	full-splice_match	YES	95.36	81.39	181.0
PB.19576.3	Protein_PB.19576.3	CDC73	CDC73	incomplete-splice_match	YES	38.75	30.55	55.16
PB.1958.2	Protein_PB.1958.2	HPCAL1	HPCAL1	novel_not_in_catalog	YES	37.85	23.63	15.34
PB.19585.1	Protein_PB.19585.1	LOC113268656	LOC113268656	full-splice_match	YES	41.14	30.31	17.56
PB.19585.2	Protein_PB.19585.2	LOC113268656	LOC113268656	full-splice_match	YES	17.51	27.57	30.73
PB.19586.4	Protein_PB.19586.4	OLFML2B	OLFML2B	full-splice_match	YES	100.96	50.53	60.13
PB.19595.1	Protein_PB.19595.1	RGS5	RGS5	full-splice_match	YES	1736.08	1596.94	997.53
PB.19595.3	Protein_PB.19595.3	RGS5	RGS5	novel_not_in_catalog	YES	121.08	25.33	89.1
PB.19598.1		novelGene_2308	novelGene_2308	intergenic	NO	12.67	17.35	9.7
PB.19600.1	Protein_PB.19600.1	RXRG	RXRG	full-splice_match	YES	64.47	68.28	66.29
PB.19600.2	Protein_PB.19600.2	RXRG	RXRG	full-splice_match	YES	91.52	107.87	167.51
PB.19600.3	Protein_PB.19600.3	RXRG	RXRG	full-splice_match	YES	95.69	60.63	60.53
PB.19600.4	Protein_PB.19600.4	RXRG	RXRG	novel_in_catalog	YES	40.67	61.42	103.69
PB.19602.3	Protein_PB.19602.3	LOC113268691	LOC113268691	full-splice_match	YES	73.02	140.73	48.01
PB.19603.1	Protein_PB.19603.1	ALDH9A1	ALDH9A1	full-splice_match	YES	22.4	43.95	31.74
PB.19603.10	Protein_PB.19603.10	ALDH9A1	ALDH9A1	novel_not_in_catalog	YES	37.04	34.41	47.63
PB.19603.2	Protein_PB.19603.2	ALDH9A1	ALDH9A1	novel_in_catalog	YES	83.19	58.31	59.26
PB.19603.3	Protein_PB.19603.3	ALDH9A1	ALDH9A1	novel_not_in_catalog	YES	190.75	166.45	117.84
PB.19603.7	Protein_PB.19603.7	ALDH9A1	ALDH9A1	novel_not_in_catalog	YES	101.37	142.49	111.64
PB.19604.1	Protein_PB.19604.1	TMCO1	TMCO1	full-splice_match	YES	183.74	162.61	200.89
PB.19607.1	Protein_PB.19607.1	BROX	BROX	full-splice_match	YES	97.83	139.22	136.84
PB.19607.14	Protein_PB.19607.14	BROX	BROX	full-splice_match	YES	143.49	142.71	140.9
PB.19607.15	Protein_PB.19607.15	BROX	BROX	novel_not_in_catalog	YES	5.58	19.51	11.33
PB.19607.17	Protein_PB.19607.17	BROX	BROX	novel_not_in_catalog	YES	97.06	105.05	84.67
PB.19607.6	Protein_PB.19607.6	BROX	BROX	novel_not_in_catalog	YES	103.38	110.45	140.69
PB.19608.15	Protein_PB.19608.15	MIA3	MIA3	incomplete-splice_match	YES	219.37	285.86	159.91
PB.19608.16	Protein_PB.19608.16	MIA3	MIA3	incomplete-splice_match	YES	12.91	18.33	31.75
PB.19608.17	Protein_PB.19608.17	MIA3	MIA3	incomplete-splice_match	YES	50.61	54.08	66.17
PB.19608.3	Protein_PB.19608.3	MIA3	MIA3	full-splice_match	YES	50.95	49.0	71.11
PB.19608.5	Protein_PB.19608.5	MIA3	MIA3	novel_in_catalog	YES	74.9	52.13	59.93
PB.19608.7	Protein_PB.19608.7	MIA3	MIA3	full-splice_match	YES	244.93	291.26	219.9
PB.19608.9	Protein_PB.19608.9	MIA3	MIA3	novel_in_catalog	YES	87.22	10.0	64.35
PB.19616.1	Protein_PB.19616.1	HLX	HLX	full-splice_match	YES	29.63	24.13	28.01
PB.19618.1	Protein_PB.19618.1	MARC1	MARC1	full-splice_match	YES	24.35	34.36	29.11
PB.19618.2	Protein_PB.19618.2	MARC1	MARC1	full-splice_match	YES	379.78	463.24	230.61
PB.19619.1	Protein_PB.19619.1	LOC113268718	LOC113268718	full-splice_match	YES	103.76	144.54	48.52
PB.19619.2	Protein_PB.19619.2	LOC113268718	LOC113268718	full-splice_match	YES	24.23	12.84	10.24
PB.19619.3	Protein_PB.19619.3	LOC113268718	LOC113268718	full-splice_match	YES	52.3	60.33	48.35
PB.19619.4	Protein_PB.19619.4	LOC113268718	LOC113268718	novel_not_in_catalog	YES	285.27	262.48	194.3
PB.19620.1	Protein_PB.19620.1	CUNH1orf115	CUNH1orf115	full-splice_match	YES	133.84	93.41	94.26
PB.19620.3		CUNH1orf115	CUNH1orf115	novel_not_in_catalog	NO	71.57	64.08	51.92
PB.19621.1	Protein_PB.19621.1	MARK1	MARK1	full-splice_match	YES	22.64	15.44	20.5
PB.19622.1	Protein_PB.19622.1	IARS2	IARS2	full-splice_match	YES	83.17	77.42	54.28
PB.19622.2	Protein_PB.19622.2	IARS2	IARS2	novel_not_in_catalog	YES	1188.63	1392.66	1275.31
PB.19622.5	Protein_PB.19622.5	IARS2	IARS2	incomplete-splice_match	YES	288.03	335.31	284.33
PB.19623.6	Protein_PB.19623.6	LYPLAL1	LYPLAL1	full-splice_match	YES	16.08	25.68	14.98
PB.19625.1	Protein_PB.19625.1	TGFB2	TGFB2	full-splice_match	YES	42.36	50.28	33.87
PB.19625.2	Protein_PB.19625.2	TGFB2	TGFB2	full-splice_match	YES	98.27	84.37	82.21
PB.19625.4	Protein_PB.19625.4	TGFB2	TGFB2	incomplete-splice_match	YES	25.78	23.57	20.12
PB.19626.1	Protein_PB.19626.1	RRP15	RRP15	full-splice_match	YES	284.59	278.1	294.78
PB.19632.1	Protein_PB.19632.1	KCTD3	KCTD3	full-splice_match	YES	208.64	197.27	181.71
PB.19632.2	Protein_PB.19632.2	KCTD3	KCTD3	full-splice_match	YES	61.12	14.31	34.75
PB.1964.9	Protein_PB.1964.9	PQLC3	PQLC3	full-splice_match	YES	21.38	13.13	15.09
PB.19644.10	Protein_PB.19644.10	UCHL5	UCHL5	novel_not_in_catalog	YES	26.48	17.83	19.96
PB.19644.11	Protein_PB.19644.11	UCHL5	UCHL5	incomplete-splice_match	YES	58.51	81.47	94.08
PB.19644.12	Protein_PB.19644.12	UCHL5	UCHL5	incomplete-splice_match	YES	81.89	87.24	82.51
PB.19644.2	Protein_PB.19644.2	UCHL5	UCHL5	full-splice_match	YES	1.79	8.43	20.77
PB.19644.4	Protein_PB.19644.4	UCHL5	UCHL5	full-splice_match	YES	120.47	131.32	196.08
PB.19644.5	Protein_PB.19644.5	UCHL5	UCHL5	novel_not_in_catalog	YES	69.17	95.66	74.94
PB.19645.3	Protein_PB.19645.3	GLRX2	GLRX2	full-splice_match	YES	12.0	18.07	7.53
PB.19645.4	Protein_PB.19645.4	GLRX2	GLRX2	full-splice_match	YES	42.07	42.93	40.37
PB.19651.1	Protein_PB.19651.1	NOG	NOG	full-splice_match	YES	3.51	9.37	20.52
PB.19652.1	Protein_PB.19652.1	DGKE	DGKE	full-splice_match	YES	162.69	158.28	241.14
PB.19653.2	Protein_PB.19653.2	SCPEP1	SCPEP1	novel_not_in_catalog	YES	22.0	6.09	24.65
PB.19653.5	Protein_PB.19653.5	SCPEP1	SCPEP1	full-splice_match	YES	87.03	64.19	39.08
PB.19654.2	Protein_PB.19654.2	AKAP1	AKAP1	full-splice_match	YES	859.46	1419.53	833.56
PB.19654.3	Protein_PB.19654.3	AKAP1	AKAP1	novel_not_in_catalog	YES	31.89	26.11	31.02
PB.19654.4	Protein_PB.19654.4	AKAP1	AKAP1	incomplete-splice_match	YES	1108.07	1228.25	1011.48
PB.19655.1	Protein_PB.19655.1	MSI2	MSI2	full-splice_match	YES	633.61	725.41	783.06
PB.19655.2	Protein_PB.19655.2	MSI2	MSI2	full-splice_match	YES	34.03	132.48	156.47
PB.19655.3	Protein_PB.19655.3	MSI2	MSI2	full-splice_match	YES	255.21	128.77	104.89
PB.19657.1	Protein_PB.19657.1	novelGene_CUEDC1_AS	novelGene_CUEDC1_AS	antisense	YES	46.65	11.57	9.52
PB.1966.1	Protein_PB.1966.1	LOC113269962	LOC113269962	novel_not_in_catalog	YES	18.89	14.51	11.27
PB.1966.2		LOC113269962	LOC113269962	novel_not_in_catalog	NO	35.76	49.04	4.77
PB.1966.3		LOC113269962	LOC113269962	novel_not_in_catalog	NO	50.73	70.2	49.76
PB.19660.2		DYNLL2	DYNLL2	full-splice_match	NO	607.9	519.31	625.89
PB.19660.3		DYNLL2	DYNLL2	incomplete-splice_match	NO	172.06	171.2	227.75
PB.19666.1	Protein_PB.19666.1	RAD51C	RAD51C	full-splice_match	YES	17.87	18.05	17.6
PB.19666.2	Protein_PB.19666.2	RAD51C	RAD51C	full-splice_match	YES	29.6	31.3	26.22
PB.19669.1	Protein_PB.19669.1	SMG8	SMG8	full-splice_match	YES	140.88	157.43	133.21
PB.19671.1	Protein_PB.19671.1	YPEL2	YPEL2	novel_not_in_catalog	YES	197.76	128.82	293.46
PB.19671.2	Protein_PB.19671.2	YPEL2	YPEL2	novel_not_in_catalog	YES	23.97	23.44	88.64
PB.19671.4		YPEL2	YPEL2	novel_not_in_catalog	NO	23.47	17.27	13.25
PB.19671.5		YPEL2	YPEL2	novel_not_in_catalog	NO	29.96	22.46	50.88
PB.19671.6		YPEL2	YPEL2	novel_not_in_catalog	NO	8.04	21.63	43.15
PB.19672.3	Protein_PB.19672.3	DHX40	DHX40	full-splice_match	YES	230.92	239.81	259.9
PB.19673.1	Protein_PB.19673.1	CLTC	CLTC	full-splice_match	YES	742.89	727.23	598.1
PB.19673.4	Protein_PB.19673.4	CLTC	CLTC	novel_in_catalog	YES	11.99	9.69	20.29
PB.19673.5	Protein_PB.19673.5	CLTC	CLTC	novel_not_in_catalog	YES	63.0	43.41	65.68
PB.19673.7	Protein_PB.19673.7	CLTC	CLTC	incomplete-splice_match	YES	292.14	274.91	274.53
PB.19674.1	Protein_PB.19674.1	VMP1	VMP1	full-splice_match	YES	18.75	17.94	17.96
PB.19674.2	Protein_PB.19674.2	VMP1	VMP1	novel_in_catalog	YES	30.67	29.35	48.24
PB.19674.3	Protein_PB.19674.3	VMP1	VMP1	novel_in_catalog	YES	31.1	28.62	14.16
PB.19674.4	Protein_PB.19674.4	VMP1	VMP1	novel_in_catalog	YES	23.29	23.69	23.39
PB.19674.5	Protein_PB.19674.5	VMP1	VMP1	incomplete-splice_match	YES	42.96	43.64	38.44
PB.19675.1	Protein_PB.19675.1	RPS6KB1	RPS6KB1	novel_not_in_catalog	YES	58.97	75.18	90.93
PB.19675.2	Protein_PB.19675.2	RPS6KB1	RPS6KB1	full-splice_match	YES	328.24	353.37	493.46
PB.19675.3	Protein_PB.19675.3	RPS6KB1	RPS6KB1	full-splice_match	YES	255.12	232.95	246.08
PB.19677.1	Protein_PB.19677.1	MED13	MED13	full-splice_match	YES	990.02	1013.92	1102.73
PB.19678.1	Protein_PB.19678.1	INTS2	INTS2	full-splice_match	YES	23.72	16.04	16.64
PB.19678.2	Protein_PB.19678.2	INTS2	INTS2	full-splice_match	YES	17.27	19.45	3.74
PB.19678.3	Protein_PB.19678.3	INTS2	INTS2	full-splice_match	YES	32.95	36.61	40.4
PB.19678.4	Protein_PB.19678.4	INTS2	INTS2	full-splice_match	YES	2.34	6.5	29.12
PB.1968.6	Protein_PB.1968.6	GREB1	GREB1	incomplete-splice_match	YES	23.17	11.05	17.65
PB.19681.1	Protein_PB.19681.1	APPBP2	APPBP2	full-splice_match	YES	155.02	63.93	101.67
PB.19681.2	Protein_PB.19681.2	APPBP2	APPBP2	novel_in_catalog	YES	26.46	37.44	36.42
PB.19681.4	Protein_PB.19681.4	APPBP2	APPBP2	novel_in_catalog	YES	79.42	81.88	69.21
PB.19681.5	Protein_PB.19681.5	APPBP2	APPBP2	incomplete-splice_match	YES	0.04	49.61	23.68
PB.19682.1	Protein_PB.19682.1	USP32	USP32	full-splice_match	YES	139.6	112.04	134.67
PB.19682.2	Protein_PB.19682.2	USP32	USP32	full-splice_match	YES	126.22	124.31	129.81
PB.19682.3	Protein_PB.19682.3	USP32	USP32	incomplete-splice_match	YES	114.91	130.79	111.25
PB.19683.5		ZNHIT3	ZNHIT3	novel_in_catalog	NO	29.47	37.81	36.88
PB.19684.1	Protein_PB.19684.1	PIGW	PIGW	full-splice_match	YES	17.9	15.44	22.62
PB.19684.4	Protein_PB.19684.4	PIGW	PIGW	full-splice_match	YES	12.55	14.78	27.6
PB.19685.1	Protein_PB.19685.1	GGNBP2	GGNBP2	full-splice_match	YES	83.17	104.28	71.83
PB.19685.3	Protein_PB.19685.3	GGNBP2	GGNBP2	full-splice_match	YES	62.53	55.74	68.98
PB.19685.5	Protein_PB.19685.5	GGNBP2	GGNBP2	incomplete-splice_match	YES	198.49	173.53	163.44
PB.19686.3	Protein_PB.19686.3	DHRS11	DHRS11	full-splice_match	YES	45.35	67.28	28.9
PB.19686.5	Protein_PB.19686.5	DHRS11	DHRS11	novel_not_in_catalog	YES	20.45	3.35	10.46
PB.19687.1	Protein_PB.19687.1	MRM1	MRM1	full-splice_match	YES	16.27	27.93	16.44
PB.19687.2	Protein_PB.19687.2	MRM1	MRM1	full-splice_match	YES	24.05	21.86	23.78
PB.1969.10	Protein_PB.1969.10	LPIN1	LPIN1	full-splice_match	YES	20.85	21.03	26.64
PB.1969.2	Protein_PB.1969.2	LPIN1	LPIN1	novel_not_in_catalog	YES	67.51	39.75	60.76
PB.1969.3	Protein_PB.1969.3	LPIN1	LPIN1	novel_not_in_catalog	YES	150.21	128.88	182.92
PB.1969.4	Protein_PB.1969.4	LPIN1	LPIN1	novel_not_in_catalog	YES	33.31	52.62	81.92
PB.1969.5	Protein_PB.1969.5	LPIN1	LPIN1	novel_not_in_catalog	YES	225.0	231.41	285.57
PB.1969.8	Protein_PB.1969.8	LPIN1	LPIN1	full-splice_match	YES	56.51	68.99	57.03
PB.19690.3	Protein_PB.19690.3	AATF	AATF	full-splice_match	YES	99.12	105.8	115.68
PB.19692.5	Protein_PB.19692.5	TADA2A	TADA2A	full-splice_match	YES	79.09	80.31	74.2
PB.19693.1	Protein_PB.19693.1	DUSP14	DUSP14	full-splice_match	YES	16.88	11.43	13.5
PB.19696.1		LOC113268946	LOC113268946	full-splice_match	NO	26.0	30.11	24.97
PB.19699.1	Protein_PB.19699.1	LOC113268942	LOC113268942	full-splice_match	YES	19.54	18.3	40.28
PB.19703.2	Protein_PB.19703.2	MMP28	MMP28	full-splice_match	YES	16.11	17.87	11.06
PB.19706.1	Protein_PB.19706.1	PEX12	PEX12	full-splice_match	YES	28.7	29.78	30.48
PB.19709.4	Protein_PB.19709.4	NLE1	NLE1	full-splice_match	YES	31.81	25.03	32.91
PB.1971.1	Protein_PB.1971.1	TRIB2	TRIB2	full-splice_match	YES	66.3	63.62	49.84
PB.19711.1	Protein_PB.19711.1	RFFL	RFFL	novel_not_in_catalog	YES	37.93	42.3	21.23
PB.19711.5	Protein_PB.19711.5	RFFL	RFFL	novel_in_catalog	YES	38.43	37.57	47.71
PB.19713.1	Protein_PB.19713.1	CCT6B	CCT6B	full-splice_match	YES	6.14	7.77	16.83
PB.19716.2	Protein_PB.19716.2	MYO1D	MYO1D	full-splice_match	YES	222.48	111.75	165.02
PB.19717.1	Protein_PB.19717.1	CUNH17orf75	CUNH17orf75	full-splice_match	YES	80.42	92.43	40.02
PB.19717.8	Protein_PB.19717.8	CUNH17orf75	CUNH17orf75	novel_not_in_catalog	YES	30.33	11.53	14.52
PB.19718.2	Protein_PB.19718.2	TEFM	TEFM	full-splice_match	YES	188.95	241.51	134.04
PB.19719.2	Protein_PB.19719.2	CRLF3	CRLF3	novel_in_catalog	YES	44.11	14.07	9.5
PB.19719.3	Protein_PB.19719.3	CRLF3	CRLF3	novel_not_in_catalog	YES	9.93	11.15	17.15
PB.19719.4	Protein_PB.19719.4	CRLF3	CRLF3	full-splice_match	YES	85.42	143.5	90.44
PB.19720.1	Protein_PB.19720.1	UTP6	UTP6	novel_in_catalog	YES	18.22	6.26	21.51
PB.19720.2	Protein_PB.19720.2	UTP6	UTP6	novel_not_in_catalog	YES	17.67	36.73	26.76
PB.19720.4	Protein_PB.19720.4	UTP6	UTP6	novel_not_in_catalog	YES	69.21	52.43	44.51
PB.19721.1	Protein_PB.19721.1	COPRS	COPRS	full-splice_match	YES	43.75	50.12	53.34
PB.19726.3	Protein_PB.19726.3	WSB1	WSB1	full-splice_match	YES	33.95	24.76	45.74
PB.19728.10	Protein_PB.19728.10	KSR1	KSR1	novel_not_in_catalog	YES	17.17	17.86	14.02
PB.19728.11	Protein_PB.19728.11	KSR1	KSR1	novel_not_in_catalog	YES	2.76	25.33	42.58
PB.19728.5	Protein_PB.19728.5	KSR1	KSR1	full-splice_match	YES	51.3	24.5	44.23
PB.19728.8	Protein_PB.19728.8	KSR1	KSR1	novel_not_in_catalog	YES	24.19	18.58	47.8
PB.19728.9	Protein_PB.19728.9	KSR1	KSR1	novel_not_in_catalog	YES	114.87	67.94	129.5
PB.19729.2	Protein_PB.19729.2	LGALS9	LGALS9	full-splice_match	YES	27.37	22.08	28.15
PB.19733.1	Protein_PB.19733.1	NLK	NLK	full-splice_match	YES	67.16	69.88	66.73
PB.19734.1	Protein_PB.19734.1	TMEM97	TMEM97	full-splice_match	YES	47.0	40.8	43.17
PB.19735.5	Protein_PB.19735.5	TNFAIP1	TNFAIP1	full-splice_match	YES	246.34	199.89	184.16
PB.19736.3	Protein_PB.19736.3	TMEM199	TMEM199	novel_in_catalog	YES	41.77	50.42	55.75
PB.19736.4	Protein_PB.19736.4	TMEM199	TMEM199	incomplete-splice_match	YES	21.11	4.82	8.52
PB.19736.9	Protein_PB.19736.9	TMEM199	TMEM199	incomplete-splice_match	YES	22.11	21.89	19.96
PB.1974.3	Protein_PB.1974.3	DDX1	DDX1	full-splice_match	YES	1070.56	1142.45	951.38
PB.1974.9	Protein_PB.1974.9	DDX1	DDX1	incomplete-splice_match	YES	53.69	77.2	95.18
PB.19741.3	Protein_PB.19741.3	SUPT6H	SUPT6H	incomplete-splice_match	YES	68.75	42.38	37.42
PB.19741.5	Protein_PB.19741.5	SUPT6H	SUPT6H	full-splice_match	YES	163.68	118.89	185.13
PB.19741.7	Protein_PB.19741.7	SUPT6H	SUPT6H	incomplete-splice_match	YES	77.8	50.49	47.49
PB.19742.1	Protein_PB.19742.1	RPL23A	RPL23A	full-splice_match	YES	4911.01	4916.22	7355.74
PB.19744.2	Protein_PB.19744.2	TRAF4	TRAF4	full-splice_match	YES	34.16	33.45	33.77
PB.19746.14	Protein_PB.19746.14	ERAL1	ERAL1	novel_not_in_catalog	YES	40.6	37.23	20.23
PB.19746.6	Protein_PB.19746.6	ERAL1	ERAL1	full-splice_match	YES	162.59	218.76	159.8
PB.19755.1	Protein_PB.19755.1	TAOK1	TAOK1	full-splice_match	YES	469.84	373.05	434.62
PB.19755.2	Protein_PB.19755.2	TAOK1	TAOK1	full-splice_match	YES	221.64	296.65	342.48
PB.19761.1	Protein_PB.19761.1	NSRP1	NSRP1	novel_in_catalog	YES	34.14	16.53	100.43
PB.19761.3	Protein_PB.19761.3	NSRP1	NSRP1	full-splice_match	YES	18.89	18.01	20.53
PB.19761.4	Protein_PB.19761.4	NSRP1	NSRP1	full-splice_match	YES	12.91	19.74	28.75
PB.19761.5	Protein_PB.19761.5	NSRP1	NSRP1	full-splice_match	YES	66.41	71.02	20.94
PB.19763.1	Protein_PB.19763.1	CPD	CPD	full-splice_match	YES	677.33	550.98	661.53
PB.19763.2	Protein_PB.19763.2	CPD	CPD	incomplete-splice_match	YES	154.6	142.86	120.59
PB.19763.3	Protein_PB.19763.3	CPD	CPD	incomplete-splice_match	YES	46.09	58.31	29.0
PB.19764.1	Protein_PB.19764.1	GOSR1	GOSR1	novel_in_catalog	YES	11.06	15.41	18.26
PB.19764.2	Protein_PB.19764.2	GOSR1	GOSR1	full-splice_match	YES	125.9	114.1	106.94
PB.19764.6	Protein_PB.19764.6	GOSR1	GOSR1	full-splice_match	YES	58.34	53.3	78.13
PB.19766.3	Protein_PB.19766.3	ABR	ABR	full-splice_match	YES	97.81	99.93	90.6
PB.19766.4	Protein_PB.19766.4	ABR	ABR	full-splice_match	YES	110.29	79.96	89.19
PB.19768.1	Protein_PB.19768.1	NXN	NXN	full-splice_match	YES	1311.6	1147.3	1109.54
PB.19769.11	Protein_PB.19769.11	GLOD4	GLOD4	novel_in_catalog	YES	22.5	30.98	30.16
PB.19769.12	Protein_PB.19769.12	GLOD4	GLOD4	novel_not_in_catalog	YES	12.5	4.15	32.33
PB.19769.17	Protein_PB.19769.17	GLOD4	GLOD4	full-splice_match	YES	81.66	96.12	120.53
PB.19769.18	Protein_PB.19769.18	GLOD4	GLOD4	novel_in_catalog	YES	68.5	75.41	94.16
PB.19769.3	Protein_PB.19769.3	GLOD4	GLOD4	novel_not_in_catalog	YES	31.97	14.64	15.8
PB.19769.5	Protein_PB.19769.5	GLOD4	GLOD4	novel_not_in_catalog	YES	33.67	39.66	36.71
PB.19769.8	Protein_PB.19769.8	GLOD4	GLOD4	novel_not_in_catalog	YES	12.66	36.45	26.7
PB.19770.1	Protein_PB.19770.1	GEMIN4	GEMIN4	full-splice_match	YES	50.93	70.43	38.82
PB.19770.2	Protein_PB.19770.2	GEMIN4	GEMIN4	full-splice_match	YES	147.57	143.1	197.68
PB.19771.3	Protein_PB.19771.3	VPS53	VPS53	incomplete-splice_match	YES	18.97	16.3	33.17
PB.19771.4	Protein_PB.19771.4	VPS53	VPS53	incomplete-splice_match	YES	132.62	124.91	125.89
PB.19772.1	Protein_PB.19772.1	RFLNB	RFLNB	full-splice_match	YES	226.55	124.57	143.22
PB.19775.1	Protein_PB.19775.1	DOC2B	DOC2B	full-splice_match	YES	24.39	9.06	16.93
PB.19778.4	Protein_PB.19778.4	WDR81	WDR81	full-splice_match	YES	78.56	74.64	57.87
PB.19780.1	Protein_PB.19780.1	SERPINF1	SERPINF1	full-splice_match	YES	237.94	110.68	85.73
PB.19780.4	Protein_PB.19780.4	SERPINF1	SERPINF1	full-splice_match	YES	41.11	37.13	12.66
PB.19781.1	Protein_PB.19781.1	RPA1	RPA1	full-splice_match	YES	49.6	48.01	51.3
PB.19781.2	Protein_PB.19781.2	RPA1	RPA1	full-splice_match	YES	418.94	379.33	510.2
PB.19781.3	Protein_PB.19781.3	RPA1	RPA1	novel_not_in_catalog	YES	87.17	118.93	54.92
PB.19781.4	Protein_PB.19781.4	RPA1	RPA1	novel_not_in_catalog	YES	255.05	361.79	291.37
PB.19781.7	Protein_PB.19781.7	RPA1	RPA1	novel_in_catalog	YES	16.27	22.36	19.01
PB.19782.1	Protein_PB.19782.1	DPH1	DPH1	novel_not_in_catalog	YES	15.19	10.8	16.78
PB.19782.2	Protein_PB.19782.2	DPH1	DPH1	novel_not_in_catalog	YES	4.87	4.6	20.33
PB.19782.5	Protein_PB.19782.5	DPH1	DPH1	full-splice_match	YES	33.94	35.06	30.65
PB.19783.1	Protein_PB.19783.1	HIC1	HIC1	full-splice_match	YES	73.11	44.09	43.34
PB.19786.1	Protein_PB.19786.1	SRR	SRR	full-splice_match	YES	28.58	31.59	25.36
PB.19787.4	Protein_PB.19787.4	SGSM2	SGSM2	full-splice_match	YES	20.86	13.31	16.05
PB.19789.1	Protein_PB.19789.1	PAFAH1B1	PAFAH1B1	novel_not_in_catalog	YES	192.2	157.76	160.92
PB.19789.10	Protein_PB.19789.10	PAFAH1B1	PAFAH1B1	novel_in_catalog	YES	39.95	63.07	29.54
PB.19789.11	Protein_PB.19789.11	PAFAH1B1	PAFAH1B1	novel_not_in_catalog	YES	33.62	35.76	34.59
PB.19789.12	Protein_PB.19789.12	PAFAH1B1	PAFAH1B1	incomplete-splice_match	YES	228.16	211.76	316.92
PB.19789.2	Protein_PB.19789.2	PAFAH1B1	PAFAH1B1	novel_not_in_catalog	YES	70.04	83.71	58.37
PB.19789.8	Protein_PB.19789.8	PAFAH1B1	PAFAH1B1	novel_not_in_catalog	YES	37.53	41.92	59.6
PB.19789.9	Protein_PB.19789.9	PAFAH1B1	PAFAH1B1	full-splice_match	YES	258.83	259.59	249.09
PB.1979.1	Protein_PB.1979.1	KCNS3	KCNS3	full-splice_match	YES	51.76	30.69	7.04
PB.1979.3	Protein_PB.1979.3	KCNS3	KCNS3	full-splice_match	YES	36.08	21.37	37.05
PB.19790.2	Protein_PB.19790.2	RAP1GAP2	RAP1GAP2	full-splice_match	YES	44.59	73.72	52.81
PB.19798.1	Protein_PB.19798.1	ASPA	ASPA	novel_not_in_catalog	YES	43.72	33.84	18.11
PB.19798.2	Protein_PB.19798.2	ASPA	ASPA	full-splice_match	YES	14.31	11.33	20.56
PB.198.5	Protein_PB.198.5	ARL13B	ARL13B	full-splice_match	YES	19.68	19.8	16.68
PB.198.6	Protein_PB.198.6	ARL13B	ARL13B	incomplete-splice_match	YES	18.68	18.51	23.69
PB.19800.1	Protein_PB.19800.1	EMC6	EMC6	full-splice_match	YES	90.01	102.44	80.02
PB.19800.2	Protein_PB.19800.2	EMC6	EMC6	full-splice_match	YES	298.01	341.75	204.75
PB.19801.1		LOC113269160	LOC113269160	full-splice_match	NO	51.66	53.59	60.86
PB.19806.1	Protein_PB.19806.1	TRIM25	TRIM25	full-splice_match	YES	82.28	48.1	62.91
PB.19807.1	Protein_PB.19807.1	COIL	COIL	full-splice_match	YES	23.95	16.54	6.45
PB.19807.2	Protein_PB.19807.2	COIL	COIL	full-splice_match	YES	39.68	50.58	52.58
PB.19809.1	Protein_PB.19809.1	LOC113268851	LOC113268851	full-splice_match	YES	33.95	32.34	30.72
PB.19813.2	Protein_PB.19813.2	MRPS23	MRPS23	full-splice_match	YES	99.25	83.63	56.38
PB.19813.3		MRPS23	MRPS23	novel_in_catalog	NO	27.95	29.04	53.6
PB.19814.1	Protein_PB.19814.1	CUEDC1	CUEDC1	full-splice_match	YES	1515.5	1690.01	1001.06
PB.19815.1	Protein_PB.19815.1	VEZF1	VEZF1	full-splice_match	YES	372.39	375.52	366.02
PB.19815.2	Protein_PB.19815.2	VEZF1	VEZF1	full-splice_match	YES	54.27	36.18	32.43
PB.19816.12	Protein_PB.19816.12	SRSF1	SRSF1	full-splice_match	YES	35.31	38.91	48.63
PB.19816.13	Protein_PB.19816.13	SRSF1	SRSF1	novel_not_in_catalog	YES	9.71	4.52	30.0
PB.19816.15	Protein_PB.19816.15	SRSF1	SRSF1	full-splice_match	YES	288.86	267.15	210.75
PB.19816.16	Protein_PB.19816.16	SRSF1	SRSF1	novel_not_in_catalog	YES	22.84	32.64	16.63
PB.19816.23	Protein_PB.19816.23	SRSF1	SRSF1	novel_not_in_catalog	YES	32.18	25.54	57.7
PB.19816.24	Protein_PB.19816.24	SRSF1	SRSF1	novel_not_in_catalog	YES	19.77	11.15	14.21
PB.19816.9	Protein_PB.19816.9	SRSF1	SRSF1	novel_not_in_catalog	YES	18.62	7.96	14.58
PB.19821.2	Protein_PB.19821.2	TSPOAP1	TSPOAP1	full-splice_match	YES	67.57	54.37	81.68
PB.19822.1	Protein_PB.19822.1	SUPT4H1	SUPT4H1	full-splice_match	YES	152.76	179.97	165.07
PB.19825.4	Protein_PB.19825.4	MTMR4	MTMR4	full-splice_match	YES	132.93	99.03	124.71
PB.19825.9	Protein_PB.19825.9	MTMR4	MTMR4	novel_not_in_catalog	YES	9.81	31.83	5.74
PB.19826.1	Protein_PB.19826.1	SEPT4	SEPT4	full-splice_match	YES	31.26	17.68	27.12
PB.19826.5	Protein_PB.19826.5	SEPT4	SEPT4	full-splice_match	YES	73.03	50.89	69.45
PB.19826.6	Protein_PB.19826.6	SEPT4	SEPT4	full-splice_match	YES	59.58	35.57	43.52
PB.19829.1		LOC113269200	LOC113269200	full-splice_match	NO	1375.06	1575.49	1192.93
PB.19832.1		LOC113269201	LOC113269201	full-splice_match	NO	34.79	42.52	26.81
PB.19833.1		novelGene_2324	novelGene_2324	intergenic	NO	46.0	67.4	45.72
PB.19834.1		novelGene_2325	novelGene_2325	intergenic	NO	151.06	191.45	108.15
PB.19835.1		novelGene_2326	novelGene_2326	intergenic	NO	72.07	96.48	77.98
PB.19836.2	Protein_PB.19836.2	TRIM37	TRIM37	full-splice_match	YES	15.89	26.95	33.53
PB.19836.6	Protein_PB.19836.6	TRIM37	TRIM37	full-splice_match	YES	18.83	30.61	30.85
PB.19837.1	Protein_PB.19837.1	SKA2	SKA2	full-splice_match	YES	68.09	72.56	53.01
PB.19841.1	Protein_PB.19841.1	novelGene_CLTC_AS	novelGene_CLTC_AS	antisense	YES	5.9	8.29	18.82
PB.19842.8	Protein_PB.19842.8	PTRH2	PTRH2	novel_in_catalog	YES	25.92	21.89	21.71
PB.19845.2	Protein_PB.19845.2	RNFT1	RNFT1	novel_in_catalog	YES	72.31	56.36	32.99
PB.19845.3	Protein_PB.19845.3	RNFT1	RNFT1	novel_in_catalog	YES	20.09	7.97	19.35
PB.19845.9	Protein_PB.19845.9	RNFT1	RNFT1	novel_not_in_catalog	YES	46.05	66.15	42.3
PB.19847.1	Protein_PB.19847.1	TBX2	TBX2	full-splice_match	YES	26.28	23.56	22.92
PB.19848.1	Protein_PB.19848.1	BCAS3	BCAS3	full-splice_match	YES	33.19	60.02	51.49
PB.19848.13	Protein_PB.19848.13	BCAS3	BCAS3	novel_not_in_catalog	YES	26.39	41.0	18.29
PB.19848.15	Protein_PB.19848.15	BCAS3	BCAS3	novel_in_catalog	YES	22.87	19.94	16.19
PB.19848.6	Protein_PB.19848.6	BCAS3	BCAS3	full-splice_match	YES	45.89	68.62	43.41
PB.19848.7	Protein_PB.19848.7	BCAS3	BCAS3	novel_not_in_catalog	YES	15.98	0.0	24.56
PB.19848.9	Protein_PB.19848.9	BCAS3	BCAS3	full-splice_match	YES	10.72	3.2	32.47
PB.19849.1	Protein_PB.19849.1	PPM1D	PPM1D	full-splice_match	YES	30.87	32.83	34.23
PB.19849.3	Protein_PB.19849.3	PPM1D	PPM1D	full-splice_match	YES	61.66	48.49	40.97
PB.1985.1	Protein_PB.1985.1	RHOB	RHOB	full-splice_match	YES	247.31	205.47	290.33
PB.19852.2	Protein_PB.19852.2	CA4	CA4	full-splice_match	YES	33.14	33.21	34.02
PB.19855.1		LOC113268919	LOC113268919	full-splice_match	NO	45.77	32.9	41.28
PB.19861.2	Protein_PB.19861.2	SYNRG	SYNRG	full-splice_match	YES	45.21	73.99	41.34
PB.19861.3	Protein_PB.19861.3	SYNRG	SYNRG	full-splice_match	YES	163.75	169.68	189.11
PB.19861.4	Protein_PB.19861.4	SYNRG	SYNRG	full-splice_match	YES	37.87	26.74	19.24
PB.19861.6	Protein_PB.19861.6	SYNRG	SYNRG	full-splice_match	YES	165.06	160.4	189.25
PB.19862.10	Protein_PB.19862.10	DDX52	DDX52	incomplete-splice_match	YES	57.16	48.48	39.88
PB.19862.3	Protein_PB.19862.3	DDX52	DDX52	incomplete-splice_match	YES	97.21	123.39	101.12
PB.19864.2	Protein_PB.19864.2	HEATR6	HEATR6	full-splice_match	YES	132.22	114.01	94.09
PB.19869.2	Protein_PB.19869.2	TAF15	TAF15	novel_not_in_catalog	YES	52.88	40.32	36.42
PB.19871.1	Protein_PB.19871.1	RASL10B	RASL10B	full-splice_match	YES	55.41	102.32	71.71
PB.19872.1	Protein_PB.19872.1	AP2B1	AP2B1	full-splice_match	YES	64.67	42.7	68.31
PB.19872.12	Protein_PB.19872.12	AP2B1	AP2B1	full-splice_match	YES	19.09	11.52	30.64
PB.19872.3	Protein_PB.19872.3	AP2B1	AP2B1	novel_not_in_catalog	YES	183.26	142.8	215.2
PB.19872.4	Protein_PB.19872.4	AP2B1	AP2B1	novel_not_in_catalog	YES	281.68	266.61	358.2
PB.19872.7	Protein_PB.19872.7	AP2B1	AP2B1	incomplete-splice_match	YES	23.56	18.28	36.74
PB.19875.1	Protein_PB.19875.1	LOC113268965	LOC113268965	full-splice_match	YES	32.42	22.0	26.99
PB.19876.1	Protein_PB.19876.1	UNC45B	UNC45B	novel_not_in_catalog	YES	43.58	75.04	116.02
PB.19876.2	Protein_PB.19876.2	UNC45B	UNC45B	novel_not_in_catalog	YES	2111.51	2119.08	1997.48
PB.19876.3	Protein_PB.19876.3	UNC45B	UNC45B	novel_not_in_catalog	YES	359.46	421.33	389.57
PB.19878.1	Protein_PB.19878.1	LIG3	LIG3	full-splice_match	YES	222.94	211.07	201.16
PB.19878.3	Protein_PB.19878.3	LIG3	LIG3	novel_in_catalog	YES	47.46	50.67	60.58
PB.19878.5	Protein_PB.19878.5	LIG3	LIG3	novel_in_catalog	YES	14.93	29.3	20.05
PB.19879.1	Protein_PB.19879.1	ZNF830	ZNF830	full-splice_match	YES	26.0	25.5	21.7
PB.19879.2	Protein_PB.19879.2	ZNF830	ZNF830	full-splice_match	YES	88.46	80.79	75.16
PB.19891.1	Protein_PB.19891.1	CDK5R1	CDK5R1	full-splice_match	YES	5.17	6.76	22.25
PB.19892.2	Protein_PB.19892.2	PSMD11	PSMD11	full-splice_match	YES	553.53	610.62	640.18
PB.19892.3	Protein_PB.19892.3	PSMD11	PSMD11	full-splice_match	YES	35.55	42.38	37.96
PB.19892.4	Protein_PB.19892.4	PSMD11	PSMD11	full-splice_match	YES	27.16	20.32	33.67
PB.19893.1	Protein_PB.19893.1	ZNF207	ZNF207	full-splice_match	YES	21.57	42.54	45.34
PB.19893.2	Protein_PB.19893.2	ZNF207	ZNF207	full-splice_match	YES	34.21	4.78	15.09
PB.19893.3	Protein_PB.19893.3	ZNF207	ZNF207	full-splice_match	YES	285.33	232.14	261.47
PB.19893.4	Protein_PB.19893.4	ZNF207	ZNF207	full-splice_match	YES	138.53	230.0	162.1
PB.19893.7	Protein_PB.19893.7	ZNF207	ZNF207	novel_in_catalog	YES	78.75	40.07	20.86
PB.19895.3	Protein_PB.19895.3	RHOT1	RHOT1	full-splice_match	YES	204.06	238.33	222.61
PB.19895.6	Protein_PB.19895.6	RHOT1	RHOT1	novel_not_in_catalog	YES	159.32	165.98	178.83
PB.19896.1	Protein_PB.19896.1	RNF135	RNF135	full-splice_match	YES	41.56	38.72	29.17
PB.19897.1	Protein_PB.19897.1	ADAP2	ADAP2	full-splice_match	YES	26.56	19.81	45.48
PB.19897.2	Protein_PB.19897.2	ADAP2	ADAP2	full-splice_match	YES	30.96	32.95	10.3
PB.19900.1	Protein_PB.19900.1	SUZ12	SUZ12	full-splice_match	YES	76.28	89.15	93.86
PB.19905.1	Protein_PB.19905.1	NF1	NF1	full-splice_match	YES	56.55	151.32	66.07
PB.19905.2	Protein_PB.19905.2	NF1	NF1	full-splice_match	YES	106.26	58.29	210.19
PB.19905.3	Protein_PB.19905.3	NF1	NF1	full-splice_match	YES	71.17	91.48	2.18
PB.19905.4	Protein_PB.19905.4	NF1	NF1	full-splice_match	YES	178.59	113.59	132.2
PB.19907.7	Protein_PB.19907.7	LYRM9	LYRM9	full-splice_match	YES	63.18	78.69	42.98
PB.19909.2	Protein_PB.19909.2	IFT20	IFT20	full-splice_match	YES	126.4	131.92	94.39
PB.19910.1	Protein_PB.19910.1	POLDIP2	POLDIP2	full-splice_match	YES	880.93	1073.82	824.28
PB.19910.6	Protein_PB.19910.6	POLDIP2	POLDIP2	novel_in_catalog	YES	21.74	22.31	19.43
PB.19910.9	Protein_PB.19910.9	POLDIP2	POLDIP2	novel_in_catalog	YES	284.16	313.87	312.07
PB.19911.12	Protein_PB.19911.12	VTN	VTN	novel_in_catalog	YES	20.25	6.08	5.76
PB.19911.16	Protein_PB.19911.16	VTN	VTN	novel_in_catalog	YES	17.53	6.08	5.56
PB.19911.8	Protein_PB.19911.8	VTN	VTN	novel_not_in_catalog	YES	10.78	15.8	17.63
PB.19912.1	Protein_PB.19912.1	SLC46A1	SLC46A1	full-splice_match	YES	44.48	36.43	46.73
PB.19913.3	Protein_PB.19913.3	UNC119	UNC119	full-splice_match	YES	16.22	35.74	35.27
PB.19914.1	Protein_PB.19914.1	PIGS	PIGS	full-splice_match	YES	122.72	147.26	136.03
PB.19915.2	Protein_PB.19915.2	ALDOC	ALDOC	full-splice_match	YES	7.79	37.1	14.89
PB.19916.2	Protein_PB.19916.2	SPAG5	SPAG5	novel_not_in_catalog	YES	16.04	28.79	20.21
PB.19918.1	Protein_PB.19918.1	KIAA0100	KIAA0100	full-splice_match	YES	494.18	429.36	254.06
PB.19918.2	Protein_PB.19918.2	KIAA0100	KIAA0100	full-splice_match	YES	31.45	11.13	188.26
PB.19918.4	Protein_PB.19918.4	KIAA0100	KIAA0100	novel_in_catalog	YES	18.13	6.98	26.56
PB.19918.5	Protein_PB.19918.5	KIAA0100	KIAA0100	full-splice_match	YES	51.19	43.25	40.27
PB.19918.6	Protein_PB.19918.6	KIAA0100	KIAA0100	full-splice_match	YES	3.35	16.3	19.22
PB.19919.1	Protein_PB.19919.1	SDF2	SDF2	full-splice_match	YES	110.52	106.56	121.29
PB.19920.6	Protein_PB.19920.6	RAB34	RAB34	full-splice_match	YES	17.92	12.18	26.22
PB.19922.1	Protein_PB.19922.1	FAM222B	FAM222B	full-splice_match	YES	21.23	19.87	21.27
PB.19923.3	Protein_PB.19923.3	FLOT2	FLOT2	full-splice_match	YES	12.61	22.08	40.92
PB.19923.4	Protein_PB.19923.4	FLOT2	FLOT2	full-splice_match	YES	192.55	231.54	260.6
PB.19923.5	Protein_PB.19923.5	FLOT2	FLOT2	full-splice_match	YES	13.99	19.38	18.56
PB.19925.1	Protein_PB.19925.1	PHF12	PHF12	novel_in_catalog	YES	68.72	65.19	85.93
PB.19927.1		TIAF1	TIAF1	novel_in_catalog	NO	72.34	90.94	60.14
PB.19927.12	Protein_PB.19927.12	MYO18A	MYO18A	novel_not_in_catalog	YES	924.99	864.59	935.09
PB.19927.2	Protein_PB.19927.2	MYO18A	MYO18A	incomplete-splice_match	YES	777.3	704.54	795.38
PB.19927.3	Protein_PB.19927.3	MYO18A	MYO18A	full-splice_match	YES	1276.78	1164.99	1449.13
PB.19927.7	Protein_PB.19927.7	MYO18A	MYO18A	full-splice_match	YES	178.71	121.64	155.79
PB.19927.9	Protein_PB.19927.9	MYO18A	MYO18A	full-splice_match	YES	23.51	38.72	49.95
PB.19928.1	Protein_PB.19928.1	NUFIP2	NUFIP2	full-splice_match	YES	320.39	324.76	351.8
PB.19928.2	Protein_PB.19928.2	NUFIP2	NUFIP2	incomplete-splice_match	YES	79.41	76.4	79.4
PB.19935.3	Protein_PB.19935.3	GIT1	GIT1	full-splice_match	YES	53.13	51.63	62.98
PB.19936.1	Protein_PB.19936.1	CORO6	CORO6	full-splice_match	YES	93.52	124.73	105.07
PB.19936.2	Protein_PB.19936.2	CORO6	CORO6	full-splice_match	YES	1901.63	2433.61	1948.14
PB.19936.3	Protein_PB.19936.3	CORO6	CORO6	novel_not_in_catalog	YES	465.35	664.56	560.69
PB.19937.3	Protein_PB.19937.3	SSH2	SSH2	full-splice_match	YES	30.0	28.95	57.65
PB.19937.4	Protein_PB.19937.4	SSH2	SSH2	full-splice_match	YES	1192.03	1312.26	1360.62
PB.19937.5	Protein_PB.19937.5	SSH2	SSH2	incomplete-splice_match	YES	144.42	184.19	236.51
PB.1994.2	Protein_PB.1994.2	UBXN2A	UBXN2A	novel_in_catalog	YES	17.11	18.16	9.35
PB.1994.3	Protein_PB.1994.3	UBXN2A	UBXN2A	novel_in_catalog	YES	36.02	48.63	45.42
PB.1994.4	Protein_PB.1994.4	UBXN2A	UBXN2A	full-splice_match	YES	32.51	14.95	71.17
PB.1994.5	Protein_PB.1994.5	UBXN2A	UBXN2A	full-splice_match	YES	17.8	16.95	24.32
PB.1994.6	Protein_PB.1994.6	UBXN2A	UBXN2A	full-splice_match	YES	708.23	652.53	731.94
PB.1994.8	Protein_PB.1994.8	UBXN2A	UBXN2A	full-splice_match	YES	65.11	65.34	33.54
PB.19946.1	Protein_PB.19946.1	BLMH	BLMH	full-splice_match	YES	1079.55	1133.2	1017.8
PB.19946.4	Protein_PB.19946.4	BLMH	BLMH	novel_not_in_catalog	YES	5.45	1.99	17.76
PB.19951.1	Protein_PB.19951.1	TIMM22	TIMM22	full-splice_match	YES	84.45	94.03	60.62
PB.19951.3	Protein_PB.19951.3	TIMM22	TIMM22	novel_not_in_catalog	YES	17.38	16.96	32.16
PB.19952.2	Protein_PB.19952.2	MRM3	MRM3	full-splice_match	YES	93.76	113.34	75.92
PB.19954.3	Protein_PB.19954.3	FAM57A	FAM57A	full-splice_match	YES	22.64	9.05	20.98
PB.19958.2	Protein_PB.19958.2	YWHAE	YWHAE	novel_not_in_catalog	YES	915.49	922.38	961.43
PB.19958.6	Protein_PB.19958.6	YWHAE	YWHAE	novel_not_in_catalog	YES	434.93	403.46	446.98
PB.19958.7	Protein_PB.19958.7	YWHAE	YWHAE	novel_not_in_catalog	YES	12.25	25.0	32.79
PB.19958.9	Protein_PB.19958.9	YWHAE	YWHAE	novel_not_in_catalog	YES	892.51	857.7	940.82
PB.19959.1	Protein_PB.19959.1	CRK	CRK	full-splice_match	YES	293.08	292.21	283.39
PB.19959.2	Protein_PB.19959.2	CRK	CRK	full-splice_match	YES	32.9	34.36	27.94
PB.19960.1	Protein_PB.19960.1	MYO1C	MYO1C	full-splice_match	YES	176.72	258.67	423.74
PB.19960.2	Protein_PB.19960.2	MYO1C	MYO1C	full-splice_match	YES	366.75	294.37	218.04
PB.19960.3	Protein_PB.19960.3	MYO1C	MYO1C	full-splice_match	YES	126.41	80.54	84.65
PB.19961.6	Protein_PB.19961.6	INPP5K	INPP5K	full-splice_match	YES	142.04	164.47	202.25
PB.19962.1	Protein_PB.19962.1	PITPNA	PITPNA	novel_not_in_catalog	YES	21.26	26.84	26.51
PB.19962.2	Protein_PB.19962.2	PITPNA	PITPNA	full-splice_match	YES	146.16	139.93	120.65
PB.19963.1	Protein_PB.19963.1	SLC43A2	SLC43A2	full-splice_match	YES	18.45	29.78	26.86
PB.19963.3	Protein_PB.19963.3	SLC43A2	SLC43A2	full-splice_match	YES	56.37	41.38	48.68
PB.19963.4	Protein_PB.19963.4	SLC43A2	SLC43A2	novel_in_catalog	YES	21.46	25.58	25.47
PB.19965.1	Protein_PB.19965.1	SCARF1	SCARF1	novel_not_in_catalog	YES	27.06	22.05	27.83
PB.19965.2	Protein_PB.19965.2	SCARF1	SCARF1	incomplete-splice_match	YES	16.0	16.03	17.83
PB.19965.5	Protein_PB.19965.5	SCARF1	SCARF1	novel_not_in_catalog	YES	6.66	8.01	17.6
PB.19965.7	Protein_PB.19965.7	SCARF1	SCARF1	full-splice_match	YES	28.33	19.77	12.69
PB.19966.1	Protein_PB.19966.1	RILP	RILP	full-splice_match	YES	353.73	335.37	277.46
PB.19966.2	Protein_PB.19966.2	RILP	RILP	full-splice_match	YES	28.28	27.5	35.53
PB.19967.1	Protein_PB.19967.1	PRPF8	PRPF8	full-splice_match	YES	1119.25	1122.6	1347.6
PB.19967.2	Protein_PB.19967.2	PRPF8	PRPF8	full-splice_match	YES	353.09	544.58	436.35
PB.19967.3	Protein_PB.19967.3	PRPF8	PRPF8	novel_not_in_catalog	YES	52.95	32.21	23.41
PB.19967.6	Protein_PB.19967.6	PRPF8	PRPF8	novel_in_catalog	YES	20.75	23.24	8.34
PB.19967.7	Protein_PB.19967.7	PRPF8	PRPF8	novel_in_catalog	YES	608.84	442.92	518.86
PB.19969.1		LOC113269126	LOC113269126	full-splice_match	NO	27.23	18.07	26.1
PB.19970.2	Protein_PB.19970.2	SMYD4	SMYD4	full-splice_match	YES	313.28	264.37	216.4
PB.19970.3	Protein_PB.19970.3	SMYD4	SMYD4	incomplete-splice_match	YES	8.64	5.98	17.5
PB.19973.5	Protein_PB.19973.5	SMG6	SMG6	full-splice_match	YES	111.71	130.08	147.71
PB.19974.1	Protein_PB.19974.1	TSR1	TSR1	full-splice_match	YES	4.18	46.95	39.55
PB.19974.2	Protein_PB.19974.2	TSR1	TSR1	full-splice_match	YES	207.68	210.14	307.32
PB.19974.3	Protein_PB.19974.3	TSR1	TSR1	novel_in_catalog	YES	67.37	24.5	78.58
PB.19974.4	Protein_PB.19974.4	TSR1	TSR1	novel_in_catalog	YES	313.61	401.53	321.31
PB.19974.5	Protein_PB.19974.5	TSR1	TSR1	novel_not_in_catalog	YES	192.37	166.42	156.17
PB.19974.6	Protein_PB.19974.6	TSR1	TSR1	novel_in_catalog	YES	309.34	323.56	283.58
PB.19974.8	Protein_PB.19974.8	TSR1	TSR1	novel_not_in_catalog	YES	298.27	293.57	239.96
PB.19977.1	Protein_PB.19977.1	MNT	MNT	full-splice_match	YES	75.32	53.79	64.64
PB.19978.1	Protein_PB.19978.1	METTL16	METTL16	full-splice_match	YES	117.08	116.28	158.26
PB.19978.2	Protein_PB.19978.2	METTL16	METTL16	novel_not_in_catalog	YES	58.56	84.46	61.31
PB.19980.1	Protein_PB.19980.1	CLUH	CLUH	full-splice_match	YES	964.88	1008.08	835.66
PB.19980.2	Protein_PB.19980.2	CLUH	CLUH	full-splice_match	YES	260.54	274.53	219.46
PB.19980.3	Protein_PB.19980.3	CLUH	CLUH	novel_not_in_catalog	YES	151.49	121.01	77.66
PB.19980.4	Protein_PB.19980.4	CLUH	CLUH	novel_not_in_catalog	YES	158.57	190.12	155.29
PB.19997.1	Protein_PB.19997.1	SHPK	SHPK	full-splice_match	YES	20.96	15.66	23.4
PB.19998.2	Protein_PB.19998.2	TAX1BP3	TAX1BP3	full-splice_match	YES	112.49	80.81	88.6
PB.19999.1	Protein_PB.19999.1	P2RX5	P2RX5	full-splice_match	YES	20.22	20.62	35.46
PB.19999.2	Protein_PB.19999.2	P2RX5	P2RX5	full-splice_match	YES	116.39	148.83	106.25
PB.2.1		COX1	COX1	full-splice_match	NO	353819.15	374836.43	291203.1
PB.2.10		ATP6	ATP6	full-splice_match	NO	266584.37	263521.24	163700.23
PB.2.12		ND4	ND4	full-splice_match	NO	7556.77	7033.59	5707.71
PB.2.14		COX3	COX3	full-splice_match	NO	227726.17	235894.03	144621.29
PB.2.16		ND3	ND3	full-splice_match	NO	20935.6	19328.55	14063.78
PB.2.19		ND4L	ND4L	full-splice_match	NO	5256.53	4971.67	3242.92
PB.2.2		COX1	COX1	full-splice_match	NO	43130.16	44741.14	24533.1
PB.2.20		ND4L	ND4L	full-splice_match	NO	7730.75	7633.12	5110.5
PB.2.21		ND5	ND5	full-splice_match	NO	12632.75	12154.77	8999.94
PB.2.22		ND4	ND4	full-splice_match	NO	57759.36	55117.6	34354.99
PB.2.23		ND4	ND4	full-splice_match	NO	8287.71	7327.56	4018.48
PB.2.29		ND5	ND5	full-splice_match	NO	13740.5	12808.01	11685.69
PB.2.3		COX1	COX1	full-splice_match	NO	658854.8	717965.55	512367.51
PB.2.34		CYTB	CYTB	full-splice_match	NO	12721.37	10702.42	10922.46
PB.2.36		CYTB	CYTB	full-splice_match	NO	23067.45	22543.44	14590.53
PB.2.7		COX2	COX2	full-splice_match	NO	202113.49	218617.1	167175.12
PB.2000.1	Protein_PB.2000.1	NCOA1	NCOA1	full-splice_match	YES	136.81	178.83	250.8
PB.2000.10	Protein_PB.2000.10	NCOA1	NCOA1	full-splice_match	YES	53.36	24.36	12.0
PB.2000.13	Protein_PB.2000.13	NCOA1	NCOA1	incomplete-splice_match	YES	6.03	21.83	11.86
PB.2000.9	Protein_PB.2000.9	NCOA1	NCOA1	full-splice_match	YES	66.81	76.75	155.43
PB.20000.1	Protein_PB.20000.1	ITGAE	ITGAE	incomplete-splice_match	YES	140.26	160.63	169.55
PB.20000.4	Protein_PB.20000.4	NCBP3_ITGAE	NCBP3_ITGAE	full-splice_match	YES	16.1	40.21	33.09
PB.20000.5	Protein_PB.20000.5	NCBP3_ITGAE	NCBP3_ITGAE	full-splice_match	YES	158.59	134.4	187.2
PB.20003.3	Protein_PB.20003.3	ATP2A3	ATP2A3	novel_not_in_catalog	YES	25.42	15.75	14.44
PB.2001.2	Protein_PB.2001.2	CENPO	CENPO	novel_not_in_catalog	YES	17.99	12.84	20.13
PB.2002.3	Protein_PB.2002.3	EFR3B	EFR3B	full-splice_match	YES	37.04	57.92	38.02
PB.20042.2	Protein_PB.20042.2	TRIM68	TRIM68	full-splice_match	YES	3.45	17.49	4.38
PB.20042.3	Protein_PB.20042.3	TRIM68	TRIM68	full-splice_match	YES	128.63	102.01	72.22
PB.20042.4	Protein_PB.20042.4	TRIM68	TRIM68	full-splice_match	YES	17.27	23.68	11.34
PB.20045.1	Protein_PB.20045.1	TRIM21	TRIM21	full-splice_match	YES	58.93	48.46	37.98
PB.20050.1	Protein_PB.20050.1	RHOG	RHOG	full-splice_match	YES	26.02	20.74	24.11
PB.20051.1	Protein_PB.20051.1	NUP98	NUP98	novel_not_in_catalog	YES	43.09	46.57	20.85
PB.20051.11	Protein_PB.20051.11	NUP98	NUP98	incomplete-splice_match	YES	26.91	42.68	20.18
PB.20051.2	Protein_PB.20051.2	NUP98	NUP98	full-splice_match	YES	64.67	116.21	118.12
PB.20051.3	Protein_PB.20051.3	NUP98	NUP98	full-splice_match	YES	261.19	262.21	334.55
PB.20051.7	Protein_PB.20051.7	NUP98	NUP98	incomplete-splice_match	YES	170.95	180.25	154.92
PB.20051.8	Protein_PB.20051.8	NUP98	NUP98	incomplete-splice_match	YES	171.81	199.71	76.53
PB.20053.1	Protein_PB.20053.1	ART5	ART5	novel_not_in_catalog	YES	58.23	93.49	107.08
PB.20053.2	Protein_PB.20053.2	ART5	ART5	full-splice_match	YES	25.71	36.9	40.68
PB.20054.1	Protein_PB.20054.1	RNF121	RNF121	full-splice_match	YES	76.4	76.2	75.52
PB.20060.1	Protein_PB.20060.1	LOC113269263	LOC113269263	full-splice_match	YES	82.46	43.59	57.98
PB.20061.1	Protein_PB.20061.1	INPPL1	INPPL1	full-splice_match	YES	610.18	635.19	594.98
PB.20065.2	Protein_PB.20065.2	ATG16L2	ATG16L2	full-splice_match	YES	18.76	9.15	13.45
PB.20067.3	Protein_PB.20067.3	P2RY2	P2RY2	full-splice_match	YES	137.93	122.9	138.28
PB.20069.1	Protein_PB.20069.1	ARHGEF17	ARHGEF17	full-splice_match	YES	104.75	67.23	106.42
PB.2007.1	Protein_PB.2007.1	RAB10	RAB10	full-splice_match	YES	2202.26	2439.25	2165.61
PB.2007.5	Protein_PB.2007.5	RAB10	RAB10	novel_not_in_catalog	YES	77.6	69.29	89.99
PB.2007.6	Protein_PB.2007.6	RAB10	RAB10	novel_not_in_catalog	YES	27.48	21.19	16.32
PB.20070.2	Protein_PB.20070.2	RELT	RELT	novel_not_in_catalog	YES	40.35	18.8	49.73
PB.20070.3	Protein_PB.20070.3	RELT	RELT	novel_not_in_catalog	YES	86.18	92.13	53.06
PB.20071.9	Protein_PB.20071.9	PLEKHB1	PLEKHB1	incomplete-splice_match	YES	67.21	37.23	34.02
PB.20072.1	Protein_PB.20072.1	MRPL48	MRPL48	full-splice_match	YES	228.47	283.39	228.7
PB.20072.2	Protein_PB.20072.2	MRPL48	MRPL48	incomplete-splice_match	YES	229.54	264.57	170.95
PB.20076.3	Protein_PB.20076.3	PPME1	PPME1	full-splice_match	YES	90.81	100.59	93.33
PB.20077.5	Protein_PB.20077.5	POLD3	POLD3	full-splice_match	YES	26.84	26.49	34.66
PB.20079.1	Protein_PB.20079.1	RNF169	RNF169	full-splice_match	YES	133.01	130.65	128.85
PB.20080.1	Protein_PB.20080.1	SPCS2	SPCS2	full-splice_match	YES	285.29	317.75	367.33
PB.20080.2	Protein_PB.20080.2	SPCS2	SPCS2	novel_in_catalog	YES	16.41	18.8	12.79
PB.20081.1	Protein_PB.20081.1	NEU3	NEU3	novel_not_in_catalog	YES	57.55	89.14	162.49
PB.20081.3	Protein_PB.20081.3	NEU3	NEU3	novel_not_in_catalog	YES	35.43	78.96	67.28
PB.20081.4	Protein_PB.20081.4	NEU3	NEU3	full-splice_match	YES	63.12	67.3	87.92
PB.20081.5	Protein_PB.20081.5	NEU3	NEU3	novel_not_in_catalog	YES	68.55	72.88	93.35
PB.20081.6	Protein_PB.20081.6	NEU3	NEU3	novel_in_catalog	YES	127.34	97.36	105.99
PB.20081.7	Protein_PB.20081.7	NEU3	NEU3	novel_not_in_catalog	YES	109.76	24.29	59.93
PB.20084.1	Protein_PB.20084.1	RPS3	RPS3	full-splice_match	YES	3910.06	3953.15	5015.74
PB.20084.5	Protein_PB.20084.5	RPS3	RPS3	incomplete-splice_match	YES	19.51	11.91	39.39
PB.20084.7		novelGene_2360	novelGene_2360	intergenic	NO	17.37	18.51	14.07
PB.20086.4	Protein_PB.20086.4	SERPINH1	SERPINH1	full-splice_match	YES	369.69	199.93	112.5
PB.20086.5	Protein_PB.20086.5	SERPINH1	SERPINH1	full-splice_match	YES	86.19	57.91	133.33
PB.20087.1		novelGene_2361	novelGene_2361	intergenic	NO	89.86	79.59	125.34
PB.20089.2	Protein_PB.20089.2	DGAT2	DGAT2	full-splice_match	YES	34.28	27.66	12.29
PB.20089.3	Protein_PB.20089.3	DGAT2	DGAT2	incomplete-splice_match	YES	30.15	39.06	14.05
PB.20090.1	Protein_PB.20090.1	UVRAG	UVRAG	full-splice_match	YES	95.55	83.7	99.59
PB.20090.2	Protein_PB.20090.2	UVRAG	UVRAG	novel_not_in_catalog	YES	73.82	72.76	82.39
PB.20092.1	Protein_PB.20092.1	GVQW3	GVQW3	full-splice_match	YES	16.74	18.1	23.12
PB.20092.2	Protein_PB.20092.2	GVQW3	GVQW3	novel_not_in_catalog	YES	17.65	15.34	25.23
PB.20093.1	Protein_PB.20093.1	EMSY	EMSY	full-splice_match	YES	43.05	39.84	58.31
PB.20093.5	Protein_PB.20093.5	EMSY	EMSY	full-splice_match	YES	31.28	11.32	24.79
PB.20096.1	Protein_PB.20096.1	TSKU	TSKU	full-splice_match	YES	37.51	17.22	31.29
PB.20097.4	Protein_PB.20097.4	ACER3	ACER3	full-splice_match	YES	38.19	41.04	39.28
PB.2010.1	Protein_PB.2010.1	HADHB	HADHB	full-splice_match	YES	8.54	22.99	14.85
PB.2010.11	Protein_PB.2010.11	HADHB	HADHB	novel_in_catalog	YES	131.66	149.85	35.06
PB.2010.15	Protein_PB.2010.15	HADHB	HADHB	novel_in_catalog	YES	153.33	645.21	280.12
PB.2010.2	Protein_PB.2010.2	HADHB	HADHB	full-splice_match	YES	1057.82	1328.8	938.21
PB.2010.21	Protein_PB.2010.21	HADHB	HADHB	novel_not_in_catalog	YES	547.18	921.79	589.51
PB.2010.22	Protein_PB.2010.22	HADHB	HADHB	novel_not_in_catalog	YES	38.08	72.39	56.21
PB.2010.23	Protein_PB.2010.23	HADHB	HADHB	novel_in_catalog	YES	1494.83	2487.48	1375.47
PB.2010.27	Protein_PB.2010.27	HADHB	HADHB	novel_not_in_catalog	YES	42.24	86.84	53.75
PB.2010.28	Protein_PB.2010.28	HADHB	HADHB	novel_not_in_catalog	YES	25.59	60.66	45.24
PB.2010.3	Protein_PB.2010.3	HADHB	HADHB	novel_in_catalog	YES	207.22	238.75	147.19
PB.2010.4	Protein_PB.2010.4	HADHB	HADHB	novel_not_in_catalog	YES	8.85	17.21	3.77
PB.2010.5	Protein_PB.2010.5	HADHB	HADHB	novel_not_in_catalog	YES	18.03	15.3	29.01
PB.20100.1	Protein_PB.20100.1	CAPN5	CAPN5	full-splice_match	YES	20.7	25.31	21.37
PB.20101.6	Protein_PB.20101.6	MYO7A	MYO7A	full-splice_match	YES	1.52	5.81	18.57
PB.20105.1	Protein_PB.20105.1	AAMDC	AAMDC	full-splice_match	YES	374.85	412.81	330.17
PB.20105.5		AAMDC	AAMDC	incomplete-splice_match	NO	19.66	20.89	21.06
PB.2011.1	Protein_PB.2011.1	SELENOI	SELENOI	full-splice_match	YES	35.16	37.37	44.37
PB.2012.3	Protein_PB.2012.3	DRC1	DRC1	full-splice_match	YES	7.16	3.75	35.24
PB.20120.1	Protein_PB.20120.1	PCF11	PCF11	full-splice_match	YES	241.24	212.8	183.51
PB.20120.2	Protein_PB.20120.2	PCF11	PCF11	full-splice_match	YES	209.79	231.39	347.75
PB.20120.3	Protein_PB.20120.3	PCF11	PCF11	incomplete-splice_match	YES	44.71	36.43	53.49
PB.20124.1	Protein_PB.20124.1	TMEM126B	TMEM126B	full-splice_match	YES	110.9	126.7	106.92
PB.20125.1	Protein_PB.20125.1	TMEM126A	TMEM126A	full-splice_match	YES	204.25	258.64	140.41
PB.20125.2	Protein_PB.20125.2	TMEM126A	TMEM126A	novel_not_in_catalog	YES	23.07	27.64	26.51
PB.20128.3	Protein_PB.20128.3	EED	EED	full-splice_match	YES	80.55	74.82	71.99
PB.20128.7	Protein_PB.20128.7	EED	EED	full-splice_match	YES	21.01	6.59	4.98
PB.20129.2		HIKESHI	HIKESHI	novel_not_in_catalog	NO	73.19	67.23	58.74
PB.20129.4	Protein_PB.20129.4	HIKESHI	HIKESHI	full-splice_match	YES	165.81	187.01	157.74
PB.20134.1	Protein_PB.20134.1	PRSS23	PRSS23	novel_not_in_catalog	YES	60.62	78.02	37.18
PB.20134.2	Protein_PB.20134.2	PRSS23	PRSS23	full-splice_match	YES	126.15	172.72	137.42
PB.20135.4	Protein_PB.20135.4	LOC113269409	LOC113269409	full-splice_match	YES	12.69	16.45	17.63
PB.20135.6	Protein_PB.20135.6	TMEM135_LOC113269409	TMEM135_LOC113269409	fusion	YES	12.86	30.28	19.38
PB.20135.7	Protein_PB.20135.7	TMEM135_LOC113269409	TMEM135_LOC113269409	fusion	YES	10.13	14.71	27.74
PB.2015.1	Protein_PB.2015.1	SLC35F6	SLC35F6	full-splice_match	YES	94.74	81.18	135.71
PB.2018.3	Protein_PB.2018.3	MAPRE3	MAPRE3	full-splice_match	YES	126.69	131.88	127.6
PB.2019.1	Protein_PB.2019.1	TMEM214	TMEM214	full-splice_match	YES	77.14	68.19	91.46
PB.20190.1	Protein_PB.20190.1	RRM1	RRM1	full-splice_match	YES	63.28	77.54	60.82
PB.20190.2	Protein_PB.20190.2	RRM1	RRM1	novel_in_catalog	YES	133.15	136.1	108.64
PB.20190.3	Protein_PB.20190.3	RRM1	RRM1	novel_in_catalog	YES	107.09	103.83	89.95
PB.20191.3	Protein_PB.20191.3	STIM1	STIM1	full-splice_match	YES	39.05	12.13	42.79
PB.20191.4	Protein_PB.20191.4	STIM1	STIM1	full-splice_match	YES	272.82	216.42	209.6
PB.20191.5	Protein_PB.20191.5	STIM1	STIM1	novel_not_in_catalog	YES	110.14	110.83	109.45
PB.20193.2	Protein_PB.20193.2	PGAP2	PGAP2	full-splice_match	YES	10.39	12.71	17.12
PB.20194.2	Protein_PB.20194.2	ART1	ART1	novel_not_in_catalog	YES	595.9	653.79	906.11
PB.20194.4	Protein_PB.20194.4	ART1	ART1	novel_not_in_catalog	YES	116.91	105.98	182.84
PB.20194.5	Protein_PB.20194.5	ART1	ART1	novel_not_in_catalog	YES	29.26	32.54	59.7
PB.20194.7	Protein_PB.20194.7	ART1	ART1	novel_not_in_catalog	YES	37.01	44.05	83.78
PB.20194.8	Protein_PB.20194.8	ART1	ART1	full-splice_match	YES	67.32	77.9	121.01
PB.20198.1	Protein_PB.20198.1	NUMA1	NUMA1	full-splice_match	YES	52.06	40.18	52.4
PB.20198.10	Protein_PB.20198.10	NUMA1	NUMA1	incomplete-splice_match	YES	46.45	47.69	56.8
PB.20198.11	Protein_PB.20198.11	NUMA1	NUMA1	incomplete-splice_match	YES	54.71	29.04	21.11
PB.20198.2	Protein_PB.20198.2	NUMA1	NUMA1	full-splice_match	YES	380.07	402.5	395.92
PB.20198.3	Protein_PB.20198.3	NUMA1	NUMA1	full-splice_match	YES	194.39	134.7	127.96
PB.20198.4	Protein_PB.20198.4	NUMA1	NUMA1	full-splice_match	YES	52.99	136.42	108.82
PB.20198.5	Protein_PB.20198.5	NUMA1	NUMA1	full-splice_match	YES	103.87	85.23	65.74
PB.20198.6	Protein_PB.20198.6	NUMA1	NUMA1	novel_in_catalog	YES	38.04	36.02	155.55
PB.20199.2	Protein_PB.20199.2	LAMTOR1	LAMTOR1	novel_not_in_catalog	YES	178.34	229.76	166.04
PB.20199.3	Protein_PB.20199.3	LAMTOR1	LAMTOR1	full-splice_match	YES	340.97	409.57	296.91
PB.20200.10	Protein_PB.20200.10	ANAPC15	ANAPC15	full-splice_match	YES	219.35	256.0	218.23
PB.20200.9	Protein_PB.20200.9	ANAPC15	ANAPC15	full-splice_match	YES	20.21	15.39	13.36
PB.20202.1	Protein_PB.20202.1	CLPB	CLPB	full-splice_match	YES	148.07	156.3	158.53
PB.20202.2	Protein_PB.20202.2	CLPB	CLPB	full-splice_match	YES	66.22	82.29	69.62
PB.20202.4	Protein_PB.20202.4	CLPB	CLPB	full-splice_match	YES	29.48	50.08	33.72
PB.20202.5	Protein_PB.20202.5	CLPB	CLPB	novel_not_in_catalog	YES	35.13	33.9	25.25
PB.20204.8	Protein_PB.20204.8	PDE2A	PDE2A	full-splice_match	YES	60.64	41.94	48.31
PB.20205.3	Protein_PB.20205.3	ARAP1	ARAP1	novel_not_in_catalog	YES	25.75	13.35	31.07
PB.20205.4	Protein_PB.20205.4	ARAP1	ARAP1	novel_not_in_catalog	YES	104.98	70.06	64.81
PB.20206.1	Protein_PB.20206.1	STARD10	STARD10	full-splice_match	YES	270.9	303.25	232.63
PB.20207.1		LOC113269280	LOC113269280	full-splice_match	NO	29.6	30.36	41.46
PB.20208.3	Protein_PB.20208.3	FCHSD2	FCHSD2	full-splice_match	YES	46.73	38.81	54.55
PB.20212.1		LOC113269283	LOC113269283	full-splice_match	NO	19.57	19.86	22.86
PB.20212.2		LOC113269283	LOC113269283	full-splice_match	NO	24.33	20.7	22.09
PB.20215.3	Protein_PB.20215.3	FAM168A	FAM168A	full-splice_match	YES	98.49	35.69	18.83
PB.20215.4	Protein_PB.20215.4	FAM168A	FAM168A	full-splice_match	YES	50.2	41.9	90.86
PB.20215.5	Protein_PB.20215.5	FAM168A	FAM168A	full-splice_match	YES	19.9	48.64	49.08
PB.20217.1	Protein_PB.20217.1	RAB6A	RAB6A	full-splice_match	YES	94.48	102.16	76.18
PB.20217.2	Protein_PB.20217.2	RAB6A	RAB6A	full-splice_match	YES	390.91	369.14	451.02
PB.20218.3	Protein_PB.20218.3	LOC113269300	LOC113269300	full-splice_match	YES	26.85	25.93	26.6
PB.2022.3	Protein_PB.2022.3	AGBL5	AGBL5	novel_not_in_catalog	YES	43.94	41.79	50.01
PB.20222.10	Protein_PB.20222.10	UCP3	UCP3	novel_in_catalog	YES	14.53	17.66	30.05
PB.20222.12	Protein_PB.20222.12	UCP3	UCP3	novel_in_catalog	YES	6.48	13.56	37.19
PB.20222.3	Protein_PB.20222.3	UCP3	UCP3	full-splice_match	YES	56.21	58.0	72.63
PB.20222.4	Protein_PB.20222.4	UCP3	UCP3	novel_not_in_catalog	YES	12.79	9.67	39.47
PB.20222.6	Protein_PB.20222.6	UCP3	UCP3	novel_not_in_catalog	YES	12.05	11.21	20.44
PB.20222.8	Protein_PB.20222.8	UCP3	UCP3	full-splice_match	YES	596.53	692.76	1251.28
PB.20223.1	Protein_PB.20223.1	C2CD3	C2CD3	full-splice_match	YES	82.33	103.42	68.32
PB.20223.2	Protein_PB.20223.2	C2CD3	C2CD3	novel_not_in_catalog	YES	51.95	58.29	69.89
PB.20228.1	Protein_PB.20228.1	PGM2L1	PGM2L1	full-splice_match	YES	507.09	381.06	553.57
PB.20229.1	Protein_PB.20229.1	KCNE3	KCNE3	full-splice_match	YES	35.6	34.1	48.16
PB.2023.1	Protein_PB.2023.1	EMILIN1	EMILIN1	full-splice_match	YES	97.62	49.59	62.92
PB.20230.1	Protein_PB.20230.1	LIPT2	LIPT2	full-splice_match	YES	136.29	143.84	148.13
PB.20240.2	Protein_PB.20240.2	ARRB1	ARRB1	full-splice_match	YES	16.03	32.66	10.14
PB.20240.3	Protein_PB.20240.3	ARRB1	ARRB1	full-splice_match	YES	116.67	42.32	106.01
PB.20247.1	Protein_PB.20247.1	WNT11	WNT11	full-splice_match	YES	28.31	22.6	27.93
PB.20249.1	Protein_PB.20249.1	THAP12	THAP12	full-splice_match	YES	1376.24	1278.67	1388.73
PB.20249.2	Protein_PB.20249.2	THAP12	THAP12	novel_not_in_catalog	YES	298.29	383.18	450.2
PB.20250.2	Protein_PB.20250.2	LRRC32	LRRC32	full-splice_match	YES	31.73	11.97	26.63
PB.20253.5	Protein_PB.20253.5	PAK1	PAK1	novel_not_in_catalog	YES	17.94	12.85	29.15
PB.20254.4		LOC113269356	LOC113269356	novel_not_in_catalog	NO	14.41	9.33	17.92
PB.20255.2	Protein_PB.20255.2	CLNS1A	CLNS1A	full-splice_match	YES	100.47	117.75	128.81
PB.20255.3	Protein_PB.20255.3	CLNS1A	CLNS1A	full-splice_match	YES	310.92	375.72	333.37
PB.20256.1	Protein_PB.20256.1	RSF1	RSF1	full-splice_match	YES	277.78	226.88	289.71
PB.20256.2	Protein_PB.20256.2	RSF1	RSF1	full-splice_match	YES	38.0	46.02	83.49
PB.20257.1	Protein_PB.20257.1	INTS4	INTS4	novel_in_catalog	YES	31.55	45.41	33.6
PB.20257.2	Protein_PB.20257.2	INTS4	INTS4	novel_in_catalog	YES	55.03	48.83	69.75
PB.20257.4	Protein_PB.20257.4	INTS4	INTS4	full-splice_match	YES	28.64	27.13	16.54
PB.20259.1	Protein_PB.20259.1	NDUFC2	NDUFC2	full-splice_match	YES	1049.36	1211.09	772.58
PB.20262.3	Protein_PB.20262.3	GAB2	GAB2	full-splice_match	YES	32.22	19.98	20.01
PB.20262.4	Protein_PB.20262.4	GAB2	GAB2	full-splice_match	YES	249.74	325.99	410.15
PB.20263.1	Protein_PB.20263.1	NARS2	NARS2	full-splice_match	YES	43.07	54.31	20.37
PB.20263.3	Protein_PB.20263.3	NARS2	NARS2	full-splice_match	YES	13.67	16.44	21.62
PB.20263.4	Protein_PB.20263.4	NARS2	NARS2	novel_in_catalog	YES	5.09	17.1	20.95
PB.20263.6	Protein_PB.20263.6	NARS2	NARS2	novel_not_in_catalog	YES	37.07	55.01	22.25
PB.20264.3	Protein_PB.20264.3	TENM4	TENM4	full-splice_match	YES	25.01	19.28	24.81
PB.20269.2	Protein_PB.20269.2	PRCP	PRCP	full-splice_match	YES	23.97	15.16	14.59
PB.20270.3	Protein_PB.20270.3	RAB30	RAB30	full-splice_match	YES	30.84	17.96	24.73
PB.20272.10	Protein_PB.20272.10	CCDC90B	CCDC90B	novel_in_catalog	YES	77.41	75.35	95.52
PB.20272.3	Protein_PB.20272.3	CCDC90B	CCDC90B	novel_in_catalog	YES	20.63	19.74	22.62
PB.20272.5	Protein_PB.20272.5	CCDC90B	CCDC90B	full-splice_match	YES	52.39	54.39	43.31
PB.20272.8	Protein_PB.20272.8	CCDC90B	CCDC90B	full-splice_match	YES	41.99	38.9	50.18
PB.20272.9	Protein_PB.20272.9	CCDC90B	CCDC90B	full-splice_match	YES	167.22	174.59	169.52
PB.20273.2	Protein_PB.20273.2	DLG2	DLG2	novel_not_in_catalog	YES	52.41	21.7	65.23
PB.20273.3	Protein_PB.20273.3	DLG2	DLG2	novel_not_in_catalog	YES	212.06	67.04	201.58
PB.20278.11	Protein_PB.20278.11	CREBZF	CREBZF	full-splice_match	YES	33.23	16.47	27.26
PB.20278.5	Protein_PB.20278.5	CREBZF	CREBZF	full-splice_match	YES	26.03	29.2	36.58
PB.20283.1	Protein_PB.20283.1	PICALM	PICALM	novel_in_catalog	YES	32.3	18.96	11.45
PB.20283.10	Protein_PB.20283.10	PICALM	PICALM	full-splice_match	YES	86.65	89.21	90.73
PB.20283.12	Protein_PB.20283.12	PICALM	PICALM	novel_in_catalog	YES	26.75	52.15	37.89
PB.20283.13	Protein_PB.20283.13	PICALM	PICALM	novel_in_catalog	YES	157.85	127.65	125.2
PB.20283.14	Protein_PB.20283.14	PICALM	PICALM	novel_in_catalog	YES	91.31	82.84	57.04
PB.20283.15	Protein_PB.20283.15	PICALM	PICALM	incomplete-splice_match	YES	93.48	92.56	82.18
PB.20283.16	Protein_PB.20283.16	PICALM	PICALM	novel_in_catalog	YES	90.23	89.27	126.33
PB.20285.1	Protein_PB.20285.1	ME3	ME3	incomplete-splice_match	YES	98.35	108.6	72.07
PB.20285.2	Protein_PB.20285.2	ME3	ME3	full-splice_match	YES	646.75	894.09	584.92
PB.20286.1	Protein_PB.20286.1	FZD4	FZD4	full-splice_match	YES	346.21	288.86	289.13
PB.20286.3	Protein_PB.20286.3	FZD4	FZD4	full-splice_match	YES	22.12	10.91	12.9
PB.2029.1	Protein_PB.2029.1	ATRAID	ATRAID	full-splice_match	YES	241.24	249.62	236.37
PB.2029.2	Protein_PB.2029.2	ATRAID	ATRAID	novel_not_in_catalog	YES	35.55	29.26	34.55
PB.20290.1	Protein_PB.20290.1	RAB38	RAB38	full-splice_match	YES	45.18	52.14	58.4
PB.20291.1	Protein_PB.20291.1	CTSC	CTSC	full-splice_match	YES	228.39	246.39	220.82
PB.20291.2	Protein_PB.20291.2	CTSC	CTSC	novel_not_in_catalog	YES	193.17	202.54	181.5
PB.20291.5		CTSC	CTSC	novel_not_in_catalog	NO	29.31	30.49	31.94
PB.20291.6	Protein_PB.20291.6	CTSC	CTSC	novel_in_catalog	YES	32.96	29.43	42.76
PB.20295.8	Protein_PB.20295.8	NOX4	NOX4	incomplete-splice_match	YES	26.95	14.93	17.54
PB.2030.2	Protein_PB.2030.2	CAD	CAD	full-splice_match	YES	629.75	674.48	605.28
PB.20303.1	Protein_PB.20303.1	SORD	SORD	novel_in_catalog	YES	17.85	16.5	34.02
PB.20308.2	Protein_PB.20308.2	SPATA5L1	SPATA5L1	full-splice_match	YES	17.72	22.73	16.4
PB.20312.1	Protein_PB.20312.1	BLOC1S6	BLOC1S6	novel_not_in_catalog	YES	128.84	165.22	118.28
PB.20312.2	Protein_PB.20312.2	BLOC1S6	BLOC1S6	full-splice_match	YES	29.48	50.85	34.74
PB.20312.4	Protein_PB.20312.4	BLOC1S6	BLOC1S6	novel_in_catalog	YES	74.99	137.71	100.0
PB.20314.2	Protein_PB.20314.2	SQOR	SQOR	full-splice_match	YES	62.08	53.79	51.42
PB.2032.1	Protein_PB.2032.1	TRIM54	TRIM54	full-splice_match	YES	1958.46	2575.97	2610.49
PB.2032.2	Protein_PB.2032.2	TRIM54	TRIM54	incomplete-splice_match	YES	280.68	354.16	354.2
PB.2032.3	Protein_PB.2032.3	TRIM54	TRIM54	incomplete-splice_match	YES	43.8	37.59	46.47
PB.20325.1	Protein_PB.20325.1	DUT	DUT	full-splice_match	YES	28.01	34.02	38.68
PB.20329.1	Protein_PB.20329.1	EID1	EID1	full-splice_match	YES	912.97	942.38	779.84
PB.2033.3	Protein_PB.2033.3	SNX17	SNX17	full-splice_match	YES	71.36	92.95	95.64
PB.2033.4	Protein_PB.2033.4	SNX17	SNX17	full-splice_match	YES	221.48	236.5	184.68
PB.20330.2	Protein_PB.20330.2	GALK2	GALK2	full-splice_match	YES	32.83	40.96	24.65
PB.20330.3	Protein_PB.20330.3	GALK2	GALK2	full-splice_match	YES	21.57	4.69	22.91
PB.20330.6	Protein_PB.20330.6	GALK2	GALK2	incomplete-splice_match	YES	15.47	14.31	24.28
PB.20330.8	Protein_PB.20330.8	GALK2	GALK2	novel_not_in_catalog	YES	12.91	23.07	26.89
PB.20332.3	Protein_PB.20332.3	FGF7	FGF7	novel_not_in_catalog	YES	29.94	13.37	21.13
PB.20332.4	Protein_PB.20332.4	FGF7	FGF7	full-splice_match	YES	19.38	11.9	6.61
PB.20333.4	Protein_PB.20333.4	DTWD1	DTWD1	novel_not_in_catalog	YES	21.72	24.77	29.75
PB.20333.8	Protein_PB.20333.8	DTWD1	DTWD1	full-splice_match	YES	39.79	42.13	38.99
PB.20336.1	Protein_PB.20336.1	USP8	USP8	full-splice_match	YES	89.6	150.42	100.37
PB.20336.3	Protein_PB.20336.3	USP8	USP8	novel_in_catalog	YES	13.56	8.79	17.69
PB.20336.5	Protein_PB.20336.5	USP8	USP8	full-splice_match	YES	79.09	80.01	90.38
PB.20336.6	Protein_PB.20336.6	USP8	USP8	novel_in_catalog	YES	228.99	186.31	169.48
PB.20338.1	Protein_PB.20338.1	AP4E1	AP4E1	full-splice_match	YES	212.58	245.23	226.42
PB.2034.10	Protein_PB.2034.10	KRTCAP3	KRTCAP3	full-splice_match	YES	14.3	13.68	19.69
PB.2034.7	Protein_PB.2034.7	NRBP1_KRTCAP3	NRBP1_KRTCAP3	fusion	YES	66.71	49.43	76.77
PB.2034.8	Protein_PB.2034.8	NRBP1	NRBP1	full-splice_match	YES	786.37	753.72	824.64
PB.20340.1	Protein_PB.20340.1	GLDN	GLDN	full-splice_match	YES	27.79	18.59	17.87
PB.20340.2	Protein_PB.20340.2	GLDN	GLDN	incomplete-splice_match	YES	29.39	14.44	10.92
PB.20342.2	Protein_PB.20342.2	TMOD2	TMOD2	full-splice_match	YES	144.22	70.2	129.37
PB.20343.1	Protein_PB.20343.1	TMOD3	TMOD3	full-splice_match	YES	222.85	142.25	201.09
PB.20344.10	Protein_PB.20344.10	MAPK6	MAPK6	novel_not_in_catalog	YES	22.98	10.7	5.09
PB.20344.2	Protein_PB.20344.2	MAPK6	MAPK6	full-splice_match	YES	66.06	96.48	56.3
PB.20344.3	Protein_PB.20344.3	MAPK6	MAPK6	full-splice_match	YES	476.7	525.85	510.49
PB.20344.4	Protein_PB.20344.4	MAPK6	MAPK6	full-splice_match	YES	32.03	35.18	32.0
PB.20344.5	Protein_PB.20344.5	MAPK6	MAPK6	full-splice_match	YES	61.11	37.52	55.0
PB.20347.1	Protein_PB.20347.1	UNC13C	UNC13C	full-splice_match	YES	100.84	79.44	94.78
PB.20354.1		LOC113269658	LOC113269658	full-splice_match	NO	7.85	8.94	19.75
PB.20355.1	Protein_PB.20355.1	TEX9	TEX9	full-splice_match	YES	53.65	56.41	110.53
PB.20356.3		LOC113269666	LOC113269666	full-splice_match	NO	39.29	43.16	47.19
PB.20357.1	Protein_PB.20357.1	TCF12	TCF12	full-splice_match	YES	63.52	59.37	66.1
PB.20357.10	Protein_PB.20357.10	TCF12	TCF12	novel_not_in_catalog	YES	30.71	52.34	20.87
PB.20357.2	Protein_PB.20357.2	TCF12	TCF12	novel_in_catalog	YES	130.82	108.81	164.84
PB.20357.3	Protein_PB.20357.3	TCF12	TCF12	full-splice_match	YES	55.64	50.91	46.87
PB.20357.6	Protein_PB.20357.6	TCF12	TCF12	incomplete-splice_match	YES	146.01	236.38	175.49
PB.20357.9	Protein_PB.20357.9	TCF12	TCF12	full-splice_match	YES	33.74	36.35	27.25
PB.20358.3	Protein_PB.20358.3	CGNL1	CGNL1	novel_not_in_catalog	YES	33.28	11.06	28.29
PB.20358.4	Protein_PB.20358.4	CGNL1	CGNL1	full-splice_match	YES	1.6	6.69	17.99
PB.20358.8	Protein_PB.20358.8	CGNL1	CGNL1	novel_not_in_catalog	YES	57.39	45.93	24.44
PB.20358.9	Protein_PB.20358.9	CGNL1	CGNL1	incomplete-splice_match	YES	33.37	15.47	13.43
PB.20359.2	Protein_PB.20359.2	MYZAP	MYZAP	full-splice_match	YES	72.67	81.35	88.33
PB.20360.1	Protein_PB.20360.1	POLR2M	POLR2M	novel_in_catalog	YES	116.74	104.49	114.71
PB.20360.2	Protein_PB.20360.2	POLR2M	POLR2M	full-splice_match	YES	1069.12	1179.74	927.65
PB.20365.1	Protein_PB.20365.1	MINDY2	MINDY2	full-splice_match	YES	45.96	41.33	49.84
PB.20365.3	Protein_PB.20365.3	MINDY2	MINDY2	full-splice_match	YES	109.59	114.12	136.09
PB.20365.4	Protein_PB.20365.4	MINDY2	MINDY2	novel_not_in_catalog	YES	44.07	35.29	42.9
PB.20366.1	Protein_PB.20366.1	RNF111	RNF111	novel_not_in_catalog	YES	20.5	21.58	23.42
PB.20366.2	Protein_PB.20366.2	RNF111	RNF111	novel_in_catalog	YES	49.86	40.03	65.27
PB.20366.4	Protein_PB.20366.4	RNF111	RNF111	novel_not_in_catalog	YES	54.58	75.23	82.06
PB.20369.6	Protein_PB.20369.6	FAM81A	FAM81A	full-splice_match	YES	15.88	7.02	17.9
PB.2037.4	Protein_PB.2037.4	ZNF512	ZNF512	full-splice_match	YES	17.53	5.49	21.98
PB.2037.7	Protein_PB.2037.7	ZNF512	ZNF512	novel_not_in_catalog	YES	22.76	18.6	13.3
PB.20375.1	Protein_PB.20375.1	TLN2	TLN2	full-splice_match	YES	1712.14	1520.93	1346.83
PB.20375.10	Protein_PB.20375.10	TLN2	TLN2	novel_in_catalog	YES	261.83	290.35	304.47
PB.20375.14	Protein_PB.20375.14	TLN2	TLN2	novel_in_catalog	YES	448.81	398.35	350.28
PB.20375.2	Protein_PB.20375.2	TLN2	TLN2	full-splice_match	YES	364.07	243.95	62.35
PB.20375.3	Protein_PB.20375.3	TLN2	TLN2	full-splice_match	YES	63.49	142.05	127.46
PB.20375.4	Protein_PB.20375.4	TLN2	TLN2	full-splice_match	YES	172.41	218.43	141.26
PB.20375.7	Protein_PB.20375.7	TLN2	TLN2	full-splice_match	YES	16.49	50.81	47.87
PB.20375.8	Protein_PB.20375.8	TLN2	TLN2	full-splice_match	YES	318.83	114.28	257.78
PB.20379.10	Protein_PB.20379.10	TPM1	TPM1	full-splice_match	YES	805.51	367.83	594.81
PB.20379.16	Protein_PB.20379.16	TPM1	TPM1	full-splice_match	YES	40887.42	20878.27	35780.67
PB.20379.26	Protein_PB.20379.26	TPM1	TPM1	novel_in_catalog	YES	32.03	11.27	21.07
PB.20379.3	Protein_PB.20379.3	TPM1	TPM1	full-splice_match	YES	67.26	27.11	51.95
PB.20379.31	Protein_PB.20379.31	TPM1	TPM1	novel_in_catalog	YES	61.72	36.51	40.83
PB.20379.34	Protein_PB.20379.34	TPM1	TPM1	novel_in_catalog	YES	40.87	24.68	30.97
PB.20379.35	Protein_PB.20379.35	TPM1	TPM1	novel_not_in_catalog	YES	61.04	36.5	45.55
PB.20379.57	Protein_PB.20379.57	TPM1	TPM1	incomplete-splice_match	YES	23.16	13.65	28.32
PB.20379.69	Protein_PB.20379.69	TPM1	TPM1	full-splice_match	YES	51.43	29.45	48.18
PB.20379.8	Protein_PB.20379.8	TPM1	TPM1	full-splice_match	YES	2443.6	1223.82	2246.73
PB.20379.9	Protein_PB.20379.9	TPM1	TPM1	full-splice_match	YES	16.22	5.11	24.93
PB.2038.2	Protein_PB.2038.2	GPN1	GPN1	full-splice_match	YES	62.01	65.29	78.9
PB.2038.3	Protein_PB.2038.3	GPN1	GPN1	incomplete-splice_match	YES	49.31	64.07	51.31
PB.2038.4	Protein_PB.2038.4	GPN1	GPN1	novel_in_catalog	YES	14.17	17.22	11.0
PB.2038.5	Protein_PB.2038.5	GPN1	GPN1	novel_not_in_catalog	YES	23.14	18.44	13.57
PB.2038.6	Protein_PB.2038.6	GPN1	GPN1	full-splice_match	YES	113.14	116.06	107.47
PB.20380.2	Protein_PB.20380.2	LACTB	LACTB	full-splice_match	YES	249.48	354.38	233.25
PB.20380.3	Protein_PB.20380.3	LACTB	LACTB	novel_in_catalog	YES	42.11	49.57	51.31
PB.20382.1	Protein_PB.20382.1	LOC113269715	LOC113269715	full-splice_match	YES	40.58	31.65	26.69
PB.20387.1	Protein_PB.20387.1	GATM	GATM	full-splice_match	YES	53.24	35.07	51.75
PB.20387.12	Protein_PB.20387.12	GATM	GATM	novel_in_catalog	YES	51.09	2.99	37.2
PB.20387.7	Protein_PB.20387.7	GATM	GATM	novel_in_catalog	YES	18.3	13.06	16.92
PB.20387.8	Protein_PB.20387.8	GATM	GATM	novel_not_in_catalog	YES	339.59	375.72	870.91
PB.20387.9	Protein_PB.20387.9	GATM	GATM	novel_not_in_catalog	YES	1130.19	1139.5	2317.2
PB.20389.1	Protein_PB.20389.1	SLC30A4	SLC30A4	incomplete-splice_match	YES	112.68	127.74	126.25
PB.20389.3	Protein_PB.20389.3	SLC30A4	SLC30A4	full-splice_match	YES	31.66	25.18	37.61
PB.2039.1	Protein_PB.2039.1	SLC4A1AP	SLC4A1AP	full-splice_match	YES	74.69	70.82	86.92
PB.2039.3	Protein_PB.2039.3	SLC4A1AP	SLC4A1AP	incomplete-splice_match	YES	78.02	96.77	70.46
PB.2039.4	Protein_PB.2039.4	SLC4A1AP	SLC4A1AP	novel_not_in_catalog	YES	53.39	87.66	60.23
PB.2039.5	Protein_PB.2039.5	SLC4A1AP	SLC4A1AP	novel_in_catalog	YES	129.91	113.79	115.96
PB.20396.1	Protein_PB.20396.1	FBN1	FBN1	full-splice_match	YES	3427.32	1711.03	1963.26
PB.20397.1	Protein_PB.20397.1	CEP152	CEP152	full-splice_match	YES	16.45	17.81	19.53
PB.2040.1		MRPL33	MRPL33	full-splice_match	NO	543.87	619.03	451.23
PB.20400.1	Protein_PB.20400.1	SECISBP2L	SECISBP2L	full-splice_match	YES	138.64	197.27	208.19
PB.20400.2	Protein_PB.20400.2	SECISBP2L	SECISBP2L	full-splice_match	YES	258.35	193.68	227.17
PB.20400.3	Protein_PB.20400.3	SECISBP2L	SECISBP2L	incomplete-splice_match	YES	107.36	75.65	80.9
PB.20400.5	Protein_PB.20400.5	SECISBP2L	SECISBP2L	novel_in_catalog	YES	26.17	40.0	39.25
PB.20401.1	Protein_PB.20401.1	COPS2	COPS2	full-splice_match	YES	39.92	72.03	45.01
PB.20401.3	Protein_PB.20401.3	COPS2	COPS2	full-splice_match	YES	569.19	566.16	509.61
PB.20401.4	Protein_PB.20401.4	COPS2	COPS2	novel_not_in_catalog	YES	172.22	181.18	111.19
PB.20403.3	Protein_PB.20403.3	ATP8B4	ATP8B4	full-splice_match	YES	38.32	21.34	37.05
PB.20406.3	Protein_PB.20406.3	GABPB1	GABPB1	novel_in_catalog	YES	27.98	22.92	30.2
PB.20411.1	Protein_PB.20411.1	TRPM7	TRPM7	full-splice_match	YES	468.53	346.68	355.0
PB.20411.4	Protein_PB.20411.4	TRPM7	TRPM7	incomplete-splice_match	YES	32.98	38.39	24.64
PB.20412.1	Protein_PB.20412.1	SPPL2A	SPPL2A	full-splice_match	YES	1373.47	1526.15	1304.25
PB.20412.2	Protein_PB.20412.2	SPPL2A	SPPL2A	novel_not_in_catalog	YES	77.11	69.4	71.43
PB.20412.4	Protein_PB.20412.4	SPPL2A	SPPL2A	novel_not_in_catalog	YES	455.72	448.11	597.45
PB.20416.1	Protein_PB.20416.1	TNFAIP8L3	TNFAIP8L3	full-splice_match	YES	16.92	7.09	15.47
PB.20417.1	Protein_PB.20417.1	LOC113269623	LOC113269623	full-splice_match	YES	14.74	41.93	12.54
PB.20419.1	Protein_PB.20419.1	LYSMD2	LYSMD2	full-splice_match	YES	70.01	85.31	107.38
PB.20419.2	Protein_PB.20419.2	LYSMD2	LYSMD2	full-splice_match	YES	47.54	54.17	35.83
PB.2042.3	Protein_PB.2042.3	BABAM2	BABAM2	full-splice_match	YES	165.38	189.54	137.89
PB.2042.4	Protein_PB.2042.4	BABAM2	BABAM2	incomplete-splice_match	YES	25.72	25.74	18.13
PB.2042.5	Protein_PB.2042.5	BABAM2	BABAM2	novel_not_in_catalog	YES	17.37	23.62	23.26
PB.20422.1	Protein_PB.20422.1	LOC113269632	LOC113269632	full-splice_match	YES	95.64	84.75	69.39
PB.20422.7	Protein_PB.20422.7	LOC113269632	LOC113269632	incomplete-splice_match	YES	11.69	24.51	21.53
PB.20429.5	Protein_PB.20429.5	MYO5C	MYO5C	incomplete-splice_match	YES	85.12	85.46	77.1
PB.20430.3	Protein_PB.20430.3	MYO5A	MYO5A	full-splice_match	YES	98.16	29.86	151.63
PB.20430.4	Protein_PB.20430.4	MYO5A	MYO5A	full-splice_match	YES	44.37	32.82	0.0
PB.20430.5	Protein_PB.20430.5	MYO5A	MYO5A	incomplete-splice_match	YES	17.03	13.15	21.65
PB.20430.6	Protein_PB.20430.6	MYO5A	MYO5A	novel_in_catalog	YES	47.32	19.87	34.84
PB.20431.1		ARPP19	ARPP19	novel_not_in_catalog	NO	24.79	20.93	41.49
PB.20431.10	Protein_PB.20431.10	ARPP19	ARPP19	novel_not_in_catalog	YES	71.57	115.35	95.55
PB.20431.3	Protein_PB.20431.3	ARPP19	ARPP19	novel_not_in_catalog	YES	116.33	112.39	76.98
PB.20431.4	Protein_PB.20431.4	ARPP19	ARPP19	novel_not_in_catalog	YES	1358.76	1274.48	1264.12
PB.20431.5		ARPP19	ARPP19	novel_not_in_catalog	NO	123.41	131.68	197.33
PB.20431.6	Protein_PB.20431.6	ARPP19	ARPP19	full-splice_match	YES	55.94	34.69	60.29
PB.20431.7	Protein_PB.20431.7	ARPP19	ARPP19	full-splice_match	YES	581.07	563.32	629.35
PB.20431.8		ARPP19	ARPP19	novel_not_in_catalog	NO	44.16	37.71	38.75
PB.20431.9		ARPP19	ARPP19	novel_not_in_catalog	NO	23.88	18.44	19.0
PB.20432.10	Protein_PB.20432.10	FAM214A	FAM214A	novel_not_in_catalog	YES	24.38	60.13	33.27
PB.20432.11	Protein_PB.20432.11	FAM214A	FAM214A	full-splice_match	YES	15.64	53.22	67.46
PB.20432.2	Protein_PB.20432.2	FAM214A	FAM214A	full-splice_match	YES	64.26	15.5	26.43
PB.20432.3	Protein_PB.20432.3	FAM214A	FAM214A	full-splice_match	YES	24.61	15.71	9.94
PB.20432.5	Protein_PB.20432.5	FAM214A	FAM214A	novel_not_in_catalog	YES	17.92	45.34	70.99
PB.20432.6	Protein_PB.20432.6	FAM214A	FAM214A	novel_not_in_catalog	YES	31.93	41.75	23.15
PB.20432.7	Protein_PB.20432.7	FAM214A	FAM214A	novel_not_in_catalog	YES	62.14	112.26	70.51
PB.20432.8	Protein_PB.20432.8	FAM214A	FAM214A	novel_not_in_catalog	YES	160.66	151.74	109.95
PB.2044.1	Protein_PB.2044.1	FOSL2	FOSL2	full-splice_match	YES	428.58	321.68	324.76
PB.20442.1	Protein_PB.20442.1	RSL24D1	RSL24D1	full-splice_match	YES	430.59	465.89	486.39
PB.20443.4	Protein_PB.20443.4	RAB27A	RAB27A	full-splice_match	YES	17.24	24.71	31.44
PB.20443.5	Protein_PB.20443.5	RAB27A	RAB27A	full-splice_match	YES	55.09	65.85	31.26
PB.20444.1		PIGBOS1	PIGBOS1	full-splice_match	NO	73.84	82.67	58.78
PB.20444.3		PIGBOS1	PIGBOS1	full-splice_match	NO	36.85	31.27	23.44
PB.20445.1	Protein_PB.20445.1	CCPG1	CCPG1	novel_not_in_catalog	YES	33.82	102.07	79.01
PB.20445.11	Protein_PB.20445.11	CCPG1	CCPG1	novel_not_in_catalog	YES	46.74	42.7	48.49
PB.20445.12	Protein_PB.20445.12	CCPG1	CCPG1	novel_not_in_catalog	YES	390.25	430.51	370.52
PB.20445.2	Protein_PB.20445.2	CCPG1	CCPG1	novel_not_in_catalog	YES	84.51	62.87	26.08
PB.20445.6	Protein_PB.20445.6	CCPG1	CCPG1	novel_not_in_catalog	YES	160.6	260.95	264.84
PB.20445.7	Protein_PB.20445.7	CCPG1	CCPG1	novel_not_in_catalog	YES	71.33	129.36	14.13
PB.20445.9	Protein_PB.20445.9	CCPG1	CCPG1	full-splice_match	YES	32.23	35.44	34.09
PB.20446.1	Protein_PB.20446.1	DNAAF4	DNAAF4	full-splice_match	YES	13.35	17.92	17.69
PB.20447.1	Protein_PB.20447.1	PYGO1	PYGO1	full-splice_match	YES	675.87	748.7	873.41
PB.20449.2	Protein_PB.20449.2	NEDD4	NEDD4	full-splice_match	YES	264.29	289.41	157.43
PB.20449.3	Protein_PB.20449.3	NEDD4	NEDD4	full-splice_match	YES	107.05	121.15	145.89
PB.20449.4	Protein_PB.20449.4	NEDD4	NEDD4	novel_in_catalog	YES	25.62	44.58	14.33
PB.20449.9	Protein_PB.20449.9	NEDD4	NEDD4	incomplete-splice_match	YES	221.26	239.79	147.82
PB.2045.1	Protein_PB.2045.1	PLB1	PLB1	full-splice_match	YES	20.82	21.82	17.93
PB.20450.2	Protein_PB.20450.2	RFX7	RFX7	full-splice_match	YES	146.21	170.58	199.18
PB.20455.1	Protein_PB.20455.1	ZNF280D	ZNF280D	full-splice_match	YES	42.58	62.73	38.2
PB.20455.11	Protein_PB.20455.11	ZNF280D	ZNF280D	full-splice_match	YES	23.24	17.89	10.54
PB.20455.14	Protein_PB.20455.14	ZNF280D	ZNF280D	incomplete-splice_match	YES	25.5	25.96	37.96
PB.20455.15	Protein_PB.20455.15	ZNF280D	ZNF280D	incomplete-splice_match	YES	64.97	72.01	46.75
PB.20455.2	Protein_PB.20455.2	ZNF280D	ZNF280D	novel_in_catalog	YES	20.71	15.05	17.81
PB.20455.5	Protein_PB.20455.5	ZNF280D	ZNF280D	full-splice_match	YES	29.62	48.04	44.11
PB.20455.6	Protein_PB.20455.6	ZNF280D	ZNF280D	full-splice_match	YES	29.88	21.62	16.88
PB.20455.9	Protein_PB.20455.9	ZNF280D	ZNF280D	novel_in_catalog	YES	26.79	41.76	35.73
PB.2046.12	Protein_PB.2046.12	PPP1CB	PPP1CB	novel_not_in_catalog	YES	221.26	404.29	284.91
PB.2046.13	Protein_PB.2046.13	PPP1CB	PPP1CB	novel_not_in_catalog	YES	20.73	8.9	14.66
PB.2046.15	Protein_PB.2046.15	PPP1CB	PPP1CB	novel_not_in_catalog	YES	505.15	307.4	284.62
PB.2046.2	Protein_PB.2046.2	PPP1CB	PPP1CB	novel_not_in_catalog	YES	62.48	51.5	61.56
PB.2046.5	Protein_PB.2046.5	PPP1CB	PPP1CB	novel_in_catalog	YES	86.43	145.28	81.49
PB.2046.6	Protein_PB.2046.6	PPP1CB	PPP1CB	full-splice_match	YES	81.86	55.76	64.36
PB.2046.8	Protein_PB.2046.8	PPP1CB	PPP1CB	full-splice_match	YES	2729.17	3053.28	2528.26
PB.20461.1	Protein_PB.20461.1	ALDH1A2	ALDH1A2	full-splice_match	YES	94.61	114.61	48.01
PB.20463.1	Protein_PB.20463.1	ADAM10	ADAM10	full-splice_match	YES	15.03	34.12	13.69
PB.20463.2	Protein_PB.20463.2	ADAM10	ADAM10	full-splice_match	YES	75.42	122.03	88.46
PB.20463.3	Protein_PB.20463.3	ADAM10	ADAM10	novel_not_in_catalog	YES	16.78	16.42	19.5
PB.20463.5	Protein_PB.20463.5	ADAM10	ADAM10	novel_in_catalog	YES	81.28	52.88	86.35
PB.20463.6	Protein_PB.20463.6	ADAM10	ADAM10	novel_not_in_catalog	YES	68.7	30.02	32.91
PB.20464.1	Protein_PB.20464.1	SLTM	SLTM	full-splice_match	YES	191.26	177.08	251.06
PB.20464.2	Protein_PB.20464.2	SLTM	SLTM	full-splice_match	YES	241.74	351.57	115.09
PB.20464.3	Protein_PB.20464.3	SLTM	SLTM	full-splice_match	YES	122.81	63.76	222.62
PB.20464.4	Protein_PB.20464.4	SLTM	SLTM	novel_in_catalog	YES	143.52	109.9	235.09
PB.20464.5	Protein_PB.20464.5	SLTM	SLTM	novel_in_catalog	YES	141.91	132.48	287.46
PB.20468.3	Protein_PB.20468.3	MYO1E	MYO1E	full-splice_match	YES	89.65	57.24	49.11
PB.20469.1	Protein_PB.20469.1	GTF2A2	GTF2A2	novel_in_catalog	YES	58.7	69.38	60.36
PB.20469.10	Protein_PB.20469.10	BNIP2	BNIP2	novel_not_in_catalog	YES	14.24	33.83	32.04
PB.20469.12	Protein_PB.20469.12	BNIP2	BNIP2	novel_in_catalog	YES	224.51	447.67	198.21
PB.20469.13	Protein_PB.20469.13	BNIP2	BNIP2	novel_not_in_catalog	YES	600.62	575.26	622.9
PB.20469.2	Protein_PB.20469.2	GTF2A2	GTF2A2	full-splice_match	YES	75.86	94.22	63.57
PB.20469.6	Protein_PB.20469.6	BNIP2	BNIP2	full-splice_match	YES	183.84	212.08	184.17
PB.20469.7	Protein_PB.20469.7	BNIP2	BNIP2	full-splice_match	YES	11.12	20.1	24.04
PB.20469.8	Protein_PB.20469.8	BNIP2	BNIP2	novel_in_catalog	YES	9.48	17.13	27.82
PB.20469.9	Protein_PB.20469.9	BNIP2	BNIP2	incomplete-splice_match	YES	763.04	590.04	793.99
PB.20474.2	Protein_PB.20474.2	ANXA2	ANXA2	full-splice_match	YES	713.16	436.67	602.54
PB.20476.3	Protein_PB.20476.3	ICE2	ICE2	novel_not_in_catalog	YES	6.07	18.33	9.8
PB.20477.1	Protein_PB.20477.1	RORA	RORA	full-splice_match	YES	386.91	351.37	380.58
PB.20477.3	Protein_PB.20477.3	RORA	RORA	full-splice_match	YES	22.99	13.55	12.41
PB.20478.1	Protein_PB.20478.1	LOC113269697	LOC113269697	full-splice_match	YES	64.12	43.04	45.13
PB.2048.1	Protein_PB.2048.1	WDR43	WDR43	novel_not_in_catalog	YES	44.8	39.05	45.94
PB.2048.2	Protein_PB.2048.2	WDR43	WDR43	novel_not_in_catalog	YES	82.08	90.49	83.58
PB.2048.4	Protein_PB.2048.4	WDR43	WDR43	novel_not_in_catalog	YES	3.14	2.56	38.96
PB.2048.5	Protein_PB.2048.5	WDR43	WDR43	incomplete-splice_match	YES	69.01	53.6	57.5
PB.2048.7	Protein_PB.2048.7	WDR43	WDR43	full-splice_match	YES	74.69	84.32	80.15
PB.20482.1	Protein_PB.20482.1	VPS13C	VPS13C	full-splice_match	YES	568.42	466.3	882.66
PB.20482.2	Protein_PB.20482.2	VPS13C	VPS13C	full-splice_match	YES	170.08	187.71	244.15
PB.20482.4	Protein_PB.20482.4	VPS13C	VPS13C	full-splice_match	YES	32.6	36.14	38.08
PB.20482.7	Protein_PB.20482.7	VPS13C	VPS13C	incomplete-splice_match	YES	80.7	88.0	102.96
PB.20487.1		RPS27L	RPS27L	full-splice_match	NO	443.17	531.53	437.01
PB.20487.4		RPS27L	RPS27L	novel_in_catalog	NO	19.11	18.37	45.72
PB.20488.1	Protein_PB.20488.1	CTSV	CTSV	full-splice_match	YES	212.75	232.65	208.71
PB.20488.10	Protein_PB.20488.10	CTSV	CTSV	full-splice_match	YES	53.81	57.42	52.39
PB.20488.9	Protein_PB.20488.9	CTSV	CTSV	full-splice_match	YES	55.86	62.71	52.93
PB.20489.2	Protein_PB.20489.2	ZNF782	ZNF782	novel_not_in_catalog	YES	27.81	18.22	23.02
PB.20489.8	Protein_PB.20489.8	novelGene_2403	novelGene_2403	intergenic	YES	18.5	22.67	16.08
PB.20489.9	Protein_PB.20489.9	ZNF782	ZNF782	genic	YES	44.24	31.65	34.59
PB.20490.1	Protein_PB.20490.1	PRXL2C	PRXL2C	full-splice_match	YES	84.85	79.37	76.63
PB.20491.11	Protein_PB.20491.11	CDC14B	CDC14B	full-splice_match	YES	21.59	25.15	28.17
PB.20491.7	Protein_PB.20491.7	CDC14B	CDC14B	full-splice_match	YES	18.57	11.06	26.91
PB.20494.3		ZNF367	ZNF367	novel_not_in_catalog	NO	22.97	24.0	18.73
PB.20500.3	Protein_PB.20500.3	PTCH1	PTCH1	full-splice_match	YES	23.66	32.92	43.01
PB.20500.4	Protein_PB.20500.4	PTCH1	PTCH1	incomplete-splice_match	YES	18.83	3.36	27.03
PB.20504.2	Protein_PB.20504.2	FBP2	FBP2	full-splice_match	YES	1358.45	942.35	838.12
PB.20509.1	Protein_PB.20509.1	GAS1	GAS1	full-splice_match	YES	114.95	77.44	85.74
PB.20511.1	Protein_PB.20511.1	TUT7	TUT7	full-splice_match	YES	21.58	36.29	52.14
PB.20511.10	Protein_PB.20511.10	TUT7	TUT7	incomplete-splice_match	YES	49.0	45.04	63.92
PB.20511.13	Protein_PB.20511.13	TUT7	TUT7	full-splice_match	YES	33.02	21.37	30.36
PB.20511.5	Protein_PB.20511.5	TUT7	TUT7	full-splice_match	YES	23.19	48.16	22.56
PB.20512.1	Protein_PB.20512.1	ISCA1	ISCA1	full-splice_match	YES	700.69	710.06	584.02
PB.20512.6	Protein_PB.20512.6	ISCA1	ISCA1	novel_not_in_catalog	YES	149.16	221.17	404.48
PB.20512.7	Protein_PB.20512.7	ISCA1	ISCA1	novel_not_in_catalog	YES	126.3	144.87	171.32
PB.20513.2	Protein_PB.20513.2	GOLM1	GOLM1	full-splice_match	YES	90.68	67.67	63.3
PB.20513.4	Protein_PB.20513.4	GOLM1	GOLM1	full-splice_match	YES	12.65	10.98	59.91
PB.20514.1	Protein_PB.20514.1	AGTPBP1	AGTPBP1	novel_in_catalog	YES	65.77	30.77	78.45
PB.20514.2	Protein_PB.20514.2	AGTPBP1	AGTPBP1	novel_not_in_catalog	YES	32.2	39.67	30.19
PB.20514.3	Protein_PB.20514.3	AGTPBP1	AGTPBP1	full-splice_match	YES	141.0	101.47	142.43
PB.20518.10	Protein_PB.20518.10	HNRNPK	HNRNPK	full-splice_match	YES	469.15	506.72	773.59
PB.20518.20	Protein_PB.20518.20	HNRNPK	HNRNPK	novel_in_catalog	YES	892.25	952.96	856.53
PB.20518.24	Protein_PB.20518.24	HNRNPK	HNRNPK	novel_not_in_catalog	YES	13.77	16.1	27.27
PB.20518.27	Protein_PB.20518.27	HNRNPK	HNRNPK	full-splice_match	YES	122.46	106.55	158.37
PB.20518.28	Protein_PB.20518.28	HNRNPK	HNRNPK	novel_in_catalog	YES	47.16	41.77	23.28
PB.20518.33	Protein_PB.20518.33	HNRNPK	HNRNPK	full-splice_match	YES	18.19	30.24	78.28
PB.20518.34	Protein_PB.20518.34	HNRNPK	HNRNPK	novel_not_in_catalog	YES	39.83	14.66	29.78
PB.20518.39	Protein_PB.20518.39	HNRNPK	HNRNPK	novel_not_in_catalog	YES	19.1	17.32	20.57
PB.20518.40	Protein_PB.20518.40	HNRNPK	HNRNPK	novel_not_in_catalog	YES	118.42	112.45	78.33
PB.20518.7	Protein_PB.20518.7	HNRNPK	HNRNPK	full-splice_match	YES	123.06	200.56	73.87
PB.20518.9	Protein_PB.20518.9	HNRNPK	HNRNPK	full-splice_match	YES	252.04	239.7	176.0
PB.2052.1	Protein_PB.2052.1	CLIP4	CLIP4	full-splice_match	YES	45.8	102.2	20.95
PB.2052.2	Protein_PB.2052.2	CLIP4	CLIP4	full-splice_match	YES	320.64	328.67	163.27
PB.2052.3	Protein_PB.2052.3	CLIP4	CLIP4	full-splice_match	YES	101.24	122.07	63.28
PB.20520.6	Protein_PB.20520.6	CUNH9orf64	CUNH9orf64	full-splice_match	YES	46.32	48.69	50.58
PB.20521.1	Protein_PB.20521.1	KIF27	KIF27	full-splice_match	YES	18.11	13.9	14.93
PB.20522.2	Protein_PB.20522.2	GKAP1	GKAP1	full-splice_match	YES	100.07	99.81	121.29
PB.20522.3	Protein_PB.20522.3	GKAP1	GKAP1	full-splice_match	YES	68.54	70.97	81.93
PB.20523.1	Protein_PB.20523.1	UBQLN1	UBQLN1	full-splice_match	YES	437.54	507.76	440.54
PB.20523.2	Protein_PB.20523.2	UBQLN1	UBQLN1	full-splice_match	YES	98.25	143.23	185.59
PB.20523.3	Protein_PB.20523.3	UBQLN1	UBQLN1	novel_not_in_catalog	YES	5.02	8.97	34.62
PB.20523.4	Protein_PB.20523.4	UBQLN1	UBQLN1	full-splice_match	YES	18.91	19.59	18.06
PB.20523.6	Protein_PB.20523.6	UBQLN1	UBQLN1	incomplete-splice_match	YES	90.29	90.19	16.95
PB.20524.1	Protein_PB.20524.1	FRMD3	FRMD3	full-splice_match	YES	105.74	95.62	62.98
PB.20524.2	Protein_PB.20524.2	FRMD3	FRMD3	genic	YES	29.85	19.14	27.32
PB.20524.3	Protein_PB.20524.3	FRMD3	FRMD3	novel_not_in_catalog	YES	770.07	623.13	555.6
PB.20524.4	Protein_PB.20524.4	FRMD3	FRMD3	novel_not_in_catalog	YES	26.55	28.16	163.57
PB.20525.2	Protein_PB.20525.2	RASEF	RASEF	full-splice_match	YES	17.13	17.28	20.21
PB.20528.1	Protein_PB.20528.1	TLE1	TLE1	full-splice_match	YES	120.63	82.86	123.25
PB.20528.2	Protein_PB.20528.2	TLE1	TLE1	incomplete-splice_match	YES	162.85	137.76	181.54
PB.20528.3	Protein_PB.20528.3	TLE1	TLE1	full-splice_match	YES	6.38	11.34	20.65
PB.20528.5	Protein_PB.20528.5	TLE1	TLE1	full-splice_match	YES	175.26	160.95	241.37
PB.20534.1	Protein_PB.20534.1	novelGene_2417	novelGene_2417	intergenic	YES	279.86	222.36	293.74
PB.20536.1	Protein_PB.20536.1	GNAQ	GNAQ	full-splice_match	YES	224.37	207.23	300.27
PB.20537.1	Protein_PB.20537.1	GNA14	GNA14	full-splice_match	YES	17.32	16.04	10.98
PB.20538.1	Protein_PB.20538.1	PRUNE2_LOC113269875	PRUNE2_LOC113269875	fusion	YES	925.82	901.28	1088.72
PB.20538.3	Protein_PB.20538.3	PRUNE2	PRUNE2	full-splice_match	YES	773.01	606.05	748.32
PB.20538.4	Protein_PB.20538.4	PRUNE2	PRUNE2	novel_not_in_catalog	YES	524.71	544.33	634.26
PB.2054.1	Protein_PB.2054.1	YPEL5	YPEL5	full-splice_match	YES	121.35	142.03	122.71
PB.2054.2	Protein_PB.2054.2	YPEL5	YPEL5	incomplete-splice_match	YES	93.2	94.1	66.31
PB.2054.4	Protein_PB.2054.4	YPEL5	YPEL5	novel_not_in_catalog	YES	446.15	433.84	330.96
PB.2054.5	Protein_PB.2054.5	YPEL5	YPEL5	full-splice_match	YES	24.16	19.26	24.07
PB.20540.1	Protein_PB.20540.1	RFK	RFK	full-splice_match	YES	42.11	43.53	38.48
PB.20540.2	Protein_PB.20540.2	RFK	RFK	novel_not_in_catalog	YES	149.57	178.8	109.17
PB.20540.5	Protein_PB.20540.5	RFK	RFK	incomplete-splice_match	YES	251.53	304.87	181.93
PB.20543.2	Protein_PB.20543.2	NMRK1	NMRK1	full-splice_match	YES	26.73	29.98	30.02
PB.20543.4	Protein_PB.20543.4	NMRK1	NMRK1	full-splice_match	YES	19.52	17.39	20.09
PB.20543.6	Protein_PB.20543.6	NMRK1	NMRK1	novel_not_in_catalog	YES	17.65	18.81	17.24
PB.20544.1	Protein_PB.20544.1	CARNMT1	CARNMT1	full-splice_match	YES	252.46	244.99	168.88
PB.20544.2	Protein_PB.20544.2	CARNMT1	CARNMT1	novel_not_in_catalog	YES	1024.59	991.54	690.9
PB.20545.1		CUNH9orf40	CUNH9orf40	full-splice_match	NO	37.89	36.32	50.35
PB.20546.1	Protein_PB.20546.1	TRPM6	TRPM6	novel_in_catalog	YES	10.62	9.57	17.24
PB.2055.2	Protein_PB.2055.2	LBH	LBH	full-splice_match	YES	72.74	60.97	71.16
PB.20552.2	Protein_PB.20552.2	ALDH1A1	ALDH1A1	full-splice_match	YES	1197.95	1262.49	872.82
PB.20552.4	Protein_PB.20552.4	ALDH1A1	ALDH1A1	novel_not_in_catalog	YES	73.58	82.91	64.62
PB.20552.6	Protein_PB.20552.6	ALDH1A1	ALDH1A1	novel_not_in_catalog	YES	1330.47	1409.01	1159.81
PB.20553.2	Protein_PB.20553.2	ZNF658	ZNF658	novel_not_in_catalog	YES	85.01	81.65	58.09
PB.20558.1	Protein_PB.20558.1	HABP4	HABP4	full-splice_match	YES	396.52	463.21	310.37
PB.20558.2	Protein_PB.20558.2	HABP4	HABP4	full-splice_match	YES	33.61	48.09	50.8
PB.2056.4	Protein_PB.2056.4	LCLAT1	LCLAT1	full-splice_match	YES	83.44	85.37	102.75
PB.20564.1	Protein_PB.20564.1	ERCC6L2	ERCC6L2	full-splice_match	YES	184.57	181.17	172.3
PB.20564.3	Protein_PB.20564.3	ERCC6L2	ERCC6L2	incomplete-splice_match	YES	61.15	69.91	78.92
PB.20566.10	Protein_PB.20566.10	CUNH9orf3	CUNH9orf3	full-splice_match	YES	34.71	29.44	7.67
PB.20566.2	Protein_PB.20566.2	CUNH9orf3	CUNH9orf3	novel_not_in_catalog	YES	42.15	39.18	39.64
PB.20566.3	Protein_PB.20566.3	CUNH9orf3	CUNH9orf3	full-splice_match	YES	521.33	539.39	259.51
PB.20566.7	Protein_PB.20566.7	CUNH9orf3	CUNH9orf3	full-splice_match	YES	50.66	86.61	36.5
PB.20566.8	Protein_PB.20566.8	CUNH9orf3	CUNH9orf3	novel_not_in_catalog	YES	75.96	39.79	48.54
PB.20572.1		LOC113269882	LOC113269882	full-splice_match	NO	4.21	5.67	18.08
PB.20575.2	Protein_PB.20575.2	NAA35	NAA35	full-splice_match	YES	75.07	83.78	91.93
PB.20575.5	Protein_PB.20575.5	NAA35	NAA35	full-splice_match	YES	62.24	57.11	53.39
PB.20579.1	Protein_PB.20579.1	NTRK2	NTRK2	full-splice_match	YES	81.22	56.81	95.32
PB.20579.3	Protein_PB.20579.3	NTRK2	NTRK2	full-splice_match	YES	55.64	7.99	35.34
PB.20582.2	Protein_PB.20582.2	RMI1	RMI1	full-splice_match	YES	42.29	44.27	42.84
PB.20589.8	Protein_PB.20589.8	LOC113269823	LOC113269823	full-splice_match	YES	62.11	66.5	52.26
PB.20589.9	Protein_PB.20589.9	LOC113269823	LOC113269823	full-splice_match	YES	64.78	75.25	33.76
PB.2059.1	Protein_PB.2059.1	EHD3	EHD3	full-splice_match	YES	24.18	18.45	18.61
PB.20593.1	Protein_PB.20593.1	CEP78	CEP78	full-splice_match	YES	159.38	251.21	279.75
PB.20593.5	Protein_PB.20593.5	CEP78	CEP78	full-splice_match	YES	109.89	148.42	89.77
PB.20593.6	Protein_PB.20593.6	CEP78	CEP78	full-splice_match	YES	25.15	36.94	23.24
PB.20595.1	Protein_PB.20595.1	VPS13A	VPS13A	full-splice_match	YES	951.7	966.34	890.1
PB.20595.2	Protein_PB.20595.2	VPS13A	VPS13A	full-splice_match	YES	222.44	298.79	140.49
PB.20595.3	Protein_PB.20595.3	VPS13A	VPS13A	full-splice_match	YES	1075.65	1090.66	1090.71
PB.20595.4	Protein_PB.20595.4	VPS13A	VPS13A	incomplete-splice_match	YES	243.67	336.08	344.37
PB.2060.1	Protein_PB.2060.1	SPAST	SPAST	full-splice_match	YES	24.15	17.34	22.54
PB.2060.2	Protein_PB.2060.2	SPAST	SPAST	full-splice_match	YES	72.79	83.5	59.06
PB.2060.3	Protein_PB.2060.3	SPAST	SPAST	novel_in_catalog	YES	137.36	146.32	144.16
PB.20601.3	Protein_PB.20601.3	PCSK5	PCSK5	full-splice_match	YES	70.87	41.89	27.42
PB.20602.2	Protein_PB.20602.2	OSTF1	OSTF1	full-splice_match	YES	126.44	116.79	84.16
PB.20604.2	Protein_PB.20604.2	ANXA1	ANXA1	novel_not_in_catalog	YES	119.15	92.17	148.1
PB.20604.4	Protein_PB.20604.4	ANXA1	ANXA1	novel_not_in_catalog	YES	146.89	85.71	124.11
PB.20604.7	Protein_PB.20604.7	ANXA1	ANXA1	novel_in_catalog	YES	19.75	20.77	18.38
PB.20604.8	Protein_PB.20604.8	ANXA1	ANXA1	novel_not_in_catalog	YES	238.26	164.29	204.22
PB.2061.1	Protein_PB.2061.1	SLC30A6	SLC30A6	full-splice_match	YES	32.53	39.17	45.11
PB.2061.7	Protein_PB.2061.7	SLC30A6	SLC30A6	novel_not_in_catalog	YES	19.47	18.31	13.94
PB.20610.1	Protein_PB.20610.1	SAP30	SAP30	full-splice_match	YES	50.24	44.55	45.15
PB.2062.2	Protein_PB.2062.2	YIPF4	YIPF4	full-splice_match	YES	170.26	199.16	160.15
PB.20628.1	Protein_PB.20628.1	CTSB	CTSB	novel_in_catalog	YES	0.0	14.02	41.13
PB.20628.2	Protein_PB.20628.2	CTSB	CTSB	full-splice_match	YES	496.66	489.1	456.22
PB.20628.9	Protein_PB.20628.9	CTSB	CTSB	full-splice_match	YES	40.78	18.06	48.14
PB.20632.1	Protein_PB.20632.1	XKR6	XKR6	full-splice_match	YES	14.44	8.78	19.42
PB.20634.2	Protein_PB.20634.2	PINX1	PINX1	full-splice_match	YES	31.46	26.6	36.5
PB.20635.1	Protein_PB.20635.1	SOX7	SOX7	full-splice_match	YES	18.92	14.54	18.04
PB.20639.1	Protein_PB.20639.1	KIF13B	KIF13B	full-splice_match	YES	262.46	276.38	355.7
PB.20639.2	Protein_PB.20639.2	KIF13B	KIF13B	full-splice_match	YES	135.61	106.45	162.5
PB.2064.1	Protein_PB.2064.1	BIRC6	BIRC6	full-splice_match	YES	404.03	471.61	549.51
PB.2064.12	Protein_PB.2064.12	BIRC6	BIRC6	incomplete-splice_match	YES	30.69	45.27	72.62
PB.2064.2	Protein_PB.2064.2	BIRC6	BIRC6	full-splice_match	YES	73.35	69.98	103.34
PB.2064.3	Protein_PB.2064.3	BIRC6	BIRC6	full-splice_match	YES	181.99	374.23	218.52
PB.2064.4	Protein_PB.2064.4	BIRC6	BIRC6	full-splice_match	YES	305.43	210.22	354.24
PB.2064.7	Protein_PB.2064.7	BIRC6	BIRC6	full-splice_match	YES	409.44	296.39	310.74
PB.2064.8	Protein_PB.2064.8	BIRC6	BIRC6	full-splice_match	YES	54.71	49.25	77.84
PB.20641.1	Protein_PB.20641.1	INTS9	INTS9	full-splice_match	YES	64.87	69.2	54.19
PB.20645.1	Protein_PB.20645.1	ZNF395	ZNF395	full-splice_match	YES	56.0	74.62	163.89
PB.20645.3	Protein_PB.20645.3	ZNF395	ZNF395	full-splice_match	YES	105.99	65.65	93.0
PB.20647.1	Protein_PB.20647.1	SCARA5	SCARA5	full-splice_match	YES	185.45	142.04	176.16
PB.20647.2	Protein_PB.20647.2	SCARA5	SCARA5	full-splice_match	YES	114.78	36.91	57.94
PB.20647.3	Protein_PB.20647.3	SCARA5	SCARA5	incomplete-splice_match	YES	32.84	36.44	46.56
PB.20649.3	Protein_PB.20649.3	CCDC25	CCDC25	full-splice_match	YES	333.05	309.22	339.23
PB.20649.4	Protein_PB.20649.4	CCDC25	CCDC25	novel_in_catalog	YES	42.51	32.31	29.52
PB.20650.1	Protein_PB.20650.1	CLU	CLU	full-splice_match	YES	321.06	33.98	131.95
PB.20650.2	Protein_PB.20650.2	CLU	CLU	novel_not_in_catalog	YES	301.29	48.15	174.67
PB.20650.3	Protein_PB.20650.3	CLU	CLU	novel_not_in_catalog	YES	358.81	65.1	181.88
PB.20653.3	Protein_PB.20653.3	TRIM35	TRIM35	full-splice_match	YES	10.34	11.35	22.36
PB.2066.14	Protein_PB.2066.14	TTC27	TTC27	full-splice_match	YES	138.16	148.28	161.15
PB.20661.2	Protein_PB.20661.2	EBF2	EBF2	full-splice_match	YES	50.49	25.51	43.69
PB.20661.3	Protein_PB.20661.3	EBF2	EBF2	full-splice_match	YES	52.73	38.37	55.71
PB.20662.3	Protein_PB.20662.3	KCTD9	KCTD9	novel_not_in_catalog	YES	63.43	63.87	62.72
PB.20662.6	Protein_PB.20662.6	KCTD9	KCTD9	full-splice_match	YES	27.37	15.5	40.65
PB.20672.4	Protein_PB.20672.4	ENTPD4	ENTPD4	full-splice_match	YES	149.66	137.49	167.46
PB.20672.5	Protein_PB.20672.5	ENTPD4	ENTPD4	full-splice_match	YES	38.1	29.13	33.66
PB.20674.13	Protein_PB.20674.13	LOXL2	LOXL2	full-splice_match	YES	53.97	25.53	12.88
PB.20675.2	Protein_PB.20675.2	PEBP4	PEBP4	full-splice_match	YES	26.06	12.7	9.8
PB.20677.2	Protein_PB.20677.2	BIN3	BIN3	full-splice_match	YES	18.9	15.68	23.44
PB.20680.1	Protein_PB.20680.1	novelGene_PPP3CC_AS	novelGene_PPP3CC_AS	antisense	YES	29.41	36.08	64.3
PB.20684.1	Protein_PB.20684.1	HR	HR	full-splice_match	YES	20.32	11.4	4.48
PB.20689.1	Protein_PB.20689.1	LZTS1	LZTS1	full-splice_match	YES	17.32	24.14	23.27
PB.20691.1		novelGene_LPL_AS	novelGene_LPL_AS	antisense	NO	22.3	30.06	22.81
PB.20693.2	Protein_PB.20693.2	HMGB2	HMGB2	full-splice_match	YES	84.81	112.55	99.63
PB.20693.3	Protein_PB.20693.3	HMGB2	HMGB2	novel_in_catalog	YES	38.28	58.75	57.73
PB.20697.2	Protein_PB.20697.2	FBXO8	FBXO8	full-splice_match	YES	25.12	19.14	19.07
PB.20697.3	Protein_PB.20697.3	FBXO8	FBXO8	novel_not_in_catalog	YES	24.71	35.62	41.39
PB.20703.1	Protein_PB.20703.1	FDFT1	FDFT1	full-splice_match	YES	831.34	1036.16	1265.62
PB.20703.3	Protein_PB.20703.3	FDFT1	FDFT1	novel_not_in_catalog	YES	345.46	403.22	389.11
PB.20703.4	Protein_PB.20703.4	FDFT1	FDFT1	novel_in_catalog	YES	174.19	211.94	238.91
PB.20704.3	Protein_PB.20704.3	NEIL2	NEIL2	full-splice_match	YES	33.59	43.47	61.04
PB.20708.1	Protein_PB.20708.1	MTMR9	MTMR9	full-splice_match	YES	206.36	226.61	181.05
PB.2071.1	Protein_PB.2071.1	LTBP1	LTBP1	full-splice_match	YES	38.01	13.29	23.9
PB.2071.2	Protein_PB.2071.2	LTBP1	LTBP1	full-splice_match	YES	99.86	53.39	87.82
PB.2071.6	Protein_PB.2071.6	LTBP1	LTBP1	full-splice_match	YES	42.81	19.4	23.4
PB.2071.7	Protein_PB.2071.7	LTBP1	LTBP1	incomplete-splice_match	YES	45.61	43.06	38.39
PB.2071.8	Protein_PB.2071.8	LTBP1	LTBP1	novel_not_in_catalog	YES	63.33	24.85	41.2
PB.20714.2	Protein_PB.20714.2	MSRA	MSRA	full-splice_match	YES	31.37	70.48	24.93
PB.20714.3	Protein_PB.20714.3	MSRA	MSRA	novel_not_in_catalog	YES	71.88	31.97	45.24
PB.20714.4	Protein_PB.20714.4	MSRA	MSRA	novel_in_catalog	YES	55.53	44.12	43.16
PB.20714.5	Protein_PB.20714.5	MSRA	MSRA	novel_not_in_catalog	YES	87.75	94.18	68.14
PB.20714.6	Protein_PB.20714.6	MSRA	MSRA	novel_not_in_catalog	YES	12.24	31.96	11.22
PB.20715.1	Protein_PB.20715.1	HMBOX1	HMBOX1	full-splice_match	YES	105.02	162.7	162.97
PB.20715.3	Protein_PB.20715.3	HMBOX1	HMBOX1	full-splice_match	YES	45.1	11.92	25.0
PB.20715.5	Protein_PB.20715.5	HMBOX1	HMBOX1	full-splice_match	YES	68.34	32.61	75.28
PB.20715.6	Protein_PB.20715.6	HMBOX1	HMBOX1	full-splice_match	YES	26.97	25.98	37.42
PB.20716.10	Protein_PB.20716.10	EXTL3_LOC113269942	EXTL3_LOC113269942	fusion	YES	253.32	284.15	201.46
PB.20716.11	Protein_PB.20716.11	EXTL3_LOC113269942	EXTL3_LOC113269942	fusion	YES	18.51	12.53	15.85
PB.20716.3	Protein_PB.20716.3	EXTL3_LOC113269942	EXTL3_LOC113269942	fusion	YES	98.72	155.12	78.63
PB.20716.4	Protein_PB.20716.4	EXTL3_LOC113269942	EXTL3_LOC113269942	fusion	YES	43.26	52.39	54.1
PB.20716.7	Protein_PB.20716.7	EXTL3	EXTL3	novel_not_in_catalog	YES	30.77	15.31	30.08
PB.20716.8	Protein_PB.20716.8	EXTL3	EXTL3	full-splice_match	YES	41.59	86.92	55.98
PB.20716.9	Protein_PB.20716.9	EXTL3_LOC113269942	EXTL3_LOC113269942	fusion	YES	66.75	13.7	22.11
PB.20719.1	Protein_PB.20719.1	ELP3	ELP3	full-splice_match	YES	147.14	144.67	149.73
PB.20719.3	Protein_PB.20719.3	ELP3	ELP3	full-splice_match	YES	61.07	79.16	59.41
PB.2072.3	Protein_PB.2072.3	RASGRP3	RASGRP3	full-splice_match	YES	17.12	14.12	26.07
PB.2072.4	Protein_PB.2072.4	RASGRP3	RASGRP3	novel_not_in_catalog	YES	34.63	40.43	14.38
PB.2072.5	Protein_PB.2072.5	RASGRP3	RASGRP3	novel_not_in_catalog	YES	43.59	41.19	28.75
PB.2072.6	Protein_PB.2072.6	RASGRP3	RASGRP3	novel_not_in_catalog	YES	34.42	54.06	59.19
PB.2072.9	Protein_PB.2072.9	RASGRP3	RASGRP3	novel_in_catalog	YES	31.72	6.87	24.84
PB.20721.1	Protein_PB.20721.1	SCARA3	SCARA3	incomplete-splice_match	YES	165.5	45.18	91.31
PB.20721.2	Protein_PB.20721.2	SCARA3	SCARA3	full-splice_match	YES	0.0	4.31	18.75
PB.20723.1	Protein_PB.20723.1	EPHX2	EPHX2	full-splice_match	YES	637.7	746.76	337.23
PB.20729.1	Protein_PB.20729.1	DPYSL2	DPYSL2	full-splice_match	YES	326.08	326.62	303.35
PB.20729.2	Protein_PB.20729.2	DPYSL2	DPYSL2	novel_not_in_catalog	YES	497.05	394.5	386.7
PB.20732.4	Protein_PB.20732.4	BNIP3L	BNIP3L	full-splice_match	YES	106.93	99.97	149.71
PB.20734.1	Protein_PB.20734.1	PPP2R2A	PPP2R2A	full-splice_match	YES	49.26	54.85	62.73
PB.20734.3	Protein_PB.20734.3	PPP2R2A	PPP2R2A	full-splice_match	YES	128.98	162.0	140.42
PB.20734.7	Protein_PB.20734.7	PPP2R2A	PPP2R2A	novel_not_in_catalog	YES	120.38	143.33	84.22
PB.2074.1	Protein_PB.2074.1	CRIM1	CRIM1	full-splice_match	YES	270.43	311.72	171.46
PB.2074.4	Protein_PB.2074.4	CRIM1	CRIM1	full-splice_match	YES	112.43	131.84	183.66
PB.2074.5	Protein_PB.2074.5	CRIM1	CRIM1	full-splice_match	YES	63.3	72.05	60.62
PB.2074.6	Protein_PB.2074.6	CRIM1	CRIM1	full-splice_match	YES	76.07	105.67	130.21
PB.2074.7	Protein_PB.2074.7	CRIM1	CRIM1	novel_not_in_catalog	YES	225.41	414.46	353.5
PB.20740.2	Protein_PB.20740.2	DOCK5	DOCK5	full-splice_match	YES	19.76	28.38	43.8
PB.20740.3	Protein_PB.20740.3	DOCK5	DOCK5	full-splice_match	YES	26.8	15.73	6.42
PB.20747.1	Protein_PB.20747.1	SLC25A37	SLC25A37	novel_in_catalog	YES	161.97	157.1	93.15
PB.20747.4	Protein_PB.20747.4	SLC25A37	SLC25A37	full-splice_match	YES	20.75	5.38	12.61
PB.20747.6	Protein_PB.20747.6	SLC25A37	SLC25A37	novel_in_catalog	YES	38.7	16.86	19.19
PB.20747.7	Protein_PB.20747.7	SLC25A37	SLC25A37	full-splice_match	YES	69.02	87.97	83.52
PB.20747.8	Protein_PB.20747.8	SLC25A37	SLC25A37	novel_in_catalog	YES	180.33	195.79	158.55
PB.20747.9	Protein_PB.20747.9	SLC25A37	SLC25A37	novel_not_in_catalog	YES	59.79	62.05	84.74
PB.20749.10	Protein_PB.20749.10	R3HCC1	R3HCC1	full-splice_match	YES	17.58	13.59	22.77
PB.20749.8	Protein_PB.20749.8	R3HCC1	R3HCC1	full-splice_match	YES	78.57	66.37	61.08
PB.2075.1	Protein_PB.2075.1	VIT	VIT	full-splice_match	YES	23.6	15.51	13.44
PB.2075.3	Protein_PB.2075.3	VIT	VIT	full-splice_match	YES	19.3	9.94	13.36
PB.2075.7	Protein_PB.2075.7	VIT	VIT	novel_in_catalog	YES	28.4	20.32	11.9
PB.20750.1	Protein_PB.20750.1	CHMP7	CHMP7	full-splice_match	YES	380.73	379.74	418.23
PB.20750.3	Protein_PB.20750.3	CHMP7	CHMP7	novel_in_catalog	YES	36.19	36.99	31.7
PB.20751.1	Protein_PB.20751.1	RHOBTB2	RHOBTB2	full-splice_match	YES	164.14	160.33	187.66
PB.20751.2	Protein_PB.20751.2	RHOBTB2	RHOBTB2	full-splice_match	YES	30.21	32.79	31.12
PB.20754.3	Protein_PB.20754.3	CCAR2	CCAR2	novel_not_in_catalog	YES	9.47	20.93	12.26
PB.20754.5	Protein_PB.20754.5	CCAR2	CCAR2	full-splice_match	YES	197.49	172.37	178.22
PB.20754.7	Protein_PB.20754.7	CCAR2	CCAR2	full-splice_match	YES	28.83	18.02	17.66
PB.20756.10	Protein_PB.20756.10	SORBS3	SORBS3	novel_not_in_catalog	YES	27.7	10.46	12.37
PB.20756.13	Protein_PB.20756.13	SORBS3	SORBS3	novel_in_catalog	YES	24.8	19.54	26.19
PB.20756.14	Protein_PB.20756.14	SORBS3	SORBS3	full-splice_match	YES	32.65	44.45	25.27
PB.20756.15	Protein_PB.20756.15	SORBS3	SORBS3	novel_not_in_catalog	YES	51.21	59.78	45.09
PB.20756.3	Protein_PB.20756.3	SORBS3	SORBS3	full-splice_match	YES	223.36	212.58	161.48
PB.20756.4	Protein_PB.20756.4	SORBS3	SORBS3	full-splice_match	YES	33.77	25.46	28.66
PB.20756.9	Protein_PB.20756.9	SORBS3	SORBS3	novel_in_catalog	YES	38.43	23.06	26.42
PB.20757.1	Protein_PB.20757.1	PPP3CC	PPP3CC	novel_not_in_catalog	YES	97.12	143.66	121.85
PB.20757.2	Protein_PB.20757.2	PPP3CC	PPP3CC	full-splice_match	YES	1661.13	2011.16	1857.99
PB.20757.4	Protein_PB.20757.4	PPP3CC	PPP3CC	novel_in_catalog	YES	26.86	83.82	86.72
PB.20758.4	Protein_PB.20758.4	SLC39A14	SLC39A14	full-splice_match	YES	109.43	69.66	71.29
PB.20760.1	Protein_PB.20760.1	POLR3D	POLR3D	full-splice_match	YES	92.21	102.19	79.98
PB.20760.2	Protein_PB.20760.2	POLR3D	POLR3D	full-splice_match	YES	169.26	189.31	183.59
PB.20760.3	Protein_PB.20760.3	POLR3D	POLR3D	novel_in_catalog	YES	164.95	157.88	90.07
PB.20761.1	Protein_PB.20761.1	BMP1	BMP1	novel_in_catalog	YES	43.26	8.93	18.5
PB.20763.1	Protein_PB.20763.1	FAM160B2	FAM160B2	full-splice_match	YES	671.69	712.94	575.28
PB.20763.2	Protein_PB.20763.2	FAM160B2	FAM160B2	full-splice_match	YES	66.1	60.19	29.49
PB.20764.1	Protein_PB.20764.1	DMTN	DMTN	full-splice_match	YES	60.97	75.84	49.16
PB.20767.1	Protein_PB.20767.1	XPO7	XPO7	full-splice_match	YES	498.77	595.44	520.64
PB.20767.2	Protein_PB.20767.2	XPO7	XPO7	full-splice_match	YES	138.04	110.15	80.74
PB.2077.4	Protein_PB.2077.4	GPATCH11	GPATCH11	full-splice_match	YES	38.84	47.12	51.35
PB.2077.6	Protein_PB.2077.6	GPATCH11	GPATCH11	full-splice_match	YES	38.61	51.49	32.75
PB.2077.7	Protein_PB.2077.7	GPATCH11	GPATCH11	full-splice_match	YES	36.14	38.06	34.45
PB.20771.1	Protein_PB.20771.1	ATP6V1B2	ATP6V1B2	full-splice_match	YES	32.76	17.78	35.51
PB.20771.2	Protein_PB.20771.2	ATP6V1B2	ATP6V1B2	novel_in_catalog	YES	68.89	62.81	68.23
PB.20771.3	Protein_PB.20771.3	ATP6V1B2	ATP6V1B2	novel_not_in_catalog	YES	238.23	260.85	238.92
PB.20773.2	Protein_PB.20773.2	LPL	LPL	full-splice_match	YES	903.77	2329.23	941.16
PB.20773.3	Protein_PB.20773.3	LPL	LPL	novel_not_in_catalog	YES	637.6	1370.53	607.07
PB.20773.4	Protein_PB.20773.4	LPL	LPL	incomplete-splice_match	YES	50.03	119.49	38.95
PB.20775.2	Protein_PB.20775.2	MFSD14B	MFSD14B	full-splice_match	YES	39.87	13.6	22.71
PB.20775.4	Protein_PB.20775.4	MFSD14B	MFSD14B	incomplete-splice_match	YES	34.76	44.28	49.63
PB.20776.2		novelGene_LOC113270085_AS	novelGene_LOC113270085_AS	antisense	NO	9.37	10.33	21.05
PB.20776.4		novelGene_LOC113270085_AS	novelGene_LOC113270085_AS	antisense	NO	50.11	62.31	39.02
PB.20776.5	Protein_PB.20776.5	novelGene_LOC113270085_AS	novelGene_LOC113270085_AS	antisense	YES	19.02	20.16	21.02
PB.20777.1	Protein_PB.20777.1	novelGene_NOL8_AS	novelGene_NOL8_AS	antisense	YES	23.09	24.7	24.93
PB.2078.2		CEBPZOS	CEBPZOS	full-splice_match	NO	186.68	213.08	179.55
PB.2078.6		CEBPZOS	CEBPZOS	full-splice_match	NO	15.1	21.0	15.38
PB.20781.3	Protein_PB.20781.3	CARD19	CARD19	full-splice_match	YES	46.11	40.25	65.69
PB.20781.4	Protein_PB.20781.4	CARD19	CARD19	full-splice_match	YES	48.98	40.53	21.75
PB.20783.1	Protein_PB.20783.1	WNK2	WNK2	full-splice_match	YES	574.21	455.55	648.34
PB.20783.2	Protein_PB.20783.2	WNK2	WNK2	novel_not_in_catalog	YES	56.86	45.22	68.35
PB.20785.1	Protein_PB.20785.1	FAM120A	FAM120A	full-splice_match	YES	1060.31	1091.9	1021.28
PB.20786.1	Protein_PB.20786.1	PHF2	PHF2	full-splice_match	YES	174.43	135.82	174.14
PB.20786.2	Protein_PB.20786.2	PHF2	PHF2	novel_not_in_catalog	YES	27.81	26.33	58.35
PB.2079.1	Protein_PB.2079.1	NDUFAF7	NDUFAF7	full-splice_match	YES	238.57	266.53	210.59
PB.20790.3	Protein_PB.20790.3	ZNF169	ZNF169	full-splice_match	YES	35.65	10.92	30.09
PB.20795.1	Protein_PB.20795.1	SPIN1	SPIN1	full-splice_match	YES	116.86	88.03	112.8
PB.20795.5	Protein_PB.20795.5	SPIN1	SPIN1	incomplete-splice_match	YES	161.82	148.45	190.35
PB.20802.2	Protein_PB.20802.2	SECISBP2	SECISBP2	full-splice_match	YES	68.47	61.79	76.54
PB.20802.3	Protein_PB.20802.3	SECISBP2	SECISBP2	full-splice_match	YES	27.25	24.26	16.0
PB.20804.1	Protein_PB.20804.1	GADD45G	GADD45G	full-splice_match	YES	47.11	62.06	175.23
PB.20807.1	Protein_PB.20807.1	SYK	SYK	full-splice_match	YES	16.68	12.32	17.01
PB.2081.4	Protein_PB.2081.4	RMDN2	RMDN2	novel_not_in_catalog	YES	34.47	29.54	30.63
PB.2081.7	Protein_PB.2081.7	RMDN2	RMDN2	full-splice_match	YES	10.72	14.24	20.75
PB.20816.1	Protein_PB.20816.1	ERMP1	ERMP1	full-splice_match	YES	110.5	129.12	142.86
PB.20816.2	Protein_PB.20816.2	ERMP1	ERMP1	incomplete-splice_match	YES	65.61	78.03	97.26
PB.20817.2	Protein_PB.20817.2	PLGRKT	PLGRKT	novel_in_catalog	YES	186.7	218.17	110.1
PB.20817.8	Protein_PB.20817.8	PLGRKT	PLGRKT	full-splice_match	YES	65.16	88.41	44.73
PB.20822.1	Protein_PB.20822.1	AK3	AK3	full-splice_match	YES	71.12	57.44	57.35
PB.20823.1	Protein_PB.20823.1	LOC113270166	LOC113270166	full-splice_match	YES	78.49	72.37	58.37
PB.20827.1	Protein_PB.20827.1	GLIS3	GLIS3	full-splice_match	YES	62.89	90.87	67.14
PB.20828.9	Protein_PB.20828.9	RFX3	RFX3	novel_not_in_catalog	YES	56.38	49.76	99.63
PB.20830.11	Protein_PB.20830.11	PUM3	PUM3	novel_not_in_catalog	YES	118.58	133.17	126.92
PB.20830.15	Protein_PB.20830.15	PUM3	PUM3	full-splice_match	YES	106.06	78.08	80.72
PB.20830.9	Protein_PB.20830.9	PUM3	PUM3	novel_not_in_catalog	YES	18.05	11.27	5.59
PB.20835.10	Protein_PB.20835.10	LOC113270188	LOC113270188	full-splice_match	YES	70.19	70.44	67.2
PB.20835.13	Protein_PB.20835.13	LOC113270188	LOC113270188	novel_not_in_catalog	YES	2.45	12.7	22.2
PB.20835.4	Protein_PB.20835.4	LOC113270188	LOC113270188	novel_not_in_catalog	YES	44.08	26.34	45.11
PB.20837.1	Protein_PB.20837.1	PGM5	PGM5	full-splice_match	YES	411.19	394.22	452.22
PB.2084.1	Protein_PB.2084.1	GALM	GALM	novel_not_in_catalog	YES	39.07	42.34	37.14
PB.2084.2	Protein_PB.2084.2	GALM	GALM	full-splice_match	YES	116.78	141.23	150.95
PB.20841.1	Protein_PB.20841.1	FAM122A	FAM122A	full-splice_match	YES	43.8	55.55	37.32
PB.20841.2	Protein_PB.20841.2	FAM122A	FAM122A	full-splice_match	YES	52.26	61.01	69.73
PB.20844.1	Protein_PB.20844.1	FXN	FXN	full-splice_match	YES	130.92	109.9	119.76
PB.20845.1	Protein_PB.20845.1	TJP2	TJP2	full-splice_match	YES	29.08	24.69	30.72
PB.20845.4	Protein_PB.20845.4	TJP2	TJP2	full-splice_match	YES	9.4	22.07	31.75
PB.20845.5	Protein_PB.20845.5	TJP2	TJP2	full-splice_match	YES	24.93	18.91	24.7
PB.20845.8	Protein_PB.20845.8	TJP2	TJP2	incomplete-splice_match	YES	45.35	19.13	12.56
PB.20845.9	Protein_PB.20845.9	TJP2	TJP2	incomplete-splice_match	YES	25.72	24.6	25.99
PB.20846.1	Protein_PB.20846.1	FAM189A2	FAM189A2	full-splice_match	YES	344.91	360.66	425.56
PB.20850.1	Protein_PB.20850.1	SMC5	SMC5	incomplete-splice_match	YES	29.73	14.55	7.13
PB.20850.10	Protein_PB.20850.10	SMC5	SMC5	incomplete-splice_match	YES	22.74	50.3	12.33
PB.20850.3	Protein_PB.20850.3	SMC5	SMC5	full-splice_match	YES	37.0	18.26	35.77
PB.20850.7	Protein_PB.20850.7	SMC5	SMC5	full-splice_match	YES	91.35	89.84	68.21
PB.20852.3		novelGene_TRPM3_AS	novelGene_TRPM3_AS	antisense	NO	31.26	36.71	34.08
PB.20856.1	Protein_PB.20856.1	CUNH9orf85	CUNH9orf85	full-splice_match	YES	28.4	32.94	33.62
PB.20858.1	Protein_PB.20858.1	GDA	GDA	full-splice_match	YES	291.03	215.09	374.81
PB.20860.1	Protein_PB.20860.1	TMC1	TMC1	full-splice_match	YES	49.01	63.72	39.85
PB.20863.1	Protein_PB.20863.1	ZNF484	ZNF484	full-splice_match	YES	16.89	22.95	9.35
PB.20863.3	Protein_PB.20863.3	ZNF484	ZNF484	full-splice_match	YES	161.51	177.51	192.44
PB.20866.2	Protein_PB.20866.2	IARS	IARS	full-splice_match	YES	711.34	814.22	600.89
PB.20867.1		novelGene_2433	novelGene_2433	intergenic	NO	30.95	30.01	22.8
PB.20868.3	Protein_PB.20868.3	NOL8	NOL8	full-splice_match	YES	113.59	94.4	89.34
PB.20868.4	Protein_PB.20868.4	NOL8	NOL8	full-splice_match	YES	48.37	67.4	43.93
PB.20868.5	Protein_PB.20868.5	NOL8	NOL8	full-splice_match	YES	67.16	51.78	71.46
PB.20869.1	Protein_PB.20869.1	OGN	OGN	full-splice_match	YES	98.38	47.04	85.33
PB.2087.1	Protein_PB.2087.1	GEMIN6	GEMIN6	full-splice_match	YES	38.67	36.52	32.35
PB.20870.1	Protein_PB.20870.1	OMD	OMD	full-splice_match	YES	203.49	154.05	142.71
PB.20871.6	Protein_PB.20871.6	ASPN	ASPN	full-splice_match	YES	208.09	100.61	110.07
PB.20872.1	Protein_PB.20872.1	ECM2	ECM2	full-splice_match	YES	133.53	70.64	52.81
PB.20872.2	Protein_PB.20872.2	ECM2	ECM2	full-splice_match	YES	149.22	100.34	112.87
PB.20872.7	Protein_PB.20872.7	ECM2	ECM2	novel_in_catalog	YES	13.15	21.49	25.18
PB.20872.9	Protein_PB.20872.9	ECM2	ECM2	full-splice_match	YES	74.87	56.59	52.96
PB.20873.1	Protein_PB.20873.1	IPPK	IPPK	full-splice_match	YES	106.48	128.26	159.39
PB.20873.2	Protein_PB.20873.2	IPPK	IPPK	novel_not_in_catalog	YES	116.78	132.83	80.72
PB.20874.1	Protein_PB.20874.1	BICD2	BICD2	full-splice_match	YES	222.95	216.57	255.89
PB.20874.2	Protein_PB.20874.2	BICD2	BICD2	full-splice_match	YES	39.94	31.39	21.8
PB.20874.3	Protein_PB.20874.3	BICD2	BICD2	full-splice_match	YES	263.4	273.49	245.62
PB.20876.1	Protein_PB.20876.1	NINJ1	NINJ1	full-splice_match	YES	18.34	9.58	10.55
PB.20878.1	Protein_PB.20878.1	LOC113270105	LOC113270105	full-splice_match	YES	12.59	10.34	16.36
PB.20882.1	Protein_PB.20882.1	CDK20	CDK20	novel_not_in_catalog	YES	13.94	4.42	17.96
PB.20882.2	Protein_PB.20882.2	CDK20	CDK20	novel_not_in_catalog	YES	19.16	20.62	13.02
PB.20882.21	Protein_PB.20882.21	CDK20	CDK20	full-splice_match	YES	45.16	44.68	35.18
PB.20882.3	Protein_PB.20882.3	CDK20	CDK20	novel_not_in_catalog	YES	6.29	13.2	20.97
PB.20887.2	Protein_PB.20887.2	SEMA4D	SEMA4D	novel_not_in_catalog	YES	410.49	376.28	358.07
PB.20887.5	Protein_PB.20887.5	SEMA4D	SEMA4D	full-splice_match	YES	17.77	9.64	23.61
PB.20891.6	Protein_PB.20891.6	AUH	AUH	full-splice_match	YES	10.65	20.36	7.61
PB.20891.7	Protein_PB.20891.7	AUH	AUH	full-splice_match	YES	183.59	216.23	161.66
PB.20891.9	Protein_PB.20891.9	AUH	AUH	full-splice_match	YES	15.8	26.27	36.01
PB.20892.2	Protein_PB.20892.2	NFIL3	NFIL3	full-splice_match	YES	66.59	71.48	82.84
PB.20895.1	Protein_PB.20895.1	novelGene_2439	novelGene_2439	intergenic	YES	16.01	32.8	75.79
PB.20895.2	Protein_PB.20895.2	novelGene_2440	novelGene_2440	intergenic	YES	28.9	40.39	37.56
PB.20895.3	Protein_PB.20895.3	novelGene_2441	novelGene_2441	intergenic	YES	38.59	46.49	37.74
PB.20898.4	Protein_PB.20898.4	SPTLC1	SPTLC1	full-splice_match	YES	166.32	164.7	201.88
PB.209.2	Protein_PB.209.2	CRYBG3	CRYBG3	full-splice_match	YES	2897.92	2673.69	2074.59
PB.209.3	Protein_PB.209.3	CRYBG3	CRYBG3	full-splice_match	YES	110.25	86.81	76.63
PB.209.7	Protein_PB.209.7	CRYBG3	CRYBG3	incomplete-splice_match	YES	37.0	25.08	98.86
PB.20903.1	Protein_PB.20903.1	RIC1	RIC1	full-splice_match	YES	214.62	209.52	223.84
PB.20903.4	Protein_PB.20903.4	RIC1	RIC1	full-splice_match	YES	92.01	94.05	65.08
PB.20903.5	Protein_PB.20903.5	RIC1	RIC1	incomplete-splice_match	YES	25.94	26.0	55.23
PB.20907.11	Protein_PB.20907.11	RCL1	RCL1	full-splice_match	YES	10.86	20.1	30.96
PB.20907.13		RCL1	RCL1	novel_not_in_catalog	NO	24.09	22.82	22.97
PB.20907.14	Protein_PB.20907.14	RCL1	RCL1	full-splice_match	YES	18.72	35.9	31.06
PB.20907.15	Protein_PB.20907.15	RCL1	RCL1	full-splice_match	YES	32.96	64.48	44.68
PB.20907.16	Protein_PB.20907.16	RCL1	RCL1	full-splice_match	YES	144.21	120.28	81.38
PB.20907.2	Protein_PB.20907.2	JAK2	JAK2	full-splice_match	YES	159.56	197.14	147.48
PB.20907.23	Protein_PB.20907.23	RCL1	RCL1	novel_not_in_catalog	YES	34.14	40.21	21.52
PB.20907.31	Protein_PB.20907.31	RCL1	RCL1	novel_not_in_catalog	YES	22.2	30.43	9.71
PB.20907.36	Protein_PB.20907.36	RCL1	RCL1	novel_not_in_catalog	YES	30.23	27.1	19.68
PB.20907.5	Protein_PB.20907.5	RCL1_JAK2	RCL1_JAK2	fusion	YES	66.28	95.23	53.24
PB.20907.7	Protein_PB.20907.7	JAK2	JAK2	novel_not_in_catalog	YES	496.06	673.76	427.03
PB.20907.8	Protein_PB.20907.8	JAK2	JAK2	novel_not_in_catalog	YES	500.94	638.02	383.86
PB.20907.9	Protein_PB.20907.9	JAK2	JAK2	novel_not_in_catalog	YES	26.21	54.57	26.94
PB.20909.1	Protein_PB.20909.1	CDC37L1	CDC37L1	full-splice_match	YES	122.55	106.41	145.35
PB.20909.2	Protein_PB.20909.2	CDC37L1	CDC37L1	full-splice_match	YES	650.91	529.45	505.3
PB.20910.1	Protein_PB.20910.1	PLPP6	PLPP6	full-splice_match	YES	15.6	22.16	19.94
PB.20916.2		KCNV2	KCNV2	full-splice_match	NO	25.72	29.24	15.57
PB.20917.1	Protein_PB.20917.1	VLDLR	VLDLR	full-splice_match	YES	444.08	397.65	374.29
PB.20917.10	Protein_PB.20917.10	VLDLR	VLDLR	full-splice_match	YES	113.14	99.63	64.74
PB.20917.11	Protein_PB.20917.11	VLDLR	VLDLR	novel_not_in_catalog	YES	121.11	78.7	71.23
PB.20919.1	Protein_PB.20919.1	SMARCA2	SMARCA2	full-splice_match	YES	109.43	149.1	93.92
PB.20919.10	Protein_PB.20919.10	SMARCA2	SMARCA2	incomplete-splice_match	YES	192.34	177.19	131.55
PB.20919.11	Protein_PB.20919.11	SMARCA2	SMARCA2	full-splice_match	YES	24.38	29.2	38.61
PB.20919.12	Protein_PB.20919.12	SMARCA2	SMARCA2	incomplete-splice_match	YES	81.58	72.35	67.47
PB.20919.2	Protein_PB.20919.2	SMARCA2	SMARCA2	full-splice_match	YES	177.62	170.07	106.48
PB.20919.3	Protein_PB.20919.3	SMARCA2	SMARCA2	full-splice_match	YES	64.33	122.53	86.86
PB.20919.4	Protein_PB.20919.4	SMARCA2	SMARCA2	full-splice_match	YES	102.43	159.64	24.2
PB.20919.5	Protein_PB.20919.5	SMARCA2	SMARCA2	full-splice_match	YES	325.09	215.39	349.15
PB.20919.7	Protein_PB.20919.7	SMARCA2	SMARCA2	novel_not_in_catalog	YES	48.66	62.49	55.4
PB.20919.8	Protein_PB.20919.8	SMARCA2	SMARCA2	novel_not_in_catalog	YES	10.11	29.57	20.88
PB.20919.9	Protein_PB.20919.9	SMARCA2	SMARCA2	incomplete-splice_match	YES	198.38	189.14	280.28
PB.20920.1	Protein_PB.20920.1	DMRT2	DMRT2	full-splice_match	YES	17.34	20.69	17.07
PB.20920.2	Protein_PB.20920.2	DMRT2	DMRT2	novel_not_in_catalog	YES	41.18	32.98	31.13
PB.20923.13	Protein_PB.20923.13	KANK1	KANK1	novel_in_catalog	YES	24.78	21.53	39.57
PB.20923.19	Protein_PB.20923.19	KANK1	KANK1	novel_in_catalog	YES	88.59	47.61	10.58
PB.20923.2	Protein_PB.20923.2	KANK1	KANK1	full-splice_match	YES	18.09	13.0	54.77
PB.20923.3	Protein_PB.20923.3	KANK1	KANK1	novel_not_in_catalog	YES	39.85	6.35	52.54
PB.20923.4	Protein_PB.20923.4	KANK1	KANK1	novel_not_in_catalog	YES	55.48	94.21	54.78
PB.20923.5	Protein_PB.20923.5	KANK1	KANK1	novel_not_in_catalog	YES	15.75	8.53	40.48
PB.20924.8	Protein_PB.20924.8	DOCK8	DOCK8	full-splice_match	YES	54.29	27.15	56.08
PB.20930.1	Protein_PB.20930.1	PTAR1	PTAR1	full-splice_match	YES	170.21	149.52	199.27
PB.20931.1	Protein_PB.20931.1	KLF9	KLF9	full-splice_match	YES	664.27	737.42	420.53
PB.20933.2	Protein_PB.20933.2	TRPM3	TRPM3	full-splice_match	YES	85.63	52.11	37.68
PB.20933.3	Protein_PB.20933.3	TRPM3	TRPM3	full-splice_match	YES	1.66	13.32	30.1
PB.20933.4	Protein_PB.20933.4	TRPM3	TRPM3	novel_not_in_catalog	YES	19.5	8.81	15.24
PB.20936.1	Protein_PB.20936.1	CEMIP2	CEMIP2	full-splice_match	YES	86.2	114.9	159.61
PB.20936.3	Protein_PB.20936.3	CEMIP2	CEMIP2	full-splice_match	YES	22.63	7.02	17.28
PB.20936.4	Protein_PB.20936.4	CEMIP2	CEMIP2	novel_not_in_catalog	YES	19.13	26.04	8.81
PB.20936.5	Protein_PB.20936.5	CEMIP2	CEMIP2	full-splice_match	YES	345.09	262.72	180.52
PB.20936.9	Protein_PB.20936.9	CEMIP2	CEMIP2	full-splice_match	YES	282.39	135.06	137.81
PB.20939.2	Protein_PB.20939.2	ABHD17B	ABHD17B	full-splice_match	YES	38.95	40.69	36.42
PB.20939.3	Protein_PB.20939.3	ABHD17B	ABHD17B	incomplete-splice_match	YES	47.98	58.49	59.45
PB.20941.1	Protein_PB.20941.1	ZFAND5	ZFAND5	novel_not_in_catalog	YES	430.42	585.19	244.92
PB.20941.2	Protein_PB.20941.2	ZFAND5	ZFAND5	full-splice_match	YES	1282.66	1415.46	703.74
PB.20941.3	Protein_PB.20941.3	ZFAND5	ZFAND5	incomplete-splice_match	YES	27.19	30.21	18.78
PB.20941.4	Protein_PB.20941.4	ZFAND5	ZFAND5	novel_not_in_catalog	YES	17.06	15.43	39.83
PB.20941.5	Protein_PB.20941.5	ZFAND5	ZFAND5	novel_not_in_catalog	YES	1177.55	1283.65	665.85
PB.20945.3	Protein_PB.20945.3	SEL1L	SEL1L	full-splice_match	YES	614.01	652.56	923.15
PB.20947.3	Protein_PB.20947.3	STON2	STON2	full-splice_match	YES	461.27	430.74	420.05
PB.20947.4	Protein_PB.20947.4	STON2	STON2	full-splice_match	YES	30.26	18.78	14.19
PB.20947.5	Protein_PB.20947.5	STON2	STON2	full-splice_match	YES	58.44	52.45	27.99
PB.20948.1	Protein_PB.20948.1	GTF2A1	GTF2A1	full-splice_match	YES	112.41	128.62	137.42
PB.20948.2	Protein_PB.20948.2	GTF2A1	GTF2A1	incomplete-splice_match	YES	38.89	30.28	35.36
PB.20950.2	Protein_PB.20950.2	CEP128	CEP128	novel_not_in_catalog	YES	17.05	17.44	25.59
PB.20951.1	Protein_PB.20951.1	DIO2	DIO2	incomplete-splice_match	YES	24.23	16.38	9.96
PB.20953.1	Protein_PB.20953.1	SNW1	SNW1	full-splice_match	YES	150.41	163.19	184.58
PB.20953.3	Protein_PB.20953.3	SNW1	SNW1	incomplete-splice_match	YES	261.03	264.9	275.15
PB.20954.2	Protein_PB.20954.2	ALKBH1	ALKBH1	novel_not_in_catalog	YES	20.95	23.64	15.28
PB.20955.2	Protein_PB.20955.2	SPTLC2	SPTLC2	full-splice_match	YES	112.79	91.41	100.49
PB.20958.15	Protein_PB.20958.15	VIPAS39	VIPAS39	novel_in_catalog	YES	8.43	21.95	16.39
PB.20958.16	Protein_PB.20958.16	VIPAS39	VIPAS39	novel_in_catalog	YES	32.93	36.83	33.73
PB.20958.2	Protein_PB.20958.2	VIPAS39	VIPAS39	full-splice_match	YES	70.66	37.26	36.88
PB.20959.2	Protein_PB.20959.2	TMED8	TMED8	full-splice_match	YES	70.63	50.36	60.77
PB.20960.2	Protein_PB.20960.2	POMT2	POMT2	full-splice_match	YES	28.91	35.23	40.54
PB.20960.3	Protein_PB.20960.3	POMT2	POMT2	novel_not_in_catalog	YES	50.82	64.65	36.77
PB.20964.1	Protein_PB.20964.1	IRF2BPL	IRF2BPL	full-splice_match	YES	117.06	87.17	152.9
PB.20966.2	Protein_PB.20966.2	ANGEL1	ANGEL1	full-splice_match	YES	57.91	78.3	75.3
PB.20967.1	Protein_PB.20967.1	TGFB3	TGFB3	full-splice_match	YES	260.55	138.3	182.76
PB.2097.1	Protein_PB.2097.1	PKDCC	PKDCC	full-splice_match	YES	218.73	258.87	209.26
PB.20970.1	Protein_PB.20970.1	TMED10	TMED10	full-splice_match	YES	668.54	659.98	809.98
PB.20970.2	Protein_PB.20970.2	TMED10	TMED10	novel_in_catalog	YES	76.86	52.91	44.92
PB.20970.3	Protein_PB.20970.3	TMED10	TMED10	incomplete-splice_match	YES	93.01	107.51	143.64
PB.20971.1	Protein_PB.20971.1	NEK9	NEK9	full-splice_match	YES	401.55	434.77	441.15
PB.20971.2	Protein_PB.20971.2	NEK9	NEK9	incomplete-splice_match	YES	304.72	279.83	304.81
PB.20972.1	Protein_PB.20972.1	ACYP1	ACYP1	full-splice_match	YES	62.2	81.88	91.73
PB.20973.2	Protein_PB.20973.2	MLH3	MLH3	full-splice_match	YES	37.39	40.9	20.68
PB.20973.4	Protein_PB.20973.4	MLH3	MLH3	full-splice_match	YES	117.64	114.77	146.71
PB.20978.3	Protein_PB.20978.3	AREL1	AREL1	full-splice_match	YES	95.76	119.51	79.6
PB.20978.4	Protein_PB.20978.4	AREL1	AREL1	novel_not_in_catalog	YES	149.64	163.5	208.91
PB.20980.1	Protein_PB.20980.1	LTBP2	LTBP2	novel_in_catalog	YES	364.09	156.55	184.17
PB.20980.2	Protein_PB.20980.2	LTBP2	LTBP2	novel_not_in_catalog	YES	111.43	37.13	99.3
PB.20980.3	Protein_PB.20980.3	LTBP2	LTBP2	incomplete-splice_match	YES	48.07	38.07	22.28
PB.20980.4	Protein_PB.20980.4	LTBP2	LTBP2	incomplete-splice_match	YES	25.23	7.84	21.4
PB.20981.2	Protein_PB.20981.2	NPC2	NPC2	full-splice_match	YES	226.79	201.59	292.83
PB.20983.1	Protein_PB.20983.1	ABCD4	ABCD4	full-splice_match	YES	19.45	21.77	22.98
PB.20984.2	Protein_PB.20984.2	ALDH6A1	ALDH6A1	novel_in_catalog	YES	39.06	49.25	25.48
PB.20984.4	Protein_PB.20984.4	ALDH6A1	ALDH6A1	novel_in_catalog	YES	14.95	21.26	14.64
PB.20984.6	Protein_PB.20984.6	ALDH6A1	ALDH6A1	full-splice_match	YES	1549.68	1996.67	1011.91
PB.20984.8	Protein_PB.20984.8	ALDH6A1	ALDH6A1	novel_in_catalog	YES	13.79	21.55	17.52
PB.20988.2	Protein_PB.20988.2	ENTPD5	ENTPD5	full-splice_match	YES	98.27	105.68	76.88
PB.20989.1	Protein_PB.20989.1	FAM161B	FAM161B	incomplete-splice_match	YES	10.22	4.46	16.74
PB.20989.3	Protein_PB.20989.3	FAM161B	FAM161B	full-splice_match	YES	297.08	279.95	351.2
PB.2099.2	Protein_PB.2099.2	EML4	EML4	full-splice_match	YES	42.54	29.18	32.84
PB.20990.1	Protein_PB.20990.1	ELMSAN1	ELMSAN1	full-splice_match	YES	129.58	89.94	147.44
PB.20993.19	Protein_PB.20993.19	LOC113270362_NUMB	LOC113270362_NUMB	fusion	YES	22.24	20.58	22.82
PB.20993.22	Protein_PB.20993.22	LOC113270362_NUMB	LOC113270362_NUMB	fusion	YES	29.37	30.99	38.41
PB.20995.1	Protein_PB.20995.1	ZFYVE1	ZFYVE1	full-splice_match	YES	160.37	175.35	170.66
PB.20996.2	Protein_PB.20996.2	DPF3	DPF3	full-splice_match	YES	33.8	36.51	30.88
PB.20996.3	Protein_PB.20996.3	DPF3	DPF3	full-splice_match	YES	116.62	105.65	124.33
PB.20998.1		LOC113270375	LOC113270375	novel_not_in_catalog	NO	91.36	277.63	288.64
PB.20998.2		LOC113270375	LOC113270375	novel_not_in_catalog	NO	177.56	746.71	315.08
PB.20998.3		LOC113270375	LOC113270375	novel_not_in_catalog	NO	36.68	130.92	71.93
PB.20998.4		LOC113270375	LOC113270375	full-splice_match	NO	10.08	17.41	35.49
PB.21001.10	Protein_PB.21001.10	MED6	MED6	full-splice_match	YES	28.45	31.75	30.3
PB.21003.1		SYNJ2BP	SYNJ2BP	novel_not_in_catalog	NO	88.31	92.35	74.67
PB.21003.2		SYNJ2BP	SYNJ2BP	novel_not_in_catalog	NO	88.33	73.76	67.61
PB.21003.3		SYNJ2BP	SYNJ2BP	novel_in_catalog	NO	35.82	0.01	61.38
PB.21003.5	Protein_PB.21003.5	SYNJ2BP	SYNJ2BP	full-splice_match	YES	871.58	869.71	664.93
PB.21004.1	Protein_PB.21004.1	LOC113270384	LOC113270384	full-splice_match	YES	104.01	137.53	131.81
PB.21005.1		novelGene_2459	novelGene_2459	intergenic	NO	63.54	84.44	78.51
PB.21006.1	Protein_PB.21006.1	SLC8A3	SLC8A3	full-splice_match	YES	198.79	209.6	249.6
PB.2101.11	Protein_PB.2101.11	MTA3	MTA3	novel_not_in_catalog	YES	21.22	28.5	9.11
PB.2101.6	Protein_PB.2101.6	MTA3	MTA3	incomplete-splice_match	YES	6.76	19.42	10.67
PB.21011.1	Protein_PB.21011.1	ERH	ERH	full-splice_match	YES	143.45	132.93	157.12
PB.21014.1	Protein_PB.21014.1	DCAF5	DCAF5	full-splice_match	YES	30.66	34.7	53.76
PB.21014.3	Protein_PB.21014.3	DCAF5	DCAF5	full-splice_match	YES	284.36	275.17	310.69
PB.21014.4	Protein_PB.21014.4	DCAF5	DCAF5	full-splice_match	YES	528.89	471.52	497.83
PB.21015.10	Protein_PB.21015.10	ACTN1	ACTN1	incomplete-splice_match	YES	69.32	10.37	37.38
PB.21015.3	Protein_PB.21015.3	ACTN1	ACTN1	full-splice_match	YES	51.45	40.64	44.79
PB.21015.4	Protein_PB.21015.4	ACTN1	ACTN1	full-splice_match	YES	47.22	12.57	19.88
PB.21016.3	Protein_PB.21016.3	ZFP36L1	ZFP36L1	novel_not_in_catalog	YES	76.3	41.1	41.49
PB.21016.5	Protein_PB.21016.5	ZFP36L1	ZFP36L1	novel_not_in_catalog	YES	60.23	36.1	72.83
PB.21016.6	Protein_PB.21016.6	ZFP36L1	ZFP36L1	novel_not_in_catalog	YES	11.91	20.67	46.98
PB.21019.1	Protein_PB.21019.1	ZFYVE26	ZFYVE26	full-splice_match	YES	162.71	168.31	174.99
PB.2103.1	Protein_PB.2103.1	ITPRIPL1	ITPRIPL1	full-splice_match	YES	34.63	20.22	40.68
PB.2103.3	Protein_PB.2103.3	ITPRIPL1	ITPRIPL1	full-splice_match	YES	67.32	51.72	25.86
PB.21031.1	Protein_PB.21031.1	SLIRP	SLIRP	full-splice_match	YES	450.03	485.46	378.21
PB.21034.4	Protein_PB.21034.4	AHSA1	AHSA1	full-splice_match	YES	461.49	494.89	351.74
PB.21037.4	Protein_PB.21037.4	GSTZ1	GSTZ1	full-splice_match	YES	54.85	60.87	44.3
PB.21037.7	Protein_PB.21037.7	GSTZ1	GSTZ1	novel_not_in_catalog	YES	79.64	67.63	63.47
PB.21039.1	Protein_PB.21039.1	CIPC	CIPC	full-splice_match	YES	59.7	42.94	37.23
PB.21039.2	Protein_PB.21039.2	CIPC	CIPC	novel_not_in_catalog	YES	334.42	259.27	259.62
PB.21039.4	Protein_PB.21039.4	CIPC	CIPC	novel_not_in_catalog	YES	101.91	126.68	160.1
PB.21039.5	Protein_PB.21039.5	CIPC	CIPC	novel_not_in_catalog	YES	67.95	204.47	162.1
PB.21039.6	Protein_PB.21039.6	CIPC	CIPC	novel_in_catalog	YES	115.81	107.51	154.17
PB.2104.4	Protein_PB.2104.4	NCAPH	NCAPH	incomplete-splice_match	YES	119.46	96.53	68.94
PB.21042.1	Protein_PB.21042.1	VASH1	VASH1	full-splice_match	YES	84.87	45.45	37.03
PB.21043.2	Protein_PB.21043.2	ESRRB	ESRRB	full-splice_match	YES	106.37	187.96	45.11
PB.21044.1	Protein_PB.21044.1	GPATCH2L	GPATCH2L	full-splice_match	YES	79.14	116.96	134.71
PB.21044.2	Protein_PB.21044.2	GPATCH2L	GPATCH2L	full-splice_match	YES	129.78	108.72	118.02
PB.21044.4	Protein_PB.21044.4	GPATCH2L	GPATCH2L	novel_not_in_catalog	YES	72.44	32.56	24.91
PB.21049.1	Protein_PB.21049.1	JDP2	JDP2	full-splice_match	YES	16.91	5.9	2.77
PB.21049.2	Protein_PB.21049.2	JDP2	JDP2	full-splice_match	YES	50.91	39.8	40.43
PB.2105.1	Protein_PB.2105.1	SNRNP200	SNRNP200	incomplete-splice_match	YES	143.63	115.47	135.28
PB.2105.11	Protein_PB.2105.11	SNRNP200	SNRNP200	incomplete-splice_match	YES	4.72	18.49	1.82
PB.2105.3	Protein_PB.2105.3	SNRNP200	SNRNP200	full-splice_match	YES	364.89	318.29	589.86
PB.2105.6	Protein_PB.2105.6	SNRNP200	SNRNP200	incomplete-splice_match	YES	175.63	117.67	105.53
PB.21052.2	Protein_PB.21052.2	FOS	FOS	novel_not_in_catalog	YES	15.73	9.6	31.76
PB.21052.4	Protein_PB.21052.4	FOS	FOS	full-splice_match	YES	38.81	40.85	154.95
PB.21054.1	Protein_PB.21054.1	EIF2B2	EIF2B2	full-splice_match	YES	171.16	166.47	163.82
PB.21055.1	Protein_PB.21055.1	DLST	DLST	full-splice_match	YES	1814.71	2186.97	1310.15
PB.21055.5	Protein_PB.21055.5	DLST	DLST	novel_in_catalog	YES	39.05	64.82	39.98
PB.21056.1	Protein_PB.21056.1	YLPM1	YLPM1	full-splice_match	YES	112.34	98.46	114.84
PB.21056.2	Protein_PB.21056.2	YLPM1	YLPM1	full-splice_match	YES	8.5	7.74	21.21
PB.21057.1	Protein_PB.21057.1	FCF1	FCF1	full-splice_match	YES	21.91	31.86	25.58
PB.21057.3	Protein_PB.21057.3	FCF1	FCF1	full-splice_match	YES	44.44	52.2	43.15
PB.21059.1	Protein_PB.21059.1	ISCA2	ISCA2	full-splice_match	YES	377.54	420.91	419.01
PB.21059.2	Protein_PB.21059.2	ISCA2	ISCA2	novel_not_in_catalog	YES	24.15	22.6	30.2
PB.2106.1	Protein_PB.2106.1	TMEM127	TMEM127	full-splice_match	YES	96.31	87.26	104.77
PB.21062.1	Protein_PB.21062.1	LIN52	LIN52	full-splice_match	YES	43.55	46.87	34.62
PB.21062.2	Protein_PB.21062.2	LIN52	LIN52	full-splice_match	YES	49.22	49.69	79.64
PB.21065.1	Protein_PB.21065.1	COQ6	COQ6	full-splice_match	YES	404.71	475.4	282.18
PB.21065.12	Protein_PB.21065.12	COQ6	COQ6	novel_not_in_catalog	YES	22.17	4.69	16.31
PB.21065.5	Protein_PB.21065.5	COQ6	COQ6	full-splice_match	YES	57.0	72.86	40.02
PB.21066.1	Protein_PB.21066.1	ZNF410	ZNF410	full-splice_match	YES	22.34	23.97	19.32
PB.21066.11	Protein_PB.21066.11	ZNF410	ZNF410	novel_not_in_catalog	YES	15.92	5.37	18.33
PB.21066.3	Protein_PB.21066.3	ZNF410	ZNF410	full-splice_match	YES	71.48	95.62	83.15
PB.21067.1	Protein_PB.21067.1	PTGR2	PTGR2	full-splice_match	YES	489.37	552.5	555.96
PB.21067.2	Protein_PB.21067.2	PTGR2	PTGR2	full-splice_match	YES	448.27	529.66	489.32
PB.21067.3	Protein_PB.21067.3	PTGR2	PTGR2	full-splice_match	YES	17.98	20.48	20.93
PB.21068.1	Protein_PB.21068.1	DNAL1	DNAL1	full-splice_match	YES	113.97	111.08	85.03
PB.21069.3	Protein_PB.21069.3	ACOT6	ACOT6	novel_in_catalog	YES	19.49	18.82	31.4
PB.21069.4	Protein_PB.21069.4	ACOT6	ACOT6	full-splice_match	YES	789.46	963.19	721.38
PB.2107.1	Protein_PB.2107.1	STARD7	STARD7	full-splice_match	YES	1157.9	1123.46	1311.51
PB.2107.3	Protein_PB.2107.3	STARD7	STARD7	novel_in_catalog	YES	12.67	8.17	17.48
PB.2107.5	Protein_PB.2107.5	STARD7	STARD7	novel_not_in_catalog	YES	1252.35	1345.95	1304.29
PB.21070.1	Protein_PB.21070.1	LOC113270361	LOC113270361	full-splice_match	YES	264.39	279.0	312.25
PB.21071.1	Protein_PB.21071.1	RIOX1	RIOX1	full-splice_match	YES	55.71	57.09	65.92
PB.21073.1	Protein_PB.21073.1	PSEN1	PSEN1	full-splice_match	YES	51.87	39.3	41.34
PB.21073.3	Protein_PB.21073.3	PSEN1	PSEN1	novel_in_catalog	YES	55.53	47.25	28.88
PB.21073.7	Protein_PB.21073.7	PSEN1	PSEN1	novel_not_in_catalog	YES	75.07	81.13	51.56
PB.21074.1	Protein_PB.21074.1	RBM25	RBM25	full-splice_match	YES	42.34	47.64	52.11
PB.21074.3	Protein_PB.21074.3	RBM25	RBM25	novel_not_in_catalog	YES	45.41	43.44	40.31
PB.21074.4	Protein_PB.21074.4	RBM25	RBM25	novel_not_in_catalog	YES	23.05	13.55	13.47
PB.21074.5	Protein_PB.21074.5	RBM25	RBM25	full-splice_match	YES	108.35	93.13	116.25
PB.21075.8	Protein_PB.21075.8	DCAF4	DCAF4	full-splice_match	YES	62.62	83.31	51.24
PB.21076.2	Protein_PB.21076.2	RGS6	RGS6	full-splice_match	YES	36.88	25.51	21.42
PB.21076.4	Protein_PB.21076.4	RGS6	RGS6	full-splice_match	YES	22.4	34.68	24.57
PB.21076.6	Protein_PB.21076.6	RGS6	RGS6	full-splice_match	YES	12.77	10.8	21.96
PB.21077.11	Protein_PB.21077.11	SIPA1L1	SIPA1L1	novel_not_in_catalog	YES	17.61	12.4	23.36
PB.21078.1	Protein_PB.21078.1	PCNX1	PCNX1	full-splice_match	YES	569.81	571.34	682.51
PB.21078.2	Protein_PB.21078.2	PCNX1	PCNX1	full-splice_match	YES	314.02	331.04	411.41
PB.21078.3	Protein_PB.21078.3	PCNX1	PCNX1	full-splice_match	YES	71.15	45.55	109.63
PB.21078.4	Protein_PB.21078.4	PCNX1	PCNX1	full-splice_match	YES	157.41	157.54	71.05
PB.21078.5	Protein_PB.21078.5	PCNX1	PCNX1	full-splice_match	YES	90.2	27.86	19.75
PB.21078.6	Protein_PB.21078.6	PCNX1	PCNX1	full-splice_match	YES	63.96	40.6	11.02
PB.21078.7	Protein_PB.21078.7	PCNX1	PCNX1	full-splice_match	YES	252.02	346.1	344.18
PB.21080.1	Protein_PB.21080.1	TTC9	TTC9	full-splice_match	YES	737.78	810.06	757.72
PB.21081.1	Protein_PB.21081.1	SMOC1	SMOC1	full-splice_match	YES	27.19	19.16	20.38
PB.21081.2	Protein_PB.21081.2	SMOC1	SMOC1	full-splice_match	YES	23.48	6.94	18.77
PB.21082.2	Protein_PB.21082.2	SRSF5	SRSF5	full-splice_match	YES	55.6	62.2	84.14
PB.21082.22	Protein_PB.21082.22	SRSF5	SRSF5	novel_in_catalog	YES	9.89	4.14	17.45
PB.21082.3	Protein_PB.21082.3	SRSF5	SRSF5	full-splice_match	YES	22.92	20.54	53.44
PB.21082.4	Protein_PB.21082.4	SRSF5	SRSF5	full-splice_match	YES	26.32	14.08	28.75
PB.21082.5	Protein_PB.21082.5	SRSF5	SRSF5	full-splice_match	YES	23.18	21.62	21.97
PB.21083.2	Protein_PB.21083.2	SUSD6	SUSD6	full-splice_match	YES	123.31	139.88	94.83
PB.21083.5	Protein_PB.21083.5	SUSD6	SUSD6	novel_in_catalog	YES	24.31	13.86	20.88
PB.21083.6	Protein_PB.21083.6	SUSD6	SUSD6	full-splice_match	YES	2.87	20.73	10.36
PB.21083.8		SUSD6	SUSD6	novel_not_in_catalog	NO	32.26	38.82	35.33
PB.21085.1	Protein_PB.21085.1	SLC39A9	SLC39A9	full-splice_match	YES	159.69	126.54	139.25
PB.21086.1	Protein_PB.21086.1	GALNT16	GALNT16	full-splice_match	YES	53.86	29.55	59.77
PB.21087.8	Protein_PB.21087.8	EXD2	EXD2	novel_not_in_catalog	YES	19.66	24.14	4.48
PB.21089.1		novelGene_2462	novelGene_2462	intergenic	NO	23.49	19.17	22.85
PB.21091.8	Protein_PB.21091.8	RAD51B	RAD51B	full-splice_match	YES	24.3	28.3	19.41
PB.21092.2	Protein_PB.21092.2	EMC1	EMC1	full-splice_match	YES	134.55	102.45	162.78
PB.21092.3	Protein_PB.21092.3	EMC1	EMC1	full-splice_match	YES	117.26	176.31	150.01
PB.21092.4	Protein_PB.21092.4	EMC1	EMC1	novel_in_catalog	YES	23.98	5.94	37.44
PB.21092.7	Protein_PB.21092.7	EMC1	EMC1	novel_not_in_catalog	YES	48.69	55.18	52.51
PB.21093.2	Protein_PB.21093.2	UBR4	UBR4	full-splice_match	YES	87.02	99.43	127.15
PB.21093.5	Protein_PB.21093.5	UBR4	UBR4	full-splice_match	YES	1797.62	1725.1	1946.89
PB.21093.6	Protein_PB.21093.6	UBR4	UBR4	incomplete-splice_match	YES	59.38	47.87	73.2
PB.21094.1	Protein_PB.21094.1	IFFO2	IFFO2	full-splice_match	YES	34.26	24.43	35.41
PB.21095.1	Protein_PB.21095.1	ALDH4A1	ALDH4A1	full-splice_match	YES	128.07	163.83	54.54
PB.21095.5	Protein_PB.21095.5	ALDH4A1	ALDH4A1	novel_not_in_catalog	YES	68.19	137.9	43.83
PB.21095.7	Protein_PB.21095.7	ALDH4A1	ALDH4A1	novel_in_catalog	YES	85.76	133.96	36.96
PB.21095.8	Protein_PB.21095.8	ALDH4A1	ALDH4A1	incomplete-splice_match	YES	107.26	191.5	58.34
PB.21099.1	Protein_PB.21099.1	RCC2	RCC2	full-splice_match	YES	48.07	28.29	48.0
PB.21099.2	Protein_PB.21099.2	RCC2	RCC2	incomplete-splice_match	YES	19.71	16.88	5.16
PB.2110.1	Protein_PB.2110.1	ADRA2B	ADRA2B	full-splice_match	YES	30.75	18.97	21.87
PB.21100.1	Protein_PB.21100.1	PADI2	PADI2	novel_not_in_catalog	YES	378.96	193.66	610.31
PB.21100.3	Protein_PB.21100.3	PADI2	PADI2	full-splice_match	YES	194.84	103.45	438.76
PB.21100.4	Protein_PB.21100.4	PADI2	PADI2	incomplete-splice_match	YES	1247.36	688.32	1848.24
PB.21102.2	Protein_PB.21102.2	SDHB	SDHB	full-splice_match	YES	3528.56	4417.78	2412.04
PB.21103.2	Protein_PB.21103.2	ATP13A2	ATP13A2	full-splice_match	YES	11.42	9.39	21.18
PB.21103.6	Protein_PB.21103.6	ATP13A2	ATP13A2	full-splice_match	YES	35.31	3.31	4.15
PB.21104.2	Protein_PB.21104.2	MFAP2	MFAP2	full-splice_match	YES	19.19	3.45	11.25
PB.21106.3	Protein_PB.21106.3	FBXO42	FBXO42	full-splice_match	YES	77.93	69.34	108.41
PB.21106.4	Protein_PB.21106.4	FBXO42	FBXO42	novel_not_in_catalog	YES	43.84	47.9	62.14
PB.21107.1	Protein_PB.21107.1	CPLANE2	CPLANE2	full-splice_match	YES	22.91	16.14	17.09
PB.21109.1	Protein_PB.21109.1	EPHA2	EPHA2	full-splice_match	YES	22.89	21.25	28.6
PB.21111.1	Protein_PB.21111.1	HSPB7	HSPB7	full-splice_match	YES	93.45	100.79	49.82
PB.21111.2	Protein_PB.21111.2	HSPB7	HSPB7	novel_not_in_catalog	YES	1850.94	2189.7	1916.74
PB.21111.4	Protein_PB.21111.4	HSPB7	HSPB7	novel_not_in_catalog	YES	1205.65	1396.94	1379.43
PB.21111.5	Protein_PB.21111.5	HSPB7	HSPB7	novel_not_in_catalog	YES	1856.39	2215.43	1988.2
PB.21112.1	Protein_PB.21112.1	ZBTB17	ZBTB17	full-splice_match	YES	44.06	43.45	39.16
PB.21112.2	Protein_PB.21112.2	ZBTB17	ZBTB17	full-splice_match	YES	51.19	61.29	38.35
PB.21112.4	Protein_PB.21112.4	ZBTB17	ZBTB17	full-splice_match	YES	94.43	81.88	70.41
PB.21113.1		LOC113270467	LOC113270467	full-splice_match	NO	48.76	33.15	32.02
PB.21118.1	Protein_PB.21118.1	CASP9	CASP9	full-splice_match	YES	41.31	35.4	38.19
PB.21123.1	Protein_PB.21123.1	LRRC38	LRRC38	full-splice_match	YES	18.85	10.72	17.57
PB.21124.1	Protein_PB.21124.1	DHRS3	DHRS3	full-splice_match	YES	157.57	138.23	86.27
PB.21124.3	Protein_PB.21124.3	DHRS3	DHRS3	full-splice_match	YES	24.43	24.76	24.63
PB.21124.5	Protein_PB.21124.5	DHRS3	DHRS3	novel_not_in_catalog	YES	107.13	79.07	49.68
PB.21124.7	Protein_PB.21124.7	DHRS3	DHRS3	novel_not_in_catalog	YES	26.91	65.84	30.85
PB.21124.8	Protein_PB.21124.8	DHRS3	DHRS3	incomplete-splice_match	YES	47.2	36.24	36.23
PB.21126.1	Protein_PB.21126.1	KIAA2013	KIAA2013	full-splice_match	YES	224.98	233.43	317.08
PB.21129.13	Protein_PB.21129.13	MTHFR	MTHFR	novel_not_in_catalog	YES	58.37	55.55	85.49
PB.21129.3	Protein_PB.21129.3	MTHFR	MTHFR	novel_in_catalog	YES	7.74	12.47	22.71
PB.21129.8	Protein_PB.21129.8	MTHFR	MTHFR	incomplete-splice_match	YES	8.58	5.9	24.01
PB.21129.9	Protein_PB.21129.9	MTHFR	MTHFR	novel_not_in_catalog	YES	11.55	15.27	30.03
PB.2113.3	Protein_PB.2113.3	ZNF514	ZNF514	novel_in_catalog	YES	83.37	88.61	72.34
PB.21132.3	Protein_PB.21132.3	MAD2L2	MAD2L2	full-splice_match	YES	41.3	50.55	45.54
PB.21135.1	Protein_PB.21135.1	MTOR	MTOR	full-splice_match	YES	2982.33	3411.72	2053.33
PB.21135.12	Protein_PB.21135.12	MTOR	MTOR	incomplete-splice_match	YES	108.89	104.65	86.87
PB.21135.2	Protein_PB.21135.2	MTOR	MTOR	incomplete-splice_match	YES	44.89	39.2	24.18
PB.21135.3	Protein_PB.21135.3	MTOR	MTOR	novel_not_in_catalog	YES	19.09	5.2	14.59
PB.21136.2	Protein_PB.21136.2	EXOSC10	EXOSC10	full-splice_match	YES	179.33	199.37	114.36
PB.21137.1	Protein_PB.21137.1	SRM	SRM	full-splice_match	YES	186.34	180.97	126.87
PB.21139.1	Protein_PB.21139.1	CASZ1	CASZ1	full-splice_match	YES	138.91	127.39	188.37
PB.2114.1	Protein_PB.2114.1	MRPS5	MRPS5	novel_in_catalog	YES	120.57	154.25	95.99
PB.2114.3	Protein_PB.2114.3	MRPS5	MRPS5	novel_not_in_catalog	YES	564.01	612.37	422.4
PB.2114.4	Protein_PB.2114.4	MRPS5	MRPS5	full-splice_match	YES	117.91	141.83	138.19
PB.21141.2	Protein_PB.21141.2	DFFA	DFFA	full-splice_match	YES	31.42	40.84	27.48
PB.21141.4	Protein_PB.21141.4	DFFA	DFFA	incomplete-splice_match	YES	33.23	33.86	26.87
PB.21144.2	Protein_PB.21144.2	LZIC	LZIC	novel_not_in_catalog	YES	79.98	85.5	75.56
PB.21144.4	Protein_PB.21144.4	LZIC	LZIC	full-splice_match	YES	78.07	81.03	101.66
PB.21145.1	Protein_PB.21145.1	CTNNBIP1	CTNNBIP1	novel_not_in_catalog	YES	57.98	36.01	48.26
PB.21146.1	Protein_PB.21146.1	CLSTN1	CLSTN1	full-splice_match	YES	170.17	189.2	159.39
PB.21146.3	Protein_PB.21146.3	CLSTN1	CLSTN1	full-splice_match	YES	172.51	62.42	133.73
PB.21146.4	Protein_PB.21146.4	CLSTN1	CLSTN1	full-splice_match	YES	67.17	59.36	97.9
PB.21146.5	Protein_PB.21146.5	CLSTN1	CLSTN1	incomplete-splice_match	YES	144.13	159.73	96.63
PB.21147.1	Protein_PB.21147.1	GPR157	GPR157	full-splice_match	YES	1341.7	1577.08	854.75
PB.21147.2		GPR157	GPR157	incomplete-splice_match	NO	111.02	45.19	48.56
PB.21148.1	Protein_PB.21148.1	SLC2A5	SLC2A5	full-splice_match	YES	167.66	198.15	77.19
PB.21148.2	Protein_PB.21148.2	SLC2A5	SLC2A5	full-splice_match	YES	164.64	209.54	77.97
PB.21148.3	Protein_PB.21148.3	SLC2A5	SLC2A5	full-splice_match	YES	152.79	209.26	132.87
PB.21148.5	Protein_PB.21148.5	SLC2A5	SLC2A5	novel_in_catalog	YES	19.82	32.5	24.27
PB.21148.6	Protein_PB.21148.6	SLC2A5	SLC2A5	novel_in_catalog	YES	28.57	23.55	16.23
PB.21150.11	Protein_PB.21150.11	ENO1	ENO1	novel_not_in_catalog	YES	677.97	726.76	442.37
PB.21150.12	Protein_PB.21150.12	ENO1	ENO1	novel_in_catalog	YES	47.99	58.75	32.14
PB.21150.15	Protein_PB.21150.15	ENO1	ENO1	full-splice_match	YES	470.32	300.16	368.08
PB.21150.4	Protein_PB.21150.4	ENO1	ENO1	full-splice_match	YES	16.94	14.44	28.33
PB.21150.8	Protein_PB.21150.8	ENO1	ENO1	novel_not_in_catalog	YES	28.21	31.26	29.68
PB.21152.1	Protein_PB.21152.1	RERE	RERE	full-splice_match	YES	83.84	85.09	127.62
PB.21152.12	Protein_PB.21152.12	RERE	RERE	incomplete-splice_match	YES	29.45	26.01	13.11
PB.21152.4	Protein_PB.21152.4	RERE	RERE	full-splice_match	YES	50.32	33.19	80.69
PB.21152.6	Protein_PB.21152.6	RERE	RERE	novel_in_catalog	YES	90.8	64.07	86.25
PB.21152.8	Protein_PB.21152.8	RERE	RERE	full-splice_match	YES	35.32	32.41	36.85
PB.21154.1	Protein_PB.21154.1	ERRFI1	ERRFI1	full-splice_match	YES	24.53	25.71	17.71
PB.21157.1		LOC113270560	LOC113270560	full-splice_match	NO	18.93	17.96	20.46
PB.21158.1	Protein_PB.21158.1	DNAJC11	DNAJC11	full-splice_match	YES	174.51	170.8	179.14
PB.21158.2	Protein_PB.21158.2	DNAJC11	DNAJC11	novel_in_catalog	YES	119.69	116.51	152.07
PB.21158.3	Protein_PB.21158.3	DNAJC11	DNAJC11	incomplete-splice_match	YES	42.77	68.65	28.87
PB.21159.1	Protein_PB.21159.1	KLHL21	KLHL21	full-splice_match	YES	685.15	590.4	498.41
PB.21159.2	Protein_PB.21159.2	KLHL21	KLHL21	incomplete-splice_match	YES	80.01	75.66	60.53
PB.21159.3	Protein_PB.21159.3	KLHL21	KLHL21	incomplete-splice_match	YES	107.14	83.15	84.43
PB.2116.1	Protein_PB.2116.1	LOC113242252	LOC113242252	full-splice_match	YES	96.82	101.85	116.14
PB.21160.1	Protein_PB.21160.1	NOL9	NOL9	full-splice_match	YES	30.11	12.62	29.97
PB.21160.2	Protein_PB.21160.2	NOL9	NOL9	full-splice_match	YES	38.97	51.94	58.82
PB.21165.1	Protein_PB.21165.1	GPR153	GPR153	full-splice_match	YES	23.62	17.77	14.5
PB.21166.1	Protein_PB.21166.1	ICMT	ICMT	full-splice_match	YES	121.95	105.41	116.19
PB.21166.2	Protein_PB.21166.2	ICMT	ICMT	novel_in_catalog	YES	43.57	48.28	65.08
PB.21166.3	Protein_PB.21166.3	ICMT	ICMT	novel_in_catalog	YES	26.27	9.46	50.75
PB.21167.1	Protein_PB.21167.1	RPL22	RPL22	full-splice_match	YES	647.75	691.53	772.04
PB.21167.2	Protein_PB.21167.2	RPL22	RPL22	full-splice_match	YES	331.28	295.51	383.36
PB.21170.1	Protein_PB.21170.1	CUNH1orf174	CUNH1orf174	full-splice_match	YES	39.05	35.67	36.34
PB.21171.1	Protein_PB.21171.1	CEP104	CEP104	full-splice_match	YES	18.09	15.96	31.53
PB.21171.3	Protein_PB.21171.3	CEP104	CEP104	full-splice_match	YES	51.35	44.69	25.3
PB.21172.1	Protein_PB.21172.1	LRRC47	LRRC47	full-splice_match	YES	335.11	338.17	468.54
PB.21172.2	Protein_PB.21172.2	LRRC47	LRRC47	incomplete-splice_match	YES	795.45	838.3	1019.41
PB.21173.3	Protein_PB.21173.3	WRAP73	WRAP73	full-splice_match	YES	30.27	29.63	23.81
PB.21179.11	Protein_PB.21179.11	PANK4	PANK4	novel_not_in_catalog	YES	34.59	31.69	45.65
PB.21179.12	Protein_PB.21179.12	PANK4	PANK4	novel_in_catalog	YES	17.31	17.73	20.47
PB.21179.14	Protein_PB.21179.14	PANK4	PANK4	novel_not_in_catalog	YES	50.48	57.41	26.7
PB.21179.15	Protein_PB.21179.15	PANK4	PANK4	novel_in_catalog	YES	95.4	118.36	50.73
PB.21179.17	Protein_PB.21179.17	PANK4	PANK4	novel_not_in_catalog	YES	48.67	60.45	18.25
PB.21179.2	Protein_PB.21179.2	PANK4	PANK4	full-splice_match	YES	12.18	21.76	21.59
PB.21179.20	Protein_PB.21179.20	PANK4	PANK4	novel_not_in_catalog	YES	156.23	153.04	65.87
PB.21179.7	Protein_PB.21179.7	PANK4	PANK4	novel_not_in_catalog	YES	24.29	20.48	16.35
PB.21179.8	Protein_PB.21179.8	PANK4	PANK4	novel_not_in_catalog	YES	2.58	18.03	20.78
PB.21180.2	Protein_PB.21180.2	PEX10	PEX10	full-splice_match	YES	97.89	59.1	113.95
PB.21180.8	Protein_PB.21180.8	PEX10	PEX10	incomplete-splice_match	YES	46.97	96.29	34.64
PB.21184.1	Protein_PB.21184.1	TMEM52	TMEM52	full-splice_match	YES	161.58	160.3	208.29
PB.21184.2	Protein_PB.21184.2	TMEM52	TMEM52	full-splice_match	YES	1536.47	1188.62	1820.52
PB.21184.3	Protein_PB.21184.3	TMEM52	TMEM52	incomplete-splice_match	YES	2070.02	2081.36	3167.89
PB.21185.1	Protein_PB.21185.1	GNB1	GNB1	full-splice_match	YES	85.86	36.11	69.21
PB.21185.2	Protein_PB.21185.2	GNB1	GNB1	full-splice_match	YES	271.98	251.84	257.79
PB.21186.2	Protein_PB.21186.2	NADK	NADK	full-splice_match	YES	237.81	177.64	248.96
PB.21186.3	Protein_PB.21186.3	NADK	NADK	full-splice_match	YES	9.8	7.17	27.52
PB.21187.1	Protein_PB.21187.1	LOC113270621	LOC113270621	full-splice_match	YES	32.29	29.95	25.82
PB.21187.4	Protein_PB.21187.4	LOC113270621	LOC113270621	full-splice_match	YES	75.56	45.78	80.88
PB.21187.5	Protein_PB.21187.5	LOC113270621	LOC113270621	full-splice_match	YES	11.49	22.77	16.41
PB.21188.3	Protein_PB.21188.3	LOC113270622	LOC113270622	full-splice_match	YES	59.95	59.24	28.07
PB.21188.9	Protein_PB.21188.9	LOC113270622	LOC113270622	full-splice_match	YES	21.83	13.77	14.2
PB.2119.14	Protein_PB.2119.14	BCL2L11	BCL2L11	full-splice_match	YES	16.89	31.22	11.03
PB.2119.3	Protein_PB.2119.3	BCL2L11	BCL2L11	novel_in_catalog	YES	18.29	8.94	33.01
PB.21190.1	Protein_PB.21190.1	FNDC10	FNDC10	full-splice_match	YES	33.45	45.76	39.02
PB.21191.1	Protein_PB.21191.1	SSU72	SSU72	incomplete-splice_match	YES	18.53	14.93	25.17
PB.21191.5	Protein_PB.21191.5	SSU72	SSU72	full-splice_match	YES	266.34	310.7	232.59
PB.21194.3	Protein_PB.21194.3	MRPL20	MRPL20	full-splice_match	YES	365.25	428.67	298.05
PB.21195.1	Protein_PB.21195.1	CCNL2	CCNL2	novel_in_catalog	YES	27.89	15.55	11.88
PB.21195.12	Protein_PB.21195.12	CCNL2	CCNL2	full-splice_match	YES	16.64	20.25	16.49
PB.21195.3	Protein_PB.21195.3	CCNL2	CCNL2	full-splice_match	YES	41.22	22.94	39.9
PB.21195.4	Protein_PB.21195.4	CCNL2	CCNL2	novel_in_catalog	YES	8.71	20.55	17.99
PB.21196.1	Protein_PB.21196.1	AURKAIP1	AURKAIP1	full-splice_match	YES	53.92	45.07	30.51
PB.21196.2	Protein_PB.21196.2	AURKAIP1	AURKAIP1	full-splice_match	YES	37.74	41.8	31.2
PB.21196.3	Protein_PB.21196.3	AURKAIP1	AURKAIP1	full-splice_match	YES	195.99	207.12	86.14
PB.21196.4	Protein_PB.21196.4	AURKAIP1	AURKAIP1	full-splice_match	YES	38.15	29.14	38.79
PB.21197.3	Protein_PB.21197.3	MXRA8	MXRA8	full-splice_match	YES	174.82	90.88	144.73
PB.21198.1	Protein_PB.21198.1	DVL1	DVL1	full-splice_match	YES	93.96	55.37	28.16
PB.21198.2	Protein_PB.21198.2	DVL1	DVL1	full-splice_match	YES	4.87	7.97	28.13
PB.21198.4	Protein_PB.21198.4	DVL1	DVL1	full-splice_match	YES	1408.93	1212.46	1083.71
PB.21199.13	Protein_PB.21199.13	INTS11	INTS11	full-splice_match	YES	112.92	105.96	114.53
PB.21200.2	Protein_PB.21200.2	ACAP3	ACAP3	full-splice_match	YES	37.78	29.93	23.24
PB.21200.3	Protein_PB.21200.3	ACAP3	ACAP3	novel_not_in_catalog	YES	27.17	31.84	22.07
PB.21201.1	Protein_PB.21201.1	UBE2J2	UBE2J2	full-splice_match	YES	88.33	85.07	86.54
PB.21203.1	Protein_PB.21203.1	SDF4	SDF4	full-splice_match	YES	312.74	374.76	313.88
PB.21208.1	Protein_PB.21208.1	HES4	HES4	full-splice_match	YES	29.68	31.05	27.28
PB.21209.1	Protein_PB.21209.1	PERM1	PERM1	novel_not_in_catalog	YES	18.75	30.78	33.28
PB.21209.10	Protein_PB.21209.10	PERM1	PERM1	novel_not_in_catalog	YES	862.96	884.08	476.81
PB.21209.3	Protein_PB.21209.3	PERM1	PERM1	novel_not_in_catalog	YES	45.48	53.29	61.75
PB.21209.5	Protein_PB.21209.5	PERM1	PERM1	novel_not_in_catalog	YES	13.66	8.29	39.86
PB.21209.6	Protein_PB.21209.6	PERM1	PERM1	novel_not_in_catalog	YES	1854.27	1894.91	1725.8
PB.21209.7	Protein_PB.21209.7	PERM1	PERM1	novel_not_in_catalog	YES	16.45	14.15	19.75
PB.21209.8	Protein_PB.21209.8	PERM1	PERM1	full-splice_match	YES	344.93	393.42	245.22
PB.21210.10	Protein_PB.21210.10	NOC2L	NOC2L	full-splice_match	YES	13.63	5.7	30.44
PB.21210.5	Protein_PB.21210.5	NOC2L	NOC2L	novel_not_in_catalog	YES	54.27	58.66	60.65
PB.21210.6	Protein_PB.21210.6	NOC2L	NOC2L	novel_in_catalog	YES	27.18	8.39	32.21
PB.21210.7	Protein_PB.21210.7	NOC2L	NOC2L	novel_not_in_catalog	YES	97.4	130.61	123.79
PB.21210.9	Protein_PB.21210.9	NOC2L	NOC2L	novel_not_in_catalog	YES	123.31	112.06	107.21
PB.21211.2		novelGene_2486	novelGene_2486	intergenic	NO	19.04	20.92	15.02
PB.21213.4	Protein_PB.21213.4	MRTO4	MRTO4	full-splice_match	YES	145.91	158.14	141.12
PB.21219.1	Protein_PB.21219.1	ARHGEF10L	ARHGEF10L	full-splice_match	YES	15.75	38.25	16.79
PB.21219.11	Protein_PB.21219.11	ARHGEF10L	ARHGEF10L	full-splice_match	YES	493.67	401.24	316.56
PB.21219.2	Protein_PB.21219.2	ARHGEF10L	ARHGEF10L	full-splice_match	YES	87.28	106.5	70.52
PB.21219.9	Protein_PB.21219.9	ARHGEF10L	ARHGEF10L	full-splice_match	YES	63.95	71.63	54.23
PB.21227.2	Protein_PB.21227.2	NECAP2	NECAP2	full-splice_match	YES	45.44	43.2	55.56
PB.21228.2	Protein_PB.21228.2	SZRD1	SZRD1	full-splice_match	YES	357.13	373.37	230.2
PB.21228.3	Protein_PB.21228.3	SZRD1	SZRD1	novel_in_catalog	YES	178.26	187.44	72.22
PB.21228.4	Protein_PB.21228.4	SZRD1	SZRD1	novel_in_catalog	YES	629.31	647.5	661.68
PB.21228.5	Protein_PB.21228.5	SZRD1	SZRD1	novel_not_in_catalog	YES	37.27	62.53	113.22
PB.21228.6	Protein_PB.21228.6	SZRD1	SZRD1	full-splice_match	YES	75.98	66.55	67.53
PB.21233.1	Protein_PB.21233.1	SPEN	SPEN	full-splice_match	YES	339.45	259.55	356.51
PB.21233.2	Protein_PB.21233.2	SPEN	SPEN	full-splice_match	YES	24.39	30.05	49.69
PB.21234.1	Protein_PB.21234.1	FBLIM1	FBLIM1	full-splice_match	YES	36.76	19.91	24.97
PB.21236.1	Protein_PB.21236.1	SLC25A34	SLC25A34	full-splice_match	YES	230.3	455.17	972.92
PB.21237.1	Protein_PB.21237.1	PLEKHM2	PLEKHM2	full-splice_match	YES	5661.45	6147.3	5708.86
PB.21238.1		LOC113270471	LOC113270471	full-splice_match	NO	9.78	8.74	57.82
PB.21239.1	Protein_PB.21239.1	LOC113270472	LOC113270472	full-splice_match	YES	17.76	8.39	38.73
PB.21239.2	Protein_PB.21239.2	LOC113270472	LOC113270472	full-splice_match	YES	246.97	283.62	344.94
PB.21239.3	Protein_PB.21239.3	LOC113270472	LOC113270472	full-splice_match	YES	59.77	19.59	10.67
PB.21240.1	Protein_PB.21240.1	DNAJC16	DNAJC16	full-splice_match	YES	75.46	84.25	92.43
PB.21243.1	Protein_PB.21243.1	EFHD2	EFHD2	full-splice_match	YES	50.96	34.15	55.68
PB.21245.3	Protein_PB.21245.3	TMEM51	TMEM51	novel_not_in_catalog	YES	30.05	19.76	28.85
PB.21248.1	Protein_PB.21248.1	PRDM2	PRDM2	novel_not_in_catalog	YES	81.17	54.94	49.87
PB.21248.6	Protein_PB.21248.6	PRDM2	PRDM2	full-splice_match	YES	25.43	30.27	27.28
PB.21248.8	Protein_PB.21248.8	PRDM2	PRDM2	incomplete-splice_match	YES	54.29	37.94	104.54
PB.21248.9	Protein_PB.21248.9	PRDM2	PRDM2	incomplete-splice_match	YES	33.33	34.22	49.47
PB.21249.1	Protein_PB.21249.1	PDPN	PDPN	full-splice_match	YES	26.82	11.33	25.28
PB.21249.2	Protein_PB.21249.2	PDPN	PDPN	full-splice_match	YES	27.19	20.91	25.46
PB.21255.1		LOC113270490	LOC113270490	full-splice_match	NO	12.95	18.16	24.32
PB.21256.1	Protein_PB.21256.1	novelGene_2470	novelGene_2470	intergenic	YES	28.77	22.7	28.21
PB.21256.2	Protein_PB.21256.2	novelGene_2471	novelGene_2471	intergenic	YES	18.01	16.58	26.98
PB.21257.1	Protein_PB.21257.1	VPS13D	VPS13D	full-splice_match	YES	380.6	296.66	299.47
PB.21257.2	Protein_PB.21257.2	VPS13D	VPS13D	full-splice_match	YES	421.3	628.1	467.48
PB.21257.3	Protein_PB.21257.3	VPS13D	VPS13D	full-splice_match	YES	257.67	193.9	237.71
PB.21257.5	Protein_PB.21257.5	VPS13D	VPS13D	incomplete-splice_match	YES	28.14	49.23	48.97
PB.21258.1	Protein_PB.21258.1	TNFRSF1B	TNFRSF1B	full-splice_match	YES	5.8	4.91	24.89
PB.21258.2	Protein_PB.21258.2	TNFRSF1B	TNFRSF1B	full-splice_match	YES	31.65	27.79	22.41
PB.2126.1	Protein_PB.2126.1	TMEM87B	TMEM87B	full-splice_match	YES	22.27	28.69	38.44
PB.21262.12	Protein_PB.21262.12	MFN2	MFN2	novel_not_in_catalog	YES	365.98	270.83	300.51
PB.21262.13	Protein_PB.21262.13	MFN2	MFN2	novel_not_in_catalog	YES	31.04	61.35	136.15
PB.21262.14	Protein_PB.21262.14	MFN2	MFN2	novel_not_in_catalog	YES	795.74	1111.69	921.17
PB.21262.2	Protein_PB.21262.2	MFN2	MFN2	full-splice_match	YES	23.1	74.58	49.68
PB.21262.3	Protein_PB.21262.3	MFN2	MFN2	full-splice_match	YES	24.52	22.37	39.53
PB.21262.4	Protein_PB.21262.4	MFN2	MFN2	full-splice_match	YES	299.8	332.71	172.26
PB.21262.9	Protein_PB.21262.9	MFN2	MFN2	novel_not_in_catalog	YES	1304.77	1264.16	1220.11
PB.21264.1	Protein_PB.21264.1	PLOD1	PLOD1	full-splice_match	YES	435.92	365.1	236.54
PB.21267.1	Protein_PB.21267.1	CLCN6	CLCN6	full-splice_match	YES	34.12	26.7	42.39
PB.21269.1	Protein_PB.21269.1	AGTRAP	AGTRAP	full-splice_match	YES	41.13	39.46	53.96
PB.21269.2	Protein_PB.21269.2	AGTRAP	AGTRAP	full-splice_match	YES	45.8	38.75	38.1
PB.2127.1	Protein_PB.2127.1	FBLN7	FBLN7	full-splice_match	YES	35.73	11.89	18.89
PB.2127.2	Protein_PB.2127.2	FBLN7	FBLN7	incomplete-splice_match	YES	46.7	24.55	18.7
PB.21271.2	Protein_PB.21271.2	FBXO6	FBXO6	full-splice_match	YES	62.89	84.36	61.52
PB.21271.3	Protein_PB.21271.3	FBXO6	FBXO6	full-splice_match	YES	28.97	63.97	25.92
PB.21271.4	Protein_PB.21271.4	FBXO6	FBXO6	full-splice_match	YES	101.73	99.96	76.23
PB.21272.1	Protein_PB.21272.1	LOC113270508	LOC113270508	full-splice_match	YES	5.65	19.79	10.15
PB.21272.3	Protein_PB.21272.3	LOC113270508	LOC113270508	full-splice_match	YES	6.25	18.56	2.69
PB.21274.1	Protein_PB.21274.1	UBIAD1	UBIAD1	novel_not_in_catalog	YES	14.3	27.23	18.69
PB.21274.2	Protein_PB.21274.2	UBIAD1	UBIAD1	full-splice_match	YES	64.31	48.96	70.06
PB.21275.1	Protein_PB.21275.1	ANGPTL7	ANGPTL7	full-splice_match	YES	33.42	11.77	10.36
PB.21276.15	Protein_PB.21276.15	TARDBP	TARDBP	novel_not_in_catalog	YES	132.52	118.82	121.45
PB.21276.4	Protein_PB.21276.4	TARDBP	TARDBP	full-splice_match	YES	101.44	78.55	90.52
PB.21276.8	Protein_PB.21276.8	TARDBP	TARDBP	novel_not_in_catalog	YES	11.53	38.25	10.4
PB.21278.3	Protein_PB.21278.3	PEX14	PEX14	full-splice_match	YES	75.76	84.24	82.45
PB.21281.4	Protein_PB.21281.4	PGD	PGD	full-splice_match	YES	65.02	59.87	67.49
PB.21282.1	Protein_PB.21282.1	KIF1B	KIF1B	full-splice_match	YES	167.83	170.55	748.22
PB.21282.2	Protein_PB.21282.2	KIF1B	KIF1B	full-splice_match	YES	1596.18	1915.1	3625.03
PB.21282.3	Protein_PB.21282.3	KIF1B	KIF1B	full-splice_match	YES	3908.41	4520.98	3036.98
PB.21282.4	Protein_PB.21282.4	KIF1B	KIF1B	incomplete-splice_match	YES	807.81	676.33	1677.92
PB.21283.2	Protein_PB.21283.2	UBE4B	UBE4B	full-splice_match	YES	108.63	143.5	122.04
PB.21283.3	Protein_PB.21283.3	UBE4B	UBE4B	novel_not_in_catalog	YES	42.98	11.71	51.67
PB.21286.4	Protein_PB.21286.4	NMNAT1_LOC113270532	NMNAT1_LOC113270532	full-splice_match	YES	196.61	228.04	180.1
PB.21286.7	Protein_PB.21286.7	NMNAT1	NMNAT1	full-splice_match	YES	38.93	36.32	25.1
PB.21286.9	Protein_PB.21286.9	NMNAT1	NMNAT1	full-splice_match	YES	21.25	23.91	12.98
PB.21289.1	Protein_PB.21289.1	TMEM201	TMEM201	full-splice_match	YES	106.64	115.84	87.51
PB.2129.1	Protein_PB.2129.1	ZC3H6	ZC3H6	full-splice_match	YES	134.76	162.67	269.84
PB.2129.2	Protein_PB.2129.2	ZC3H6	ZC3H6	full-splice_match	YES	53.0	26.5	8.77
PB.21290.1	Protein_PB.21290.1	SLC25A33	SLC25A33	full-splice_match	YES	79.32	100.09	17.85
PB.21290.3	Protein_PB.21290.3	SLC25A33	SLC25A33	full-splice_match	YES	59.14	57.21	8.89
PB.21292.1	Protein_PB.21292.1	SPSB1	SPSB1	full-splice_match	YES	35.27	66.26	34.46
PB.21293.2	Protein_PB.21293.2	H6PD	H6PD	full-splice_match	YES	311.11	297.88	277.22
PB.21293.3	Protein_PB.21293.3	H6PD	H6PD	full-splice_match	YES	132.76	127.45	119.55
PB.2130.1	Protein_PB.2130.1	TTL	TTL	full-splice_match	YES	1059.26	1173.52	1274.64
PB.21303.1	Protein_PB.21303.1	PARK7	PARK7	full-splice_match	YES	1495.45	1420.12	1169.3
PB.21303.10	Protein_PB.21303.10	PARK7	PARK7	novel_not_in_catalog	YES	44.67	57.16	14.08
PB.21303.2	Protein_PB.21303.2	PARK7	PARK7	full-splice_match	YES	179.53	150.27	81.48
PB.21303.3	Protein_PB.21303.3	PARK7	PARK7	full-splice_match	YES	41.45	32.57	32.37
PB.21303.4	Protein_PB.21303.4	PARK7	PARK7	full-splice_match	YES	6.84	7.0	27.75
PB.21304.1	Protein_PB.21304.1	PER3	PER3	novel_in_catalog	YES	17.49	13.97	19.31
PB.21304.2		PER3	PER3	novel_not_in_catalog	NO	22.53	16.62	19.6
PB.21304.4		PER3	PER3	novel_not_in_catalog	NO	213.03	185.63	155.49
PB.21304.7	Protein_PB.21304.7	VAMP3	VAMP3	full-splice_match	YES	588.58	553.98	591.41
PB.21305.1	Protein_PB.21305.1	LOC113270558	LOC113270558	full-splice_match	YES	17.34	15.88	11.33
PB.21305.2	Protein_PB.21305.2	LOC113270558	LOC113270558	full-splice_match	YES	7.87	10.02	19.67
PB.21305.3	Protein_PB.21305.3	LOC113270558	LOC113270558	full-splice_match	YES	8.22	13.85	17.92
PB.21308.1	Protein_PB.21308.1	LOC113270559	LOC113270559	full-splice_match	YES	49.99	49.67	51.58
PB.2131.1	Protein_PB.2131.1	POLR1B	POLR1B	full-splice_match	YES	90.37	105.37	105.3
PB.2131.2	Protein_PB.2131.2	POLR1B	POLR1B	novel_in_catalog	YES	62.7	42.77	32.07
PB.21311.1	Protein_PB.21311.1	THAP3	THAP3	full-splice_match	YES	27.39	17.57	14.08
PB.21311.4	Protein_PB.21311.4	THAP3	THAP3	novel_in_catalog	YES	17.34	19.15	25.53
PB.21312.1	Protein_PB.21312.1	PHF13	PHF13	full-splice_match	YES	32.25	26.53	54.34
PB.21317.1	Protein_PB.21317.1	RNF207	RNF207	full-splice_match	YES	69.31	52.62	28.8
PB.21322.1	Protein_PB.21322.1	LOC113270588	LOC113270588	novel_not_in_catalog	YES	25.99	26.1	20.96
PB.21322.5	Protein_PB.21322.5	LOC113270588	LOC113270588	novel_not_in_catalog	YES	73.22	81.14	65.05
PB.21326.1	Protein_PB.21326.1	TPRG1L	TPRG1L	full-splice_match	YES	230.0	278.82	189.69
PB.21326.2	Protein_PB.21326.2	TPRG1L	TPRG1L	incomplete-splice_match	YES	102.34	102.24	74.52
PB.2133.1	Protein_PB.2133.1	CHCHD5	CHCHD5	full-splice_match	YES	73.8	74.8	48.89
PB.21331.1	Protein_PB.21331.1	TNFRSF14	TNFRSF14	full-splice_match	YES	12.85	9.27	17.48
PB.21334.2	Protein_PB.21334.2	RER1	RER1	full-splice_match	YES	456.41	561.34	488.89
PB.21334.3	Protein_PB.21334.3	RER1	RER1	novel_not_in_catalog	YES	21.73	24.4	58.42
PB.21334.4	Protein_PB.21334.4	RER1	RER1	full-splice_match	YES	139.12	83.67	154.18
PB.21336.1	Protein_PB.21336.1	SKI	SKI	full-splice_match	YES	0.85	21.73	10.1
PB.21336.2	Protein_PB.21336.2	SKI	SKI	full-splice_match	YES	19.7	1.79	34.34
PB.21336.3	Protein_PB.21336.3	SKI	SKI	full-splice_match	YES	161.73	81.78	115.83
PB.21337.1	Protein_PB.21337.1	PRKCZ	PRKCZ	full-splice_match	YES	20.11	20.33	22.99
PB.2134.4	Protein_PB.2134.4	SLC20A1	SLC20A1	full-splice_match	YES	78.32	49.36	96.95
PB.21342.1	Protein_PB.21342.1	MIB2	MIB2	full-splice_match	YES	54.49	24.25	38.38
PB.21342.4	Protein_PB.21342.4	MIB2	MIB2	novel_in_catalog	YES	103.09	126.93	74.44
PB.21343.1	Protein_PB.21343.1	LOC113270627	LOC113270627	full-splice_match	YES	155.73	174.6	199.36
PB.21343.2	Protein_PB.21343.2	LOC113270627	LOC113270627	incomplete-splice_match	YES	45.43	56.07	48.15
PB.21344.1	Protein_PB.21344.1	VWA1	VWA1	full-splice_match	YES	55.36	38.76	52.92
PB.21347.3	Protein_PB.21347.3	CPTP	CPTP	full-splice_match	YES	31.99	24.93	26.82
PB.21351.1	Protein_PB.21351.1	B3GALT6	B3GALT6	full-splice_match	YES	51.03	39.05	53.61
PB.21354.2	Protein_PB.21354.2	AGRN	AGRN	full-splice_match	YES	67.35	62.08	60.49
PB.21357.2	Protein_PB.21357.2	KLHL17	KLHL17	full-splice_match	YES	20.91	24.35	16.89
PB.21358.1	Protein_PB.21358.1	SAMD11	SAMD11	full-splice_match	YES	243.62	260.85	106.88
PB.21358.2	Protein_PB.21358.2	SAMD11	SAMD11	full-splice_match	YES	104.83	43.36	28.34
PB.21358.3	Protein_PB.21358.3	SAMD11	SAMD11	full-splice_match	YES	50.67	0.0	45.73
PB.21364.2	Protein_PB.21364.2	GPRC5B	GPRC5B	full-splice_match	YES	114.84	73.77	107.77
PB.21364.3	Protein_PB.21364.3	GPRC5B	GPRC5B	full-splice_match	YES	105.26	71.6	101.61
PB.21365.1	Protein_PB.21365.1	KNOP1	KNOP1	full-splice_match	YES	33.56	23.45	73.92
PB.21365.2	Protein_PB.21365.2	KNOP1	KNOP1	full-splice_match	YES	22.93	24.62	22.11
PB.21365.3	Protein_PB.21365.3	KNOP1	KNOP1	novel_not_in_catalog	YES	39.32	25.03	26.7
PB.21365.5	Protein_PB.21365.5	KNOP1	KNOP1	full-splice_match	YES	10.57	21.33	17.22
PB.21365.6		KNOP1	KNOP1	novel_not_in_catalog	NO	30.22	34.93	13.79
PB.21366.2	Protein_PB.21366.2	GDE1	GDE1	novel_not_in_catalog	YES	56.1	108.24	84.7
PB.21366.3	Protein_PB.21366.3	GDE1	GDE1	novel_in_catalog	YES	178.87	163.83	159.84
PB.21366.4	Protein_PB.21366.4	GDE1	GDE1	full-splice_match	YES	23.4	18.61	17.74
PB.21366.5	Protein_PB.21366.5	GDE1	GDE1	full-splice_match	YES	236.3	285.44	210.32
PB.21367.1	Protein_PB.21367.1	TMC7	TMC7	full-splice_match	YES	64.7	39.37	69.0
PB.21367.3	Protein_PB.21367.3	TMC7	TMC7	full-splice_match	YES	12.37	23.72	9.49
PB.21368.1	Protein_PB.21368.1	COQ7	COQ7	full-splice_match	YES	317.53	387.49	225.02
PB.21370.1	Protein_PB.21370.1	ITPRIPL2	ITPRIPL2	full-splice_match	YES	132.3	77.7	129.58
PB.21370.2		ITPRIPL2	ITPRIPL2	full-splice_match	NO	34.25	19.0	35.6
PB.21374.1	Protein_PB.21374.1	SMG1	SMG1	full-splice_match	YES	38.85	36.56	144.38
PB.21374.2	Protein_PB.21374.2	SMG1	SMG1	full-splice_match	YES	274.22	440.74	476.42
PB.21374.7	Protein_PB.21374.7	SMG1	SMG1	full-splice_match	YES	855.04	551.23	1077.54
PB.21375.1	Protein_PB.21375.1	ARL6IP1	ARL6IP1	full-splice_match	YES	293.91	259.75	419.28
PB.21376.3	Protein_PB.21376.3	RPS15A	RPS15A	full-splice_match	YES	4079.61	4355.13	5528.3
PB.21379.2	Protein_PB.21379.2	FOPNL	FOPNL	full-splice_match	YES	38.48	40.98	24.46
PB.21379.5	Protein_PB.21379.5	FOPNL	FOPNL	full-splice_match	YES	68.03	77.56	60.29
PB.21379.6	Protein_PB.21379.6	FOPNL	FOPNL	full-splice_match	YES	31.71	24.11	40.99
PB.21380.2	Protein_PB.21380.2	MYH11	MYH11	novel_not_in_catalog	YES	378.47	148.16	277.59
PB.21380.4	Protein_PB.21380.4	MYH11	MYH11	novel_not_in_catalog	YES	152.87	145.33	347.92
PB.21380.8	Protein_PB.21380.8	MYH11	MYH11	full-splice_match	YES	36.68	21.38	0.12
PB.21381.12	Protein_PB.21381.12	MARF1	MARF1	novel_in_catalog	YES	112.56	81.68	172.3
PB.21381.13	Protein_PB.21381.13	MARF1	MARF1	incomplete-splice_match	YES	16.41	20.87	4.35
PB.21381.14	Protein_PB.21381.14	MARF1	MARF1	incomplete-splice_match	YES	10.95	10.95	21.94
PB.21381.4	Protein_PB.21381.4	MARF1	MARF1	full-splice_match	YES	54.02	18.39	66.05
PB.21381.6	Protein_PB.21381.6	MARF1	MARF1	full-splice_match	YES	32.73	56.35	13.8
PB.21381.7	Protein_PB.21381.7	MARF1	MARF1	full-splice_match	YES	57.07	28.89	38.37
PB.21381.8	Protein_PB.21381.8	MARF1	MARF1	full-splice_match	YES	58.16	20.14	30.79
PB.21383.1	Protein_PB.21383.1	PDXDC1	PDXDC1	full-splice_match	YES	875.39	792.29	762.54
PB.21383.12	Protein_PB.21383.12	PDXDC1	PDXDC1	full-splice_match	YES	10.73	120.79	53.51
PB.21383.4	Protein_PB.21383.4	PDXDC1	PDXDC1	novel_not_in_catalog	YES	7.34	11.99	18.64
PB.21383.6	Protein_PB.21383.6	PDXDC1	PDXDC1	novel_in_catalog	YES	22.24	18.9	21.42
PB.21383.8	Protein_PB.21383.8	PDXDC1	PDXDC1	novel_not_in_catalog	YES	14.19	10.11	21.86
PB.21386.12	Protein_PB.21386.12	PARN	PARN	novel_not_in_catalog	YES	39.95	30.39	16.31
PB.21386.13	Protein_PB.21386.13	PARN	PARN	novel_not_in_catalog	YES	22.91	28.63	46.71
PB.21386.3	Protein_PB.21386.3	PARN	PARN	novel_not_in_catalog	YES	17.61	19.96	22.46
PB.21386.8	Protein_PB.21386.8	PARN	PARN	novel_not_in_catalog	YES	23.8	15.86	26.06
PB.21386.9	Protein_PB.21386.9	PARN	PARN	novel_in_catalog	YES	4.49	17.82	37.07
PB.21389.1	Protein_PB.21389.1	CPPED1	CPPED1	full-splice_match	YES	50.95	52.17	60.58
PB.21390.1		LOC113270785	LOC113270785	novel_not_in_catalog	NO	22.33	21.0	29.95
PB.21390.2		LOC113270785	LOC113270785	full-splice_match	NO	18.83	26.8	38.71
PB.21391.1	Protein_PB.21391.1	GSPT1	GSPT1	full-splice_match	YES	564.47	547.56	554.93
PB.21392.1	Protein_PB.21392.1	RSL1D1	RSL1D1	full-splice_match	YES	105.51	100.14	98.31
PB.21392.3	Protein_PB.21392.3	RSL1D1	RSL1D1	full-splice_match	YES	68.22	64.96	61.86
PB.21393.1	Protein_PB.21393.1	ZC3H7A	ZC3H7A	full-splice_match	YES	101.93	110.06	92.33
PB.21393.3	Protein_PB.21393.3	ZC3H7A	ZC3H7A	incomplete-splice_match	YES	112.33	87.91	101.74
PB.21394.1	Protein_PB.21394.1	TXNDC11	TXNDC11	full-splice_match	YES	92.08	83.57	109.77
PB.21395.6	Protein_PB.21395.6	LITAF	LITAF	full-splice_match	YES	32.57	20.53	20.43
PB.21404.1	Protein_PB.21404.1	DEXI	DEXI	full-splice_match	YES	510.69	510.26	554.89
PB.21407.1	Protein_PB.21407.1	EMP2	EMP2	full-splice_match	YES	102.91	57.11	85.43
PB.21409.1	Protein_PB.21409.1	USP7	USP7	full-splice_match	YES	685.49	698.81	779.86
PB.21409.2	Protein_PB.21409.2	USP7	USP7	full-splice_match	YES	12.99	21.6	12.72
PB.21409.3	Protein_PB.21409.3	USP7	USP7	incomplete-splice_match	YES	414.52	357.95	428.28
PB.21409.4	Protein_PB.21409.4	USP7	USP7	novel_not_in_catalog	YES	94.44	90.38	102.89
PB.2141.1	Protein_PB.2141.1	PSD4	PSD4	full-splice_match	YES	64.21	59.16	78.35
PB.21410.1	Protein_PB.21410.1	CARHSP1	CARHSP1	full-splice_match	YES	36.83	20.69	41.0
PB.21412.1	Protein_PB.21412.1	TMEM186	TMEM186	full-splice_match	YES	94.1	89.09	81.85
PB.21416.3	Protein_PB.21416.3	EEF2KMT	EEF2KMT	full-splice_match	YES	56.5	58.18	58.48
PB.21418.4	Protein_PB.21418.4	NAGPA	NAGPA	novel_not_in_catalog	YES	37.82	26.23	23.51
PB.21420.1	Protein_PB.21420.1	PPL	PPL	full-splice_match	YES	201.14	148.2	92.01
PB.21420.2	Protein_PB.21420.2	PPL	PPL	full-splice_match	YES	12.29	25.72	52.51
PB.21420.3	Protein_PB.21420.3	PPL	PPL	full-splice_match	YES	71.93	23.22	60.26
PB.21421.1	Protein_PB.21421.1	GLYR1	GLYR1	full-splice_match	YES	59.32	47.2	65.89
PB.21421.10	Protein_PB.21421.10	GLYR1	GLYR1	novel_not_in_catalog	YES	166.77	189.0	167.8
PB.21422.1	Protein_PB.21422.1	ROGDI	ROGDI	full-splice_match	YES	195.0	368.35	201.34
PB.21424.1		LOC113270836	LOC113270836	full-splice_match	NO	16.06	35.69	23.57
PB.21425.3	Protein_PB.21425.3	ZNF500	ZNF500	novel_not_in_catalog	YES	23.6	20.97	24.71
PB.21427.1	Protein_PB.21427.1	UBALD1	UBALD1	full-splice_match	YES	67.99	67.78	113.25
PB.21428.16	Protein_PB.21428.16	CDIP1	CDIP1	full-splice_match	YES	56.3	60.45	88.65
PB.21428.17	Protein_PB.21428.17	CDIP1	CDIP1	novel_in_catalog	YES	318.76	340.81	512.35
PB.21428.18	Protein_PB.21428.18	CDIP1	CDIP1	novel_not_in_catalog	YES	15.83	25.51	31.1
PB.21428.2	Protein_PB.21428.2	CDIP1	CDIP1	full-splice_match	YES	24.08	20.09	14.65
PB.21428.9	Protein_PB.21428.9	CDIP1	CDIP1	novel_in_catalog	YES	35.68	40.58	51.56
PB.21429.4	Protein_PB.21429.4	NMRAL1	NMRAL1	full-splice_match	YES	163.85	155.93	161.27
PB.21432.1	Protein_PB.21432.1	PAM16	PAM16	full-splice_match	YES	116.5	129.18	135.32
PB.21432.2	Protein_PB.21432.2	PAM16	PAM16	full-splice_match	YES	13.42	17.25	14.64
PB.21432.3	Protein_PB.21432.3	PAM16	PAM16	full-splice_match	YES	118.1	142.09	147.91
PB.21432.4		PAM16	PAM16	novel_not_in_catalog	NO	128.19	157.12	125.72
PB.21433.3	Protein_PB.21433.3	TFAP4	TFAP4	full-splice_match	YES	16.48	18.25	26.11
PB.21434.10	Protein_PB.21434.10	SRL	SRL	incomplete-splice_match	YES	360.95	736.87	556.43
PB.21434.2	Protein_PB.21434.2	SRL	SRL	novel_not_in_catalog	YES	2594.21	2721.17	3088.96
PB.21434.3	Protein_PB.21434.3	SRL	SRL	novel_not_in_catalog	YES	6093.42	5384.25	6977.34
PB.21434.4	Protein_PB.21434.4	SRL	SRL	novel_not_in_catalog	YES	18.36	14.11	22.13
PB.21434.6	Protein_PB.21434.6	SRL	SRL	novel_not_in_catalog	YES	209.61	259.27	355.26
PB.21434.8	Protein_PB.21434.8	SRL	SRL	novel_not_in_catalog	YES	173.27	175.11	170.42
PB.21434.9	Protein_PB.21434.9	SRL	SRL	novel_not_in_catalog	YES	380.91	467.1	448.06
PB.21437.1	Protein_PB.21437.1	ADCY9	ADCY9	full-splice_match	YES	8.44	7.41	54.53
PB.21437.2	Protein_PB.21437.2	ADCY9	ADCY9	full-splice_match	YES	485.35	513.84	446.02
PB.21437.3	Protein_PB.21437.3	ADCY9	ADCY9	incomplete-splice_match	YES	1112.18	1116.01	1062.82
PB.21439.1	Protein_PB.21439.1	CREBBP	CREBBP	full-splice_match	YES	315.39	245.72	431.92
PB.21439.6	Protein_PB.21439.6	CREBBP	CREBBP	incomplete-splice_match	YES	24.11	22.59	40.9
PB.21440.2	Protein_PB.21440.2	TRAP1	TRAP1	full-splice_match	YES	1155.18	1267.7	768.12
PB.21440.8	Protein_PB.21440.8	TRAP1	TRAP1	novel_not_in_catalog	YES	108.68	93.92	168.8
PB.21441.1	Protein_PB.21441.1	SLX4	SLX4	full-splice_match	YES	153.8	144.76	179.97
PB.21441.2	Protein_PB.21441.2	SLX4	SLX4	novel_not_in_catalog	YES	33.26	34.83	27.0
PB.21441.3	Protein_PB.21441.3	SLX4	SLX4	full-splice_match	YES	16.45	36.65	32.09
PB.21445.1	Protein_PB.21445.1	ZNF597	ZNF597	full-splice_match	YES	18.26	6.32	16.79
PB.21446.1	Protein_PB.21446.1	ZSCAN32	ZSCAN32	novel_in_catalog	YES	19.11	16.27	14.38
PB.21447.1	Protein_PB.21447.1	LOC113270876	LOC113270876	novel_not_in_catalog	YES	35.73	42.15	38.68
PB.21447.2	Protein_PB.21447.2	LOC113270876	LOC113270876	novel_not_in_catalog	YES	72.65	63.33	73.16
PB.21447.4	Protein_PB.21447.4	LOC113270876	LOC113270876	novel_not_in_catalog	YES	25.95	30.06	41.43
PB.21448.3	Protein_PB.21448.3	LOC113270721	LOC113270721	full-splice_match	YES	84.16	45.9	88.99
PB.2145.1	Protein_PB.2145.1	EIF2AK3	EIF2AK3	full-splice_match	YES	27.43	26.75	39.78
PB.2145.2	Protein_PB.2145.2	EIF2AK3	EIF2AK3	incomplete-splice_match	YES	84.61	48.76	53.35
PB.21451.1	Protein_PB.21451.1	ACSM5	ACSM5	full-splice_match	YES	22.05	50.13	2.45
PB.21451.13	Protein_PB.21451.13	ACSM5	ACSM5	novel_in_catalog	YES	32.66	27.47	10.77
PB.21451.14	Protein_PB.21451.14	ACSM5	ACSM5	novel_in_catalog	YES	40.64	42.45	19.35
PB.21451.16	Protein_PB.21451.16	ACSM5	ACSM5	novel_in_catalog	YES	12.51	21.38	0.87
PB.21451.2	Protein_PB.21451.2	ACSM5	ACSM5	full-splice_match	YES	55.98	35.04	11.74
PB.21451.9	Protein_PB.21451.9	ACSM5	ACSM5	full-splice_match	YES	26.9	6.26	2.28
PB.21454.1	Protein_PB.21454.1	VPS35L	VPS35L	full-splice_match	YES	133.25	136.6	137.86
PB.21455.12	Protein_PB.21455.12	CCP110	CCP110	incomplete-splice_match	YES	24.55	20.13	15.42
PB.21455.4	Protein_PB.21455.4	CCP110	CCP110	full-splice_match	YES	5.35	21.2	7.41
PB.21455.8	Protein_PB.21455.8	CCP110	CCP110	full-splice_match	YES	32.9	27.0	13.54
PB.21461.1	Protein_PB.21461.1	XYLT1	XYLT1	full-splice_match	YES	46.53	38.79	40.39
PB.21462.1	Protein_PB.21462.1	LOC113270754	LOC113270754	full-splice_match	YES	708.15	745.93	753.08
PB.21465.4	Protein_PB.21465.4	ABCC1	ABCC1	full-splice_match	YES	245.22	196.52	209.3
PB.21465.5	Protein_PB.21465.5	ABCC1	ABCC1	novel_not_in_catalog	YES	37.66	16.99	15.0
PB.21466.1	Protein_PB.21466.1	NDE1	NDE1	novel_not_in_catalog	YES	23.05	14.06	20.31
PB.21466.3	Protein_PB.21466.3	NDE1	NDE1	full-splice_match	YES	128.29	156.85	125.23
PB.21469.1	Protein_PB.21469.1	NTAN1	NTAN1	full-splice_match	YES	60.73	73.51	92.67
PB.21469.2	Protein_PB.21469.2	NTAN1	NTAN1	full-splice_match	YES	109.88	127.49	74.69
PB.21469.3	Protein_PB.21469.3	NTAN1	NTAN1	full-splice_match	YES	127.99	150.61	148.52
PB.21469.7	Protein_PB.21469.7	NTAN1	NTAN1	full-splice_match	YES	54.22	75.55	74.38
PB.21470.10	Protein_PB.21470.10	RRN3	RRN3	novel_in_catalog	YES	17.38	67.37	35.76
PB.21470.2	Protein_PB.21470.2	RRN3	RRN3	full-splice_match	YES	541.4	612.92	420.21
PB.21470.6	Protein_PB.21470.6	RRN3	RRN3	novel_not_in_catalog	YES	2.5	14.35	21.0
PB.21470.8	Protein_PB.21470.8	RRN3	RRN3	full-splice_match	YES	69.52	75.65	136.49
PB.21472.1	Protein_PB.21472.1	BFAR	BFAR	full-splice_match	YES	112.43	126.85	213.91
PB.21472.2	Protein_PB.21472.2	BFAR	BFAR	novel_not_in_catalog	YES	8.17	3.11	25.88
PB.21472.3	Protein_PB.21472.3	BFAR	BFAR	full-splice_match	YES	134.67	122.8	94.79
PB.21472.6	Protein_PB.21472.6	BFAR	BFAR	novel_not_in_catalog	YES	45.26	63.94	32.96
PB.21474.2		LOC113270775	LOC113270775	full-splice_match	NO	10.53	17.56	59.22
PB.21476.1	Protein_PB.21476.1	MRTFB	MRTFB	full-splice_match	YES	15.5	12.63	20.94
PB.21476.5	Protein_PB.21476.5	MRTFB	MRTFB	novel_not_in_catalog	YES	124.92	108.13	128.62
PB.21476.7	Protein_PB.21476.7	MRTFB	MRTFB	incomplete-splice_match	YES	27.2	19.21	37.96
PB.21476.8	Protein_PB.21476.8	MRTFB	MRTFB	novel_not_in_catalog	YES	9.37	16.81	22.17
PB.21479.1	Protein_PB.21479.1	ERCC4	ERCC4	full-splice_match	YES	74.6	79.97	64.35
PB.21479.3	Protein_PB.21479.3	ERCC4	ERCC4	novel_not_in_catalog	YES	39.52	30.34	50.53
PB.2148.2	Protein_PB.2148.2	KRCC1	KRCC1	full-splice_match	YES	160.24	165.67	152.91
PB.2148.5	Protein_PB.2148.5	KRCC1	KRCC1	full-splice_match	YES	9.87	6.42	24.51
PB.21482.1	Protein_PB.21482.1	SNX29	SNX29	full-splice_match	YES	77.82	62.33	75.63
PB.21482.2	Protein_PB.21482.2	SNX29	SNX29	novel_not_in_catalog	YES	26.46	15.89	16.21
PB.21486.1		SNN	SNN	full-splice_match	NO	63.87	42.88	59.55
PB.21490.1	Protein_PB.21490.1	CLEC16A	CLEC16A	full-splice_match	YES	65.43	48.72	56.85
PB.21490.3	Protein_PB.21490.3	CLEC16A	CLEC16A	full-splice_match	YES	99.09	92.65	105.1
PB.21490.4	Protein_PB.21490.4	CLEC16A	CLEC16A	full-splice_match	YES	23.03	10.58	17.8
PB.21490.6	Protein_PB.21490.6	CLEC16A	CLEC16A	full-splice_match	YES	1.13	20.22	14.05
PB.21492.6	Protein_PB.21492.6	NUBP1	NUBP1	full-splice_match	YES	35.49	42.2	23.56
PB.21496.1	Protein_PB.21496.1	CUNH16orf72	CUNH16orf72	full-splice_match	YES	357.07	404.91	424.52
PB.21496.2	Protein_PB.21496.2	CUNH16orf72	CUNH16orf72	incomplete-splice_match	YES	2116.76	2464.14	2781.45
PB.21498.3	Protein_PB.21498.3	PMM2	PMM2	full-splice_match	YES	20.7	19.35	13.37
PB.21499.1	Protein_PB.21499.1	ABAT	ABAT	full-splice_match	YES	70.33	58.35	43.62
PB.21500.1	Protein_PB.21500.1	METTL22	METTL22	full-splice_match	YES	79.5	30.61	24.98
PB.21500.11	Protein_PB.21500.11	METTL22	METTL22	full-splice_match	YES	466.34	555.13	689.85
PB.21500.12	Protein_PB.21500.12	METTL22	METTL22	full-splice_match	YES	14.25	10.75	45.56
PB.21500.2	Protein_PB.21500.2	METTL22	METTL22	full-splice_match	YES	16.75	17.61	19.98
PB.21500.4	Protein_PB.21500.4	METTL22	METTL22	novel_in_catalog	YES	10.26	26.25	34.69
PB.21500.7	Protein_PB.21500.7	METTL22	METTL22	novel_in_catalog	YES	45.18	48.02	67.06
PB.21501.1	Protein_PB.21501.1	RBFOX1	RBFOX1	novel_not_in_catalog	YES	291.73	321.64	372.83
PB.21501.2	Protein_PB.21501.2	RBFOX1	RBFOX1	full-splice_match	YES	29.5	22.78	19.74
PB.21501.3	Protein_PB.21501.3	RBFOX1	RBFOX1	full-splice_match	YES	17.01	29.1	51.25
PB.21501.4	Protein_PB.21501.4	RBFOX1	RBFOX1	novel_not_in_catalog	YES	10.3	8.42	19.07
PB.21505.1	Protein_PB.21505.1	SEC14L5	SEC14L5	full-splice_match	YES	177.22	172.97	139.71
PB.21505.2	Protein_PB.21505.2	SEC14L5	SEC14L5	novel_in_catalog	YES	27.53	12.78	33.06
PB.21505.3	Protein_PB.21505.3	SEC14L5	SEC14L5	novel_in_catalog	YES	276.74	304.9	224.49
PB.21506.1	Protein_PB.21506.1	UBN1	UBN1	full-splice_match	YES	22.26	24.31	38.5
PB.21506.2	Protein_PB.21506.2	UBN1	UBN1	full-splice_match	YES	97.07	88.99	96.06
PB.21510.1	Protein_PB.21510.1	MGRN1	MGRN1	full-splice_match	YES	46.29	73.52	50.23
PB.21510.4	Protein_PB.21510.4	MGRN1	MGRN1	full-splice_match	YES	182.58	205.25	212.76
PB.21510.5	Protein_PB.21510.5	MGRN1	MGRN1	full-splice_match	YES	56.03	38.37	67.39
PB.21512.2	Protein_PB.21512.2	HMOX2	HMOX2	full-splice_match	YES	34.65	77.62	29.18
PB.21512.3	Protein_PB.21512.3	HMOX2	HMOX2	full-splice_match	YES	437.99	586.83	382.29
PB.21512.7	Protein_PB.21512.7	HMOX2	HMOX2	novel_in_catalog	YES	27.26	8.13	6.49
PB.21512.8	Protein_PB.21512.8	HMOX2	HMOX2	novel_not_in_catalog	YES	100.85	123.52	71.53
PB.21512.9	Protein_PB.21512.9	HMOX2	HMOX2	novel_not_in_catalog	YES	33.62	28.63	7.56
PB.21513.1	Protein_PB.21513.1	DNAJA3	DNAJA3	full-splice_match	YES	683.76	754.12	561.97
PB.21513.2	Protein_PB.21513.2	DNAJA3	DNAJA3	full-splice_match	YES	130.39	165.83	110.5
PB.21514.1	Protein_PB.21514.1	VASN	VASN	full-splice_match	YES	41.01	14.75	43.69
PB.21515.1	Protein_PB.21515.1	GLIS2	GLIS2	full-splice_match	YES	34.24	12.85	26.63
PB.21518.11	Protein_PB.21518.11	CLUAP1_NAA60	CLUAP1_NAA60	fusion	YES	31.33	10.39	15.83
PB.21518.14	Protein_PB.21518.14	CLUAP1_NAA60	CLUAP1_NAA60	fusion	YES	0.0	17.19	1.98
PB.21518.15	Protein_PB.21518.15	CLUAP1	CLUAP1	novel_in_catalog	YES	18.17	10.35	12.71
PB.21518.17	Protein_PB.21518.17	NAA60	NAA60	full-splice_match	YES	117.52	109.27	104.6
PB.21518.22	Protein_PB.21518.22	NAA60	NAA60	full-splice_match	YES	418.41	423.44	320.23
PB.21518.23	Protein_PB.21518.23	NAA60	NAA60	novel_in_catalog	YES	24.23	24.17	26.73
PB.21519.1	Protein_PB.21519.1	ZNF174	ZNF174	full-splice_match	YES	24.87	18.38	23.54
PB.2152.1	Protein_PB.2152.1	LOC113242918	LOC113242918	full-splice_match	YES	31.45	39.71	23.4
PB.2152.10	Protein_PB.2152.10	LOC113242918	LOC113242918	full-splice_match	YES	18.48	10.14	15.18
PB.2152.11	Protein_PB.2152.11	LOC113242918	LOC113242918	full-splice_match	YES	141.83	143.64	195.96
PB.2152.4	Protein_PB.2152.4	LOC113242918	LOC113242918	full-splice_match	YES	351.23	328.2	322.07
PB.2152.5	Protein_PB.2152.5	LOC113242918	LOC113242918	incomplete-splice_match	YES	59.58	87.27	69.36
PB.2152.6	Protein_PB.2152.6	LOC113242918	LOC113242918	full-splice_match	YES	88.89	53.31	86.71
PB.2152.8	Protein_PB.2152.8	LOC113242918	LOC113242918	novel_not_in_catalog	YES	29.41	40.86	31.97
PB.2152.9	Protein_PB.2152.9	LOC113242918	LOC113242918	novel_in_catalog	YES	84.86	84.05	65.38
PB.21523.1	Protein_PB.21523.1	ZNF75A	ZNF75A	full-splice_match	YES	118.2	129.95	118.94
PB.21523.7	Protein_PB.21523.7	ZNF75A	ZNF75A	full-splice_match	YES	24.33	20.43	33.4
PB.21524.2	Protein_PB.21524.2	ZNF263	ZNF263	full-splice_match	YES	57.25	57.76	60.69
PB.21524.3	Protein_PB.21524.3	ZNF263	ZNF263	novel_in_catalog	YES	16.48	22.54	31.8
PB.21526.1	Protein_PB.21526.1	LOC113270905_LOC113270906	LOC113270905_LOC113270906	fusion	YES	32.28	47.37	44.98
PB.21527.1	Protein_PB.21527.1	ZBTB33	ZBTB33	full-splice_match	YES	21.56	16.99	24.68
PB.21527.3	Protein_PB.21527.3	ZBTB33	ZBTB33	full-splice_match	YES	57.66	74.94	51.04
PB.21528.1	Protein_PB.21528.1	ATP1B4	ATP1B4	full-splice_match	YES	1316.32	1544.67	2088.85
PB.2153.1	Protein_PB.2153.1	REEP1	REEP1	full-splice_match	YES	248.5	214.42	269.67
PB.2153.2	Protein_PB.2153.2	REEP1	REEP1	novel_not_in_catalog	YES	80.36	60.55	65.11
PB.2153.3	Protein_PB.2153.3	REEP1	REEP1	novel_not_in_catalog	YES	76.56	85.28	80.92
PB.21531.1	Protein_PB.21531.1	MCTS1	MCTS1	full-splice_match	YES	67.39	81.36	43.92
PB.21531.2	Protein_PB.21531.2	MCTS1	MCTS1	full-splice_match	YES	19.72	16.99	10.09
PB.2154.1	Protein_PB.2154.1	IMMT	IMMT	novel_in_catalog	YES	135.05	187.33	113.96
PB.2154.2	Protein_PB.2154.2	IMMT	IMMT	full-splice_match	YES	1354.72	1916.2	1187.22
PB.2154.3	Protein_PB.2154.3	IMMT	IMMT	full-splice_match	YES	363.29	290.43	311.94
PB.21545.1	Protein_PB.21545.1	XIAP	XIAP	full-splice_match	YES	62.14	80.97	105.75
PB.21545.2	Protein_PB.21545.2	XIAP	XIAP	novel_in_catalog	YES	93.94	70.06	89.71
PB.21545.4	Protein_PB.21545.4	XIAP	XIAP	incomplete-splice_match	YES	87.6	77.48	91.18
PB.21545.7	Protein_PB.21545.7	XIAP	XIAP	full-splice_match	YES	50.61	25.58	18.1
PB.21546.1	Protein_PB.21546.1	STAG2	STAG2	full-splice_match	YES	23.7	15.32	43.75
PB.21546.12	Protein_PB.21546.12	STAG2	STAG2	novel_not_in_catalog	YES	120.12	73.25	27.67
PB.21546.13	Protein_PB.21546.13	STAG2	STAG2	novel_not_in_catalog	YES	51.49	32.45	31.5
PB.21546.2	Protein_PB.21546.2	STAG2	STAG2	full-splice_match	YES	153.07	146.01	152.2
PB.21546.3	Protein_PB.21546.3	STAG2	STAG2	novel_not_in_catalog	YES	21.87	141.63	44.2
PB.21546.4	Protein_PB.21546.4	STAG2	STAG2	novel_in_catalog	YES	73.53	15.37	42.13
PB.21546.5	Protein_PB.21546.5	STAG2	STAG2	novel_in_catalog	YES	51.74	42.71	112.39
PB.21546.7	Protein_PB.21546.7	STAG2	STAG2	full-splice_match	YES	20.55	19.33	22.05
PB.21546.8	Protein_PB.21546.8	STAG2	STAG2	novel_in_catalog	YES	168.01	93.34	240.5
PB.21546.9	Protein_PB.21546.9	STAG2	STAG2	incomplete-splice_match	YES	35.47	35.63	20.81
PB.2155.1	Protein_PB.2155.1	POLR1A	POLR1A	full-splice_match	YES	70.91	59.18	75.21
PB.21559.1	Protein_PB.21559.1	OCRL	OCRL	full-splice_match	YES	22.18	10.9	12.57
PB.21559.5	Protein_PB.21559.5	OCRL	OCRL	full-splice_match	YES	177.4	145.72	181.9
PB.21560.1	Protein_PB.21560.1	XPNPEP2	XPNPEP2	full-splice_match	YES	33.52	16.47	36.65
PB.21564.4	Protein_PB.21564.4	UTP14A	UTP14A	full-splice_match	YES	11.47	22.31	29.83
PB.21564.5	Protein_PB.21564.5	UTP14A	UTP14A	full-splice_match	YES	20.85	26.28	26.19
PB.21564.6	Protein_PB.21564.6	UTP14A	UTP14A	full-splice_match	YES	161.22	163.61	145.72
PB.21564.8	Protein_PB.21564.8	UTP14A	UTP14A	full-splice_match	YES	172.98	136.6	260.5
PB.21569.3	Protein_PB.21569.3	RBMX2	RBMX2	full-splice_match	YES	38.45	30.86	32.09
PB.2157.1	Protein_PB.2157.1	ST3GAL5	ST3GAL5	full-splice_match	YES	38.97	36.65	37.86
PB.2157.2	Protein_PB.2157.2	ST3GAL5	ST3GAL5	full-splice_match	YES	6.9	14.55	16.79
PB.2157.5	Protein_PB.2157.5	ST3GAL5	ST3GAL5	novel_not_in_catalog	YES	47.65	46.51	35.87
PB.21570.1	Protein_PB.21570.1	ARHGAP36	ARHGAP36	full-splice_match	YES	8.57	7.95	22.67
PB.21575.1	Protein_PB.21575.1	STK26	STK26	full-splice_match	YES	35.39	27.76	52.87
PB.21581.5	Protein_PB.21581.5	PHF6	PHF6	full-splice_match	YES	24.85	15.28	25.62
PB.21582.1	Protein_PB.21582.1	HPRT1	HPRT1	full-splice_match	YES	8.54	13.35	25.19
PB.21582.2	Protein_PB.21582.2	HPRT1	HPRT1	full-splice_match	YES	372.69	361.92	407.77
PB.21587.1	Protein_PB.21587.1	ZNF449	ZNF449	full-splice_match	YES	24.99	26.14	29.39
PB.2159.1	Protein_PB.2159.1	CUNH2orf68	CUNH2orf68	full-splice_match	YES	320.29	343.89	336.38
PB.21591.1	Protein_PB.21591.1	LAMP2	LAMP2	full-splice_match	YES	132.55	149.68	219.33
PB.21591.3	Protein_PB.21591.3	LAMP2	LAMP2	novel_not_in_catalog	YES	96.96	92.74	86.71
PB.21591.4	Protein_PB.21591.4	LAMP2	LAMP2	full-splice_match	YES	495.78	555.48	561.84
PB.21592.2	Protein_PB.21592.2	CUL4B	CUL4B	full-splice_match	YES	182.78	185.99	232.19
PB.21593.1	Protein_PB.21593.1	C1GALT1C1	C1GALT1C1	novel_in_catalog	YES	26.99	13.13	31.18
PB.21593.3	Protein_PB.21593.3	C1GALT1C1	C1GALT1C1	full-splice_match	YES	8.07	19.29	20.45
PB.21593.4	Protein_PB.21593.4	C1GALT1C1	C1GALT1C1	full-splice_match	YES	25.82	19.49	21.4
PB.21597.11	Protein_PB.21597.11	THOC2	THOC2	full-splice_match	YES	5.18	11.0	41.52
PB.21597.4	Protein_PB.21597.4	THOC2	THOC2	incomplete-splice_match	YES	30.2	36.74	27.81
PB.21597.5	Protein_PB.21597.5	THOC2	THOC2	incomplete-splice_match	YES	35.28	25.88	38.71
PB.21597.6	Protein_PB.21597.6	THOC2	THOC2	full-splice_match	YES	35.52	71.86	35.7
PB.21597.7	Protein_PB.21597.7	THOC2	THOC2	full-splice_match	YES	118.63	114.79	163.42
PB.2160.1	Protein_PB.2160.1	TMEM150A	TMEM150A	novel_in_catalog	YES	22.27	18.8	21.11
PB.2160.2	Protein_PB.2160.2	TMEM150A	TMEM150A	novel_in_catalog	YES	33.73	28.3	19.39
PB.2160.4	Protein_PB.2160.4	TMEM150A	TMEM150A	novel_in_catalog	YES	123.93	132.51	53.79
PB.2160.6	Protein_PB.2160.6	TMEM150A	TMEM150A	novel_in_catalog	YES	18.47	16.9	26.22
PB.21602.1	Protein_PB.21602.1	TENM1	TENM1	full-splice_match	YES	24.04	22.03	14.27
PB.2161.2	Protein_PB.2161.2	GGCX	GGCX	full-splice_match	YES	130.81	89.29	114.83
PB.21613.1	Protein_PB.21613.1	SMARCA1	SMARCA1	full-splice_match	YES	16.16	19.4	68.81
PB.21613.12	Protein_PB.21613.12	SMARCA1	SMARCA1	incomplete-splice_match	YES	140.62	165.97	204.44
PB.21613.2	Protein_PB.21613.2	SMARCA1	SMARCA1	novel_in_catalog	YES	25.3	21.97	41.01
PB.21613.4	Protein_PB.21613.4	SMARCA1	SMARCA1	novel_not_in_catalog	YES	59.09	65.46	111.6
PB.21613.5	Protein_PB.21613.5	SMARCA1	SMARCA1	novel_in_catalog	YES	10.74	11.5	21.42
PB.21613.9	Protein_PB.21613.9	SMARCA1	SMARCA1	full-splice_match	YES	40.48	35.53	26.31
PB.21615.1		APLN	APLN	full-splice_match	NO	26.19	22.5	31.71
PB.21616.2	Protein_PB.21616.2	ZDHHC9	ZDHHC9	novel_in_catalog	YES	21.44	11.49	12.39
PB.21616.3	Protein_PB.21616.3	ZDHHC9	ZDHHC9	full-splice_match	YES	94.61	112.96	113.01
PB.21616.5	Protein_PB.21616.5	ZDHHC9	ZDHHC9	full-splice_match	YES	8.76	9.19	17.66
PB.21618.1	Protein_PB.21618.1	ELF4	ELF4	full-splice_match	YES	15.85	7.13	17.75
PB.21619.1	Protein_PB.21619.1	AIFM1	AIFM1	full-splice_match	YES	1218.61	1374.71	658.02
PB.21623.1	Protein_PB.21623.1	LOC113271000	LOC113271000	full-splice_match	YES	73.6	60.41	81.15
PB.21624.7	Protein_PB.21624.7	ENOX2	ENOX2	full-splice_match	YES	24.99	24.39	8.53
PB.21624.9	Protein_PB.21624.9	ENOX2	ENOX2	novel_not_in_catalog	YES	14.64	23.06	11.69
PB.21629.1	Protein_PB.21629.1	RAP2C	RAP2C	novel_not_in_catalog	YES	14.36	9.57	41.18
PB.21629.4	Protein_PB.21629.4	RAP2C	RAP2C	full-splice_match	YES	40.37	42.55	78.84
PB.2163.1	Protein_PB.2163.1	CAPG	CAPG	full-splice_match	YES	11.06	3.79	18.38
PB.2163.4	Protein_PB.2163.4	CAPG	CAPG	full-splice_match	YES	29.92	18.67	28.54
PB.2163.5	Protein_PB.2163.5	CAPG	CAPG	full-splice_match	YES	20.8	16.02	20.1
PB.21635.1	Protein_PB.21635.1	GPC4	GPC4	full-splice_match	YES	80.61	85.56	92.93
PB.21637.1	Protein_PB.21637.1	GPC3	GPC3	full-splice_match	YES	103.38	88.01	114.14
PB.21640.3	Protein_PB.21640.3	FAM122B	FAM122B	full-splice_match	YES	22.95	24.17	25.77
PB.21643.1	Protein_PB.21643.1	MOSPD1	MOSPD1	novel_in_catalog	YES	60.1	73.39	55.51
PB.21643.2	Protein_PB.21643.2	MOSPD1	MOSPD1	novel_not_in_catalog	YES	6.9	18.77	11.32
PB.21643.3	Protein_PB.21643.3	MOSPD1	MOSPD1	novel_not_in_catalog	YES	19.07	13.75	12.55
PB.21646.2	Protein_PB.21646.2	LOC113271041	LOC113271041	full-splice_match	YES	24.23	20.36	10.14
PB.21648.2	Protein_PB.21648.2	SPNS2	SPNS2	full-splice_match	YES	56.57	41.11	50.37
PB.21649.1	Protein_PB.21649.1	SMTNL2	SMTNL2	full-splice_match	YES	403.97	304.92	435.23
PB.21649.2	Protein_PB.21649.2	SMTNL2	SMTNL2	full-splice_match	YES	975.67	724.51	1190.89
PB.21649.3	Protein_PB.21649.3	SMTNL2	SMTNL2	full-splice_match	YES	26.91	22.36	72.84
PB.21649.4	Protein_PB.21649.4	SMTNL2	SMTNL2	full-splice_match	YES	21.74	11.52	25.49
PB.21654.1	Protein_PB.21654.1	MED31	MED31	full-splice_match	YES	72.48	88.1	70.81
PB.21655.1	Protein_PB.21655.1	KIAA0753	KIAA0753	novel_not_in_catalog	YES	19.86	12.55	25.59
PB.21662.3	Protein_PB.21662.3	DERL2	DERL2	full-splice_match	YES	42.36	50.96	43.14
PB.21662.4	Protein_PB.21662.4	DERL2	DERL2	novel_not_in_catalog	YES	21.47	28.26	25.87
PB.21663.1	Protein_PB.21663.1	DHX33	DHX33	full-splice_match	YES	55.67	56.89	66.49
PB.21664.1	Protein_PB.21664.1	C1QBP	C1QBP	full-splice_match	YES	769.51	851.19	709.49
PB.21665.1	Protein_PB.21665.1	NUP88	NUP88	full-splice_match	YES	5.73	16.34	29.6
PB.21665.2	Protein_PB.21665.2	NUP88	NUP88	novel_in_catalog	YES	3.56	64.91	55.51
PB.21665.5	Protein_PB.21665.5	NUP88	NUP88	novel_not_in_catalog	YES	160.86	124.32	169.97
PB.21665.6	Protein_PB.21665.6	NUP88	NUP88	novel_not_in_catalog	YES	75.97	62.8	42.35
PB.21668.1	Protein_PB.21668.1	ZNF594	ZNF594	full-splice_match	YES	19.95	15.75	37.15
PB.2167.1	Protein_PB.2167.1	SUCLG1	SUCLG1	full-splice_match	YES	862.67	1050.71	868.48
PB.2167.2	Protein_PB.2167.2	SUCLG1	SUCLG1	novel_not_in_catalog	YES	82.37	44.3	53.6
PB.2167.4	Protein_PB.2167.4	SUCLG1	SUCLG1	incomplete-splice_match	YES	672.12	835.91	753.73
PB.2167.6	Protein_PB.2167.6	SUCLG1	SUCLG1	novel_not_in_catalog	YES	9.56	10.35	25.02
PB.2167.7	Protein_PB.2167.7	SUCLG1	SUCLG1	novel_not_in_catalog	YES	197.49	233.81	197.86
PB.2167.9	Protein_PB.2167.9	SUCLG1	SUCLG1	full-splice_match	YES	2750.15	3068.98	2543.34
PB.21671.3	Protein_PB.21671.3	CAMTA2	CAMTA2	novel_in_catalog	YES	89.49	47.08	85.94
PB.21671.4	Protein_PB.21671.4	CAMTA2	CAMTA2	novel_in_catalog	YES	204.2	183.13	169.81
PB.21671.5	Protein_PB.21671.5	CAMTA2	CAMTA2	novel_in_catalog	YES	32.58	106.54	29.92
PB.21672.1	Protein_PB.21672.1	SPAG7	SPAG7	full-splice_match	YES	992.2	1004.88	949.29
PB.21673.1	Protein_PB.21673.1	PFN1	PFN1	novel_not_in_catalog	YES	69.04	55.9	90.92
PB.21673.2	Protein_PB.21673.2	PFN1	PFN1	full-splice_match	YES	165.89	162.75	170.35
PB.21674.3	Protein_PB.21674.3	SLC25A11	SLC25A11	novel_in_catalog	YES	36.85	46.68	39.13
PB.21674.4	Protein_PB.21674.4	SLC25A11	SLC25A11	full-splice_match	YES	2981.58	3042.03	2025.22
PB.21675.1	Protein_PB.21675.1	CHRNE	CHRNE	full-splice_match	YES	39.86	29.37	31.2
PB.21677.1	Protein_PB.21677.1	CXCL16	CXCL16	full-splice_match	YES	29.07	25.77	22.16
PB.21679.1	Protein_PB.21679.1	PELP1	PELP1	novel_in_catalog	YES	270.7	249.31	402.02
PB.21682.1	Protein_PB.21682.1	RNASEK	RNASEK	full-splice_match	YES	68.6	62.49	74.69
PB.21683.2	Protein_PB.21683.2	CUNH17orf49	CUNH17orf49	full-splice_match	YES	17.81	17.5	17.36
PB.21683.4	Protein_PB.21683.4	CUNH17orf49	CUNH17orf49	full-splice_match	YES	125.01	107.75	96.75
PB.21683.5	Protein_PB.21683.5	CUNH17orf49	CUNH17orf49	novel_in_catalog	YES	30.22	27.01	40.69
PB.21684.1	Protein_PB.21684.1	BCL6B	BCL6B	full-splice_match	YES	41.58	14.96	33.74
PB.21684.3	Protein_PB.21684.3	BCL6B	BCL6B	full-splice_match	YES	9.88	16.6	27.87
PB.21685.2	Protein_PB.21685.2	SLC16A13	SLC16A13	novel_not_in_catalog	YES	19.65	7.98	12.69
PB.21687.18	Protein_PB.21687.18	ACADVL	ACADVL	novel_not_in_catalog	YES	48.81	82.42	67.64
PB.21687.19	Protein_PB.21687.19	ACADVL	ACADVL	novel_in_catalog	YES	24.91	4.42	6.85
PB.21687.2	Protein_PB.21687.2	ACADVL	ACADVL	novel_not_in_catalog	YES	3.16	8.53	21.99
PB.21687.27	Protein_PB.21687.27	ACADVL	ACADVL	novel_not_in_catalog	YES	12.83	21.17	20.3
PB.21687.28	Protein_PB.21687.28	ACADVL	ACADVL	novel_in_catalog	YES	56.47	59.95	101.15
PB.21687.39	Protein_PB.21687.39	ACADVL	ACADVL	novel_in_catalog	YES	14.17	18.05	23.28
PB.21687.40	Protein_PB.21687.40	ACADVL	ACADVL	novel_not_in_catalog	YES	58.91	96.13	45.07
PB.21687.41	Protein_PB.21687.41	ACADVL	ACADVL	novel_in_catalog	YES	116.53	194.11	202.05
PB.21687.60	Protein_PB.21687.60	ACADVL	ACADVL	novel_not_in_catalog	YES	33.75	104.17	83.57
PB.21687.62	Protein_PB.21687.62	ACADVL	ACADVL	incomplete-splice_match	YES	915.94	1425.51	1035.52
PB.21687.8	Protein_PB.21687.8	ACADVL	ACADVL	full-splice_match	YES	3509.72	5763.93	5385.36
PB.21687.9	Protein_PB.21687.9	ACADVL	ACADVL	novel_not_in_catalog	YES	66.46	128.95	209.12
PB.21688.1	Protein_PB.21688.1	ELP5	ELP5	full-splice_match	YES	33.83	34.74	38.84
PB.21688.3	Protein_PB.21688.3	ELP5	ELP5	novel_in_catalog	YES	16.61	13.66	24.13
PB.21689.1	Protein_PB.21689.1	SLC2A4	SLC2A4	novel_not_in_catalog	YES	40.43	46.31	12.06
PB.21689.2	Protein_PB.21689.2	SLC2A4	SLC2A4	novel_in_catalog	YES	17.5	23.87	11.71
PB.21689.3	Protein_PB.21689.3	SLC2A4	SLC2A4	novel_not_in_catalog	YES	47.72	57.43	47.11
PB.21689.5	Protein_PB.21689.5	SLC2A4	SLC2A4	novel_in_catalog	YES	724.5	817.8	531.14
PB.21689.6	Protein_PB.21689.6	SLC2A4	SLC2A4	full-splice_match	YES	58.0	59.87	43.33
PB.21689.7	Protein_PB.21689.7	SLC2A4	SLC2A4	novel_not_in_catalog	YES	81.54	63.04	20.69
PB.21689.9	Protein_PB.21689.9	SLC2A4	SLC2A4	novel_not_in_catalog	YES	161.43	143.36	139.32
PB.21690.2	Protein_PB.21690.2	EIF5A	EIF5A	incomplete-splice_match	YES	18.78	11.85	9.73
PB.21690.4	Protein_PB.21690.4	EIF5A	EIF5A	full-splice_match	YES	765.58	764.44	884.1
PB.21690.6	Protein_PB.21690.6	EIF5A	EIF5A	novel_not_in_catalog	YES	12.84	12.98	29.46
PB.21690.7	Protein_PB.21690.7	EIF5A	EIF5A	incomplete-splice_match	YES	30.12	31.54	29.39
PB.21693.1	Protein_PB.21693.1	KCTD11	KCTD11	full-splice_match	YES	26.03	26.08	23.89
PB.21701.5	Protein_PB.21701.5	CHRNB1	CHRNB1	full-splice_match	YES	56.32	85.22	57.58
PB.21701.6	Protein_PB.21701.6	CHRNB1	CHRNB1	novel_in_catalog	YES	152.32	134.84	140.15
PB.21701.7	Protein_PB.21701.7	CHRNB1	CHRNB1	incomplete-splice_match	YES	188.18	218.95	151.34
PB.21703.1	Protein_PB.21703.1	POLR2A	POLR2A	incomplete-splice_match	YES	19.95	21.65	21.94
PB.21703.3	Protein_PB.21703.3	POLR2A	POLR2A	full-splice_match	YES	166.88	106.71	181.55
PB.21704.1	Protein_PB.21704.1	LOC113271162	LOC113271162	full-splice_match	YES	18.92	10.82	14.36
PB.21706.1	Protein_PB.21706.1	SENP3	SENP3	full-splice_match	YES	131.36	132.21	109.13
PB.21707.15	Protein_PB.21707.15	EIF4A1	EIF4A1	full-splice_match	YES	430.47	449.53	503.02
PB.21707.17	Protein_PB.21707.17	EIF4A1	EIF4A1	full-splice_match	YES	229.94	211.08	245.29
PB.21707.18	Protein_PB.21707.18	EIF4A1	EIF4A1	novel_in_catalog	YES	20.45	24.67	19.26
PB.21707.19		novelGene_2514	novelGene_2514	intergenic	NO	313.64	307.16	164.82
PB.21707.21		novelGene_2516	novelGene_2516	intergenic	NO	23.89	21.27	15.88
PB.21709.1	Protein_PB.21709.1	MPDU1	MPDU1	full-splice_match	YES	54.66	43.36	53.86
PB.21711.1	Protein_PB.21711.1	ATP1B2	ATP1B2	full-splice_match	YES	75.9	38.43	85.98
PB.21711.2	Protein_PB.21711.2	ATP1B2	ATP1B2	novel_not_in_catalog	YES	69.07	48.56	102.57
PB.21712.3	Protein_PB.21712.3	WRAP53	WRAP53	novel_not_in_catalog	YES	17.66	19.82	13.22
PB.21718.1	Protein_PB.21718.1	CHD3	CHD3	novel_in_catalog	YES	164.82	88.89	99.8
PB.21718.2	Protein_PB.21718.2	CHD3	CHD3	novel_in_catalog	YES	37.98	25.47	30.29
PB.21719.1		novelGene_2518	novelGene_2518	intergenic	NO	491.02	403.97	352.6
PB.21732.3	Protein_PB.21732.3	PFAS	PFAS	full-splice_match	YES	62.11	37.49	25.8
PB.21736.10	Protein_PB.21736.10	NDEL1	NDEL1	full-splice_match	YES	212.8	198.44	203.85
PB.21736.3	Protein_PB.21736.3	NDEL1	NDEL1	novel_in_catalog	YES	26.18	21.89	5.63
PB.21736.4	Protein_PB.21736.4	NDEL1	NDEL1	novel_not_in_catalog	YES	17.61	21.58	19.01
PB.21736.6	Protein_PB.21736.6	NDEL1	NDEL1	full-splice_match	YES	50.4	36.11	21.61
PB.21736.8	Protein_PB.21736.8	NDEL1	NDEL1	full-splice_match	YES	7.7	22.25	27.55
PB.21739.1	Protein_PB.21739.1	NTN1	NTN1	full-splice_match	YES	34.5	23.19	31.02
PB.21745.1		novelGene_2535	novelGene_2535	intergenic	NO	302.88	154.73	74.25
PB.21745.2		novelGene_2536	novelGene_2536	intergenic	NO	263.93	105.91	74.35
PB.21751.1	Protein_PB.21751.1	MAP2K4	MAP2K4	full-splice_match	YES	347.83	341.0	364.96
PB.21755.1	Protein_PB.21755.1	ARHGAP44	ARHGAP44	full-splice_match	YES	32.66	13.29	12.36
PB.21755.2	Protein_PB.21755.2	ARHGAP44	ARHGAP44	full-splice_match	YES	59.33	26.13	18.36
PB.21756.1	Protein_PB.21756.1	LOC113271230	LOC113271230	full-splice_match	YES	212.73	210.44	178.64
PB.21756.2	Protein_PB.21756.2	LOC113271230	LOC113271230	full-splice_match	YES	218.8	234.02	168.46
PB.21756.4	Protein_PB.21756.4	LOC113271230	LOC113271230	incomplete-splice_match	YES	14.27	12.31	20.01
PB.21756.6	Protein_PB.21756.6	LOC113271230	LOC113271230	incomplete-splice_match	YES	15.4	28.09	19.27
PB.21763.1	Protein_PB.21763.1	ZNF624	ZNF624	novel_in_catalog	YES	23.17	20.61	31.17
PB.21765.1	Protein_PB.21765.1	ZNF287	ZNF287	full-splice_match	YES	22.57	12.95	23.76
PB.21768.1	Protein_PB.21768.1	CENPV	CENPV	full-splice_match	YES	174.85	219.75	155.18
PB.21769.1	Protein_PB.21769.1	NCOR1	NCOR1	incomplete-splice_match	YES	69.18	60.77	48.5
PB.21769.10	Protein_PB.21769.10	NCOR1	NCOR1	full-splice_match	YES	271.89	170.28	224.05
PB.21769.12	Protein_PB.21769.12	NCOR1	NCOR1	full-splice_match	YES	190.16	208.17	112.39
PB.21769.15	Protein_PB.21769.15	NCOR1	NCOR1	incomplete-splice_match	YES	21.03	4.57	22.23
PB.21769.2	Protein_PB.21769.2	NCOR1	NCOR1	full-splice_match	YES	147.41	278.9	158.03
PB.21769.6	Protein_PB.21769.6	NCOR1	NCOR1	full-splice_match	YES	276.15	237.87	192.52
PB.21769.7	Protein_PB.21769.7	NCOR1	NCOR1	full-splice_match	YES	187.61	179.21	83.65
PB.21769.8	Protein_PB.21769.8	NCOR1	NCOR1	full-splice_match	YES	157.31	243.66	156.21
PB.2177.5	Protein_PB.2177.5	GCFC2	GCFC2	full-splice_match	YES	5.08	18.01	7.14
PB.2177.6	Protein_PB.2177.6	GCFC2	GCFC2	full-splice_match	YES	13.2	10.03	21.25
PB.21770.1	Protein_PB.21770.1	ZSWIM7	ZSWIM7	full-splice_match	YES	9.05	9.43	16.32
PB.21773.1	Protein_PB.21773.1	AKAP10	AKAP10	full-splice_match	YES	305.76	289.03	368.75
PB.21774.1	Protein_PB.21774.1	ULK2	ULK2	full-splice_match	YES	49.98	76.22	79.21
PB.21774.4	Protein_PB.21774.4	ULK2	ULK2	full-splice_match	YES	230.79	229.65	228.59
PB.21777.1	Protein_PB.21777.1	MFAP4	MFAP4	full-splice_match	YES	65.1	51.02	64.56
PB.21781.24	Protein_PB.21781.24	SHMT1	SHMT1	novel_not_in_catalog	YES	18.74	34.31	33.5
PB.21781.29	Protein_PB.21781.29	SHMT1	SHMT1	novel_not_in_catalog	YES	62.59	45.27	60.83
PB.21782.1	Protein_PB.21782.1	TOP3A	TOP3A	full-splice_match	YES	77.41	69.1	69.76
PB.21782.2	Protein_PB.21782.2	TOP3A	TOP3A	full-splice_match	YES	4.63	8.99	18.38
PB.21783.1	Protein_PB.21783.1	FLII	FLII	full-splice_match	YES	322.52	393.07	464.54
PB.21783.13	Protein_PB.21783.13	FLII	FLII	incomplete-splice_match	YES	44.06	34.93	54.61
PB.21783.2	Protein_PB.21783.2	FLII	FLII	full-splice_match	YES	1451.28	1701.04	2073.48
PB.21783.3	Protein_PB.21783.3	FLII	FLII	novel_in_catalog	YES	6.78	15.53	37.83
PB.21783.5	Protein_PB.21783.5	FLII	FLII	incomplete-splice_match	YES	158.78	235.65	206.46
PB.21784.5	Protein_PB.21784.5	ATPAF2	ATPAF2	full-splice_match	YES	161.1	175.41	113.25
PB.21785.1	Protein_PB.21785.1	TOM1L2	TOM1L2	full-splice_match	YES	34.32	59.61	61.67
PB.21785.2	Protein_PB.21785.2	TOM1L2	TOM1L2	full-splice_match	YES	54.08	35.84	30.9
PB.21785.3	Protein_PB.21785.3	TOM1L2	TOM1L2	full-splice_match	YES	231.2	256.64	248.74
PB.21785.5	Protein_PB.21785.5	TOM1L2	TOM1L2	novel_not_in_catalog	YES	30.5	13.32	23.79
PB.21786.2	Protein_PB.21786.2	SREBF1	SREBF1	full-splice_match	YES	141.43	122.76	122.56
PB.21786.5	Protein_PB.21786.5	SREBF1	SREBF1	full-splice_match	YES	84.37	108.79	195.83
PB.21788.1	Protein_PB.21788.1	PEMT	PEMT	incomplete-splice_match	YES	186.04	143.45	122.59
PB.21788.2	Protein_PB.21788.2	PEMT	PEMT	novel_not_in_catalog	YES	40.24	54.81	69.24
PB.21790.12	Protein_PB.21790.12	COPS3	COPS3	novel_not_in_catalog	YES	283.82	363.14	303.94
PB.21790.13	Protein_PB.21790.13	COPS3	COPS3	novel_not_in_catalog	YES	206.82	231.81	189.19
PB.21790.3	Protein_PB.21790.3	COPS3	COPS3	full-splice_match	YES	470.86	538.23	389.31
PB.21790.9	Protein_PB.21790.9	COPS3	COPS3	novel_not_in_catalog	YES	15.32	19.89	25.78
PB.21791.1	Protein_PB.21791.1	FLCN	FLCN	full-splice_match	YES	29.05	42.04	31.87
PB.21791.13	Protein_PB.21791.13	FLCN	FLCN	incomplete-splice_match	YES	66.91	135.69	137.5
PB.21791.8	Protein_PB.21791.8	FLCN	FLCN	full-splice_match	YES	199.81	140.19	53.51
PB.21794.1	Protein_PB.21794.1	DHRS7B	DHRS7B	novel_in_catalog	YES	32.64	44.14	11.78
PB.21794.11	Protein_PB.21794.11	DHRS7B	DHRS7B	full-splice_match	YES	50.45	94.29	78.1
PB.21794.13	Protein_PB.21794.13	DHRS7B	DHRS7B	full-splice_match	YES	83.58	115.94	67.01
PB.21794.15	Protein_PB.21794.15	DHRS7B	DHRS7B	novel_not_in_catalog	YES	54.93	34.11	37.8
PB.21794.16	Protein_PB.21794.16	DHRS7B	DHRS7B	novel_not_in_catalog	YES	9.46	12.02	33.8
PB.21794.4	Protein_PB.21794.4	DHRS7B	DHRS7B	novel_in_catalog	YES	30.17	30.43	35.41
PB.21794.5	Protein_PB.21794.5	DHRS7B	DHRS7B	full-splice_match	YES	33.79	40.77	51.11
PB.21794.6	Protein_PB.21794.6	DHRS7B	DHRS7B	novel_in_catalog	YES	156.34	162.63	172.87
PB.21796.2	Protein_PB.21796.2	MAP2K3	MAP2K3	full-splice_match	YES	48.29	47.52	58.42
PB.21796.3	Protein_PB.21796.3	MAP2K3	MAP2K3	full-splice_match	YES	481.93	576.74	487.81
PB.21797.1	Protein_PB.21797.1	KCNJ12	KCNJ12	full-splice_match	YES	635.19	660.65	608.01
PB.21797.3	Protein_PB.21797.3	LOC113271320	LOC113271320	full-splice_match	YES	754.73	794.56	720.87
PB.21798.1	Protein_PB.21798.1	ZZEF1	ZZEF1	full-splice_match	YES	243.66	211.08	185.26
PB.21799.2	Protein_PB.21799.2	ANKFY1	ANKFY1	full-splice_match	YES	113.78	74.69	125.68
PB.21799.3	Protein_PB.21799.3	ANKFY1	ANKFY1	novel_not_in_catalog	YES	199.57	177.05	166.58
PB.21799.4	Protein_PB.21799.4	ANKFY1	ANKFY1	novel_not_in_catalog	YES	37.82	56.31	67.05
PB.21800.1	Protein_PB.21800.1	UBE2G1	UBE2G1	full-splice_match	YES	135.48	239.0	297.38
PB.21800.2	Protein_PB.21800.2	UBE2G1	UBE2G1	full-splice_match	YES	1184.66	1151.53	1169.34
PB.21800.3	Protein_PB.21800.3	UBE2G1	UBE2G1	novel_not_in_catalog	YES	81.38	80.01	63.84
PB.21800.5	Protein_PB.21800.5	UBE2G1	UBE2G1	novel_not_in_catalog	YES	344.22	403.68	388.88
PB.21800.6	Protein_PB.21800.6	UBE2G1	UBE2G1	novel_not_in_catalog	YES	25.24	47.09	66.28
PB.21803.1	Protein_PB.21803.1	MYBBP1A	MYBBP1A	full-splice_match	YES	680.3	740.2	821.05
PB.21807.1	Protein_PB.21807.1	TXNDC17	TXNDC17	full-splice_match	YES	288.82	301.63	349.92
PB.21810.1	Protein_PB.21810.1	WSCD1	WSCD1	full-splice_match	YES	242.67	179.33	189.68
PB.21811.10	Protein_PB.21811.10	MIS12	MIS12	full-splice_match	YES	26.3	23.15	25.87
PB.21811.4	Protein_PB.21811.4	MIS12	MIS12	full-splice_match	YES	5.74	10.4	18.02
PB.21812.1	Protein_PB.21812.1	RPAIN	RPAIN	full-splice_match	YES	30.8	42.02	24.02
PB.21814.1	Protein_PB.21814.1	RABEP1	RABEP1	full-splice_match	YES	1021.42	900.57	1359.79
PB.21815.2		ZFP3	ZFP3	full-splice_match	NO	20.87	19.07	12.65
PB.21815.3		ZFP3	ZFP3	novel_not_in_catalog	NO	152.4	123.16	119.26
PB.21815.4		ZFP3	ZFP3	full-splice_match	NO	49.38	45.87	28.58
PB.21815.5	Protein_PB.21815.5	ZFP3	ZFP3	full-splice_match	YES	24.86	18.81	14.01
PB.21815.6	Protein_PB.21815.6	ZFP3	ZFP3	full-splice_match	YES	135.41	118.88	189.35
PB.21817.1	Protein_PB.21817.1	KIF1C	KIF1C	full-splice_match	YES	6938.3	7120.63	5880.92
PB.21817.2	Protein_PB.21817.2	KIF1C	KIF1C	full-splice_match	YES	4139.69	3889.97	3466.54
PB.21819.13	Protein_PB.21819.13	ENO3	ENO3	novel_not_in_catalog	YES	104.4	65.19	64.02
PB.21819.17	Protein_PB.21819.17	ENO3	ENO3	novel_not_in_catalog	YES	128.54	101.51	56.99
PB.21819.19	Protein_PB.21819.19	ENO3	ENO3	novel_not_in_catalog	YES	74.81	66.53	160.79
PB.21819.2	Protein_PB.21819.2	ENO3	ENO3	full-splice_match	YES	70357.09	56858.14	41280.16
PB.21819.20	Protein_PB.21819.20	ENO3	ENO3	novel_not_in_catalog	YES	38.46	15.32	23.44
PB.21819.3	Protein_PB.21819.3	ENO3	ENO3	full-splice_match	YES	161.89	117.36	129.32
PB.21819.4	Protein_PB.21819.4	ENO3	ENO3	novel_in_catalog	YES	73.85	48.45	44.33
PB.21820.1	Protein_PB.21820.1	RNF167	RNF167	full-splice_match	YES	29.95	4.45	19.45
PB.21820.13	Protein_PB.21820.13	RNF167	RNF167	full-splice_match	YES	52.87	61.47	39.68
PB.21820.18	Protein_PB.21820.18	RNF167	RNF167	novel_not_in_catalog	YES	11.92	28.9	36.94
PB.21820.2	Protein_PB.21820.2	RNF167	RNF167	full-splice_match	YES	66.6	85.11	85.32
PB.21823.3	Protein_PB.21823.3	MINK1	MINK1	full-splice_match	YES	25.02	21.49	16.0
PB.21823.4	Protein_PB.21823.4	MINK1	MINK1	full-splice_match	YES	18.19	22.99	43.04
PB.21823.7	Protein_PB.21823.7	MINK1	MINK1	full-splice_match	YES	59.42	55.6	66.47
PB.21824.2	Protein_PB.21824.2	PLD2	PLD2	full-splice_match	YES	32.03	17.95	22.83
PB.21825.1	Protein_PB.21825.1	PSMB6	PSMB6	full-splice_match	YES	1143.39	1281.92	1148.72
PB.21825.2	Protein_PB.21825.2	PSMB6	PSMB6	novel_not_in_catalog	YES	35.68	42.55	27.33
PB.21829.1	Protein_PB.21829.1	MED11	MED11	full-splice_match	YES	21.64	19.94	27.19
PB.21829.2	Protein_PB.21829.2	MED11	MED11	novel_not_in_catalog	YES	20.05	24.13	21.59
PB.21829.4	Protein_PB.21829.4	MED11	MED11	full-splice_match	YES	74.69	68.34	46.48
PB.2183.1	Protein_PB.2183.1	LOXL3	LOXL3	full-splice_match	YES	18.99	5.47	6.76
PB.21831.5	Protein_PB.21831.5	ARRB2	ARRB2	full-splice_match	YES	17.33	22.89	17.87
PB.21839.3	Protein_PB.21839.3	DVL2	DVL2	full-splice_match	YES	29.8	21.61	17.42
PB.2184.18	Protein_PB.2184.18	AUP1	AUP1	novel_in_catalog	YES	162.34	176.98	129.11
PB.2184.23	Protein_PB.2184.23	AUP1	AUP1	novel_in_catalog	YES	45.64	64.57	125.71
PB.2184.28	Protein_PB.2184.28	AUP1_DQX1	AUP1_DQX1	fusion	YES	133.09	157.4	112.79
PB.21840.1	Protein_PB.21840.1	PHF23_GABARAP	PHF23_GABARAP	fusion	YES	62.08	46.07	40.72
PB.21840.3	Protein_PB.21840.3	PHF23	PHF23	full-splice_match	YES	7.27	25.42	27.96
PB.21840.4	Protein_PB.21840.4	PHF23	PHF23	full-splice_match	YES	50.35	34.73	63.44
PB.21840.5	Protein_PB.21840.5	GABARAP	GABARAP	full-splice_match	YES	1084.73	1213.71	1097.14
PB.21841.1	Protein_PB.21841.1	CTDNEP1	CTDNEP1	full-splice_match	YES	261.46	253.34	238.43
PB.21844.1	Protein_PB.21844.1	GPS2	GPS2	full-splice_match	YES	13.65	17.53	13.62
PB.21844.11	Protein_PB.21844.11	GPS2	GPS2	full-splice_match	YES	383.55	412.58	357.02
PB.21844.7	Protein_PB.21844.7	GPS2	GPS2	novel_in_catalog	YES	78.99	67.96	74.34
PB.21845.1	Protein_PB.21845.1	NEURL4	NEURL4	full-splice_match	YES	69.08	113.73	95.92
PB.21845.2	Protein_PB.21845.2	NEURL4	NEURL4	full-splice_match	YES	39.54	18.22	11.43
PB.21845.3	Protein_PB.21845.3	NEURL4	NEURL4	full-splice_match	YES	161.18	133.27	129.49
PB.21847.1	Protein_PB.21847.1	TMEM256	TMEM256	full-splice_match	YES	160.66	203.19	191.67
PB.21848.1	Protein_PB.21848.1	ZBTB4	ZBTB4	novel_in_catalog	YES	261.06	234.26	240.88
PB.2185.2	Protein_PB.2185.2	PCGF1	PCGF1	full-splice_match	YES	33.01	35.72	39.85
PB.21850.1	Protein_PB.21850.1	FXR2	FXR2	novel_not_in_catalog	YES	290.38	277.02	440.2
PB.21850.2	Protein_PB.21850.2	FXR2	FXR2	full-splice_match	YES	1556.23	1929.29	1301.75
PB.21851.1	Protein_PB.21851.1	SAT2	SAT2	full-splice_match	YES	52.18	63.95	102.61
PB.21851.2	Protein_PB.21851.2	SAT2	SAT2	full-splice_match	YES	48.45	63.83	53.99
PB.21852.1	Protein_PB.21852.1	TP53	TP53	full-splice_match	YES	82.45	77.47	76.65
PB.21852.3	Protein_PB.21852.3	TP53	TP53	novel_in_catalog	YES	52.7	37.63	67.86
PB.21852.5	Protein_PB.21852.5	TP53	TP53	novel_in_catalog	YES	12.78	16.97	36.71
PB.21855.1	Protein_PB.21855.1	NAA38	NAA38	full-splice_match	YES	11.51	12.26	23.05
PB.21855.2	Protein_PB.21855.2	NAA38	NAA38	full-splice_match	YES	131.69	123.71	132.52
PB.21859.1	Protein_PB.21859.1	TRAPPC1	TRAPPC1	incomplete-splice_match	YES	128.34	142.3	108.6
PB.21859.2	Protein_PB.21859.2	TRAPPC1	TRAPPC1	full-splice_match	YES	17.14	12.28	8.13
PB.21866.1	Protein_PB.21866.1	PER1	PER1	full-splice_match	YES	23.69	28.21	38.65
PB.21866.11	Protein_PB.21866.11	PER1	PER1	novel_in_catalog	YES	28.81	41.25	24.06
PB.21866.2	Protein_PB.21866.2	PER1	PER1	full-splice_match	YES	12.13	15.85	29.26
PB.21866.5	Protein_PB.21866.5	PER1	PER1	full-splice_match	YES	137.46	113.49	68.0
PB.21866.9	Protein_PB.21866.9	PER1	PER1	novel_in_catalog	YES	32.82	41.53	34.55
PB.21867.1	Protein_PB.21867.1	VAMP2	VAMP2	full-splice_match	YES	58.58	45.96	75.66
PB.21868.2	Protein_PB.21868.2	TMEM107	TMEM107	full-splice_match	YES	31.01	27.93	17.9
PB.21869.1	Protein_PB.21869.1	BORCS6	BORCS6	full-splice_match	YES	35.46	40.05	33.14
PB.21875.2	Protein_PB.21875.2	CTC1	CTC1	full-splice_match	YES	70.6	83.5	104.15
PB.21878.1	Protein_PB.21878.1	KRBA2	KRBA2	novel_in_catalog	YES	118.77	113.08	84.7
PB.21879.1	Protein_PB.21879.1	RPL26	RPL26	full-splice_match	YES	4044.89	4180.1	5148.0
PB.2188.2	Protein_PB.2188.2	MRPL53	MRPL53	full-splice_match	YES	215.31	222.18	219.14
PB.21881.16	Protein_PB.21881.16	MYH10	MYH10	novel_not_in_catalog	YES	26.31	24.41	33.26
PB.21881.3	Protein_PB.21881.3	MYH10	MYH10	full-splice_match	YES	60.96	41.46	30.2
PB.21881.4	Protein_PB.21881.4	MYH10	MYH10	full-splice_match	YES	14.77	35.56	9.41
PB.21881.8	Protein_PB.21881.8	MYH10	MYH10	novel_in_catalog	YES	155.67	129.34	184.77
PB.21881.9	Protein_PB.21881.9	MYH10	MYH10	novel_in_catalog	YES	159.52	212.95	284.48
PB.21887.2	Protein_PB.21887.2	STX8	STX8	novel_in_catalog	YES	123.4	135.04	117.69
PB.21888.1	Protein_PB.21888.1	DHRS7C	DHRS7C	full-splice_match	YES	1646.26	1759.23	949.57
PB.21888.4	Protein_PB.21888.4	DHRS7C	DHRS7C	full-splice_match	YES	803.13	889.59	537.54
PB.21888.5	Protein_PB.21888.5	DHRS7C	DHRS7C	full-splice_match	YES	263.99	298.34	162.84
PB.2189.1	Protein_PB.2189.1	MOGS	MOGS	novel_in_catalog	YES	3.29	3.08	20.45
PB.2189.2	Protein_PB.2189.2	MOGS	MOGS	full-splice_match	YES	67.55	58.37	46.42
PB.21891.1	Protein_PB.21891.1	GAS7	GAS7	full-splice_match	YES	55.12	34.63	48.67
PB.21893.2	Protein_PB.21893.2	LOC113271209	LOC113271209	full-splice_match	YES	17.32	13.71	15.71
PB.21894.1	Protein_PB.21894.1	LOC113271210	LOC113271210	full-splice_match	YES	595.36	297.32	331.8
PB.21895.2	Protein_PB.21895.2	LOC113271212	LOC113271212	full-splice_match	YES	24.96	36.3	28.3
PB.21896.4	Protein_PB.21896.4	LOC113271213	LOC113271213	full-splice_match	YES	28.49	4.93	30.94
PB.21897.1	Protein_PB.21897.1	LOC113271214	LOC113271214	full-splice_match	YES	314.01	155.66	151.13
PB.21897.10	Protein_PB.21897.10	LOC113271214	LOC113271214	novel_in_catalog	YES	272.06	169.82	159.76
PB.21897.11	Protein_PB.21897.11	LOC113271214	LOC113271214	novel_in_catalog	YES	1169.85	550.8	460.06
PB.21897.13	Protein_PB.21897.13	LOC113271214	LOC113271214	novel_in_catalog	YES	177.99	142.17	239.08
PB.21897.15	Protein_PB.21897.15	LOC113271214	LOC113271214	novel_in_catalog	YES	67.08	29.66	53.36
PB.21897.16	Protein_PB.21897.16	LOC113271214	LOC113271214	novel_in_catalog	YES	467.72	291.58	369.18
PB.21897.17	Protein_PB.21897.17	LOC113271214	LOC113271214	novel_in_catalog	YES	115.26	53.85	73.39
PB.21897.18	Protein_PB.21897.18	LOC113271214	LOC113271214	novel_not_in_catalog	YES	1194.99	727.0	871.43
PB.21897.2	Protein_PB.21897.2	LOC113271214	LOC113271214	novel_not_in_catalog	YES	48.12	33.58	26.0
PB.21897.20	Protein_PB.21897.20	LOC113271214	LOC113271214	incomplete-splice_match	YES	54485.97	17595.2	27594.33
PB.21897.21	Protein_PB.21897.21	LOC113271214	LOC113271214	incomplete-splice_match	YES	11519.76	4139.56	4477.8
PB.21897.29	Protein_PB.21897.29	LOC113271214	LOC113271214	incomplete-splice_match	YES	773.89	227.11	439.22
PB.21897.3	Protein_PB.21897.3	LOC113271214	LOC113271214	novel_not_in_catalog	YES	236559.52	108410.28	136790.28
PB.21897.32	Protein_PB.21897.32	LOC113271214	LOC113271214	novel_in_catalog	YES	56.97	16.51	28.93
PB.21897.35	Protein_PB.21897.35	LOC113271214	LOC113271214	novel_in_catalog	YES	312.95	96.66	208.45
PB.21897.36	Protein_PB.21897.36	LOC113271214	LOC113271214	novel_in_catalog	YES	50.14	28.68	31.28
PB.21897.37	Protein_PB.21897.37	LOC113271214	LOC113271214	novel_in_catalog	YES	73.8	24.24	45.56
PB.21897.39	Protein_PB.21897.39	LOC113271214	LOC113271214	novel_not_in_catalog	YES	81.83	25.37	55.72
PB.21897.4	Protein_PB.21897.4	LOC113271214	LOC113271214	novel_in_catalog	YES	96.64	68.89	121.05
PB.21897.40	Protein_PB.21897.40	LOC113271214	LOC113271214	incomplete-splice_match	YES	265.61	82.86	190.82
PB.21897.43	Protein_PB.21897.43	LOC113271214	LOC113271214	incomplete-splice_match	YES	23.11	18.74	47.72
PB.21897.46	Protein_PB.21897.46	LOC113271214	LOC113271214	incomplete-splice_match	YES	5361.36	1736.93	1876.28
PB.21897.47	Protein_PB.21897.47	LOC113271214	LOC113271214	novel_not_in_catalog	YES	39.46	11.8	27.18
PB.21897.6	Protein_PB.21897.6	LOC113271214	LOC113271214	novel_not_in_catalog	YES	127.76	26.55	61.64
PB.21897.7	Protein_PB.21897.7	LOC113271214	LOC113271214	novel_in_catalog	YES	138.13	63.92	123.53
PB.21897.8	Protein_PB.21897.8	LOC113271214	LOC113271214	novel_in_catalog	YES	11624.57	7531.08	9798.72
PB.21897.9	Protein_PB.21897.9	LOC113271214	LOC113271214	novel_in_catalog	YES	580.72	168.95	263.12
PB.21898.1	Protein_PB.21898.1	LOC113271211	LOC113271211	full-splice_match	YES	275.82	103.09	253.3
PB.21899.1	Protein_PB.21899.1	LOC113271216	LOC113271216	full-splice_match	YES	164.35	181.13	160.67
PB.2190.9	Protein_PB.2190.9	RTKN	RTKN	novel_not_in_catalog	YES	25.2	37.21	31.2
PB.21902.2	Protein_PB.21902.2	ZNF18	ZNF18	full-splice_match	YES	40.44	42.93	29.81
PB.21902.3	Protein_PB.21902.3	ZNF18	ZNF18	full-splice_match	YES	121.11	136.23	114.57
PB.21905.1	Protein_PB.21905.1	ELAC2	ELAC2	full-splice_match	YES	305.04	320.3	234.6
PB.21908.6	Protein_PB.21908.6	PMP22	PMP22	full-splice_match	YES	159.94	93.17	170.32
PB.21908.8	Protein_PB.21908.8	PMP22	PMP22	novel_not_in_catalog	YES	140.08	86.25	180.83
PB.21913.1	Protein_PB.21913.1	LOC113271240	LOC113271240	full-splice_match	YES	84.27	87.49	110.64
PB.21913.3	Protein_PB.21913.3	LOC113271240	LOC113271240	novel_in_catalog	YES	30.68	29.95	19.67
PB.21919.1		LOC113271252	LOC113271252	novel_in_catalog	NO	24.54	19.2	44.83
PB.21919.3	Protein_PB.21919.3	LOC113271252	LOC113271252	full-splice_match	YES	60.18	50.35	171.14
PB.21919.4	Protein_PB.21919.4	LOC113271252	LOC113271252	full-splice_match	YES	25.42	21.1	50.89
PB.21920.1	Protein_PB.21920.1	TRPV2	TRPV2	full-splice_match	YES	24.91	17.12	15.35
PB.21922.1	Protein_PB.21922.1	PIGL	PIGL	full-splice_match	YES	119.76	126.91	56.7
PB.21922.2	Protein_PB.21922.2	PIGL	PIGL	full-splice_match	YES	41.43	48.07	48.18
PB.21922.3	Protein_PB.21922.3	PIGL	PIGL	full-splice_match	YES	34.07	43.01	32.71
PB.21924.1	Protein_PB.21924.1	TTC19	TTC19	full-splice_match	YES	303.46	360.7	314.5
PB.21924.2	Protein_PB.21924.2	TTC19	TTC19	incomplete-splice_match	YES	93.58	88.38	128.65
PB.21928.1	Protein_PB.21928.1	ALDH3A2	ALDH3A2	novel_not_in_catalog	YES	21.77	25.8	34.01
PB.21928.11	Protein_PB.21928.11	ALDH3A2	ALDH3A2	novel_in_catalog	YES	35.49	0.0	48.66
PB.21928.15	Protein_PB.21928.15	ALDH3A2	ALDH3A2	novel_not_in_catalog	YES	106.21	183.32	102.32
PB.21928.16	Protein_PB.21928.16	ALDH3A2	ALDH3A2	novel_not_in_catalog	YES	27.26	29.15	21.42
PB.21928.7	Protein_PB.21928.7	ALDH3A2	ALDH3A2	novel_in_catalog	YES	113.29	81.23	91.89
PB.2193.11	Protein_PB.2193.11	DCTN1	DCTN1	full-splice_match	YES	64.59	35.18	90.54
PB.2193.12	Protein_PB.2193.12	DCTN1	DCTN1	novel_not_in_catalog	YES	491.7	483.26	342.88
PB.2193.19	Protein_PB.2193.19	DCTN1	DCTN1	full-splice_match	YES	186.72	162.36	147.51
PB.2193.20	Protein_PB.2193.20	DCTN1	DCTN1	novel_not_in_catalog	YES	15.65	11.11	25.32
PB.2193.24	Protein_PB.2193.24	DCTN1	DCTN1	full-splice_match	YES	156.8	130.49	18.1
PB.2193.3	Protein_PB.2193.3	DCTN1	DCTN1	incomplete-splice_match	YES	118.15	73.3	168.82
PB.2193.4	Protein_PB.2193.4	DCTN1	DCTN1	novel_in_catalog	YES	45.72	39.38	32.44
PB.2193.6	Protein_PB.2193.6	DCTN1	DCTN1	novel_not_in_catalog	YES	23.97	71.43	21.02
PB.21933.1	Protein_PB.21933.1	MAPK7	MAPK7	full-splice_match	YES	20.73	13.95	23.26
PB.21934.3	Protein_PB.21934.3	EPN2	EPN2	full-splice_match	YES	46.42	37.71	12.16
PB.21934.5	Protein_PB.21934.5	EPN2	EPN2	full-splice_match	YES	22.97	30.33	56.53
PB.21938.2	Protein_PB.21938.2	PRPSAP2	PRPSAP2	full-splice_match	YES	39.6	31.31	43.51
PB.21938.3	Protein_PB.21938.3	PRPSAP2	PRPSAP2	full-splice_match	YES	9.41	17.9	13.74
PB.21939.1	Protein_PB.21939.1	SMCR8	SMCR8	full-splice_match	YES	155.36	173.88	159.9
PB.21940.1	Protein_PB.21940.1	MIEF2	MIEF2	full-splice_match	YES	42.41	34.45	37.55
PB.21940.2	Protein_PB.21940.2	MIEF2	MIEF2	full-splice_match	YES	23.02	41.72	51.46
PB.21940.3	Protein_PB.21940.3	MIEF2	MIEF2	full-splice_match	YES	43.92	47.19	67.22
PB.21940.5	Protein_PB.21940.5	MIEF2	MIEF2	full-splice_match	YES	292.04	321.39	326.55
PB.21941.2	Protein_PB.21941.2	LLGL1	LLGL1	full-splice_match	YES	12.09	17.61	26.85
PB.21941.4	Protein_PB.21941.4	LLGL1	LLGL1	novel_not_in_catalog	YES	6.19	16.97	8.64
PB.21942.1	Protein_PB.21942.1	ALKBH5	ALKBH5	full-splice_match	YES	1409.16	1486.61	1207.7
PB.21942.2		ALKBH5	ALKBH5	novel_not_in_catalog	NO	1228.59	1200.15	1080.36
PB.21944.2	Protein_PB.21944.2	DRG2	DRG2	full-splice_match	YES	243.8	271.35	220.24
PB.21944.7	Protein_PB.21944.7	DRG2	DRG2	novel_in_catalog	YES	21.54	37.72	7.34
PB.21945.1	Protein_PB.21945.1	GID4	GID4	novel_in_catalog	YES	89.16	90.28	79.49
PB.21947.1	Protein_PB.21947.1	RAI1	RAI1	full-splice_match	YES	42.65	56.83	39.55
PB.21947.2	Protein_PB.21947.2	RAI1	RAI1	full-splice_match	YES	41.54	11.08	72.22
PB.21948.1	Protein_PB.21948.1	MED9	MED9	full-splice_match	YES	97.91	95.1	104.08
PB.21949.1	Protein_PB.21949.1	NT5M	NT5M	full-splice_match	YES	147.11	125.52	155.81
PB.2195.1	Protein_PB.2195.1	MOB1A	MOB1A	full-splice_match	YES	264.81	270.76	299.39
PB.2195.4	Protein_PB.2195.4	MOB1A	MOB1A	novel_not_in_catalog	YES	153.3	90.21	145.13
PB.21951.1	Protein_PB.21951.1	MPRIP	MPRIP	full-splice_match	YES	820.74	745.09	900.56
PB.21951.2	Protein_PB.21951.2	MPRIP	MPRIP	full-splice_match	YES	240.97	208.62	216.88
PB.21951.3	Protein_PB.21951.3	MPRIP	MPRIP	novel_not_in_catalog	YES	776.54	719.55	475.89
PB.21951.4	Protein_PB.21951.4	MPRIP	MPRIP	incomplete-splice_match	YES	142.35	74.49	179.09
PB.21951.5	Protein_PB.21951.5	MPRIP	MPRIP	full-splice_match	YES	374.46	319.02	292.16
PB.21951.6	Protein_PB.21951.6	MPRIP	MPRIP	incomplete-splice_match	YES	22.23	25.21	15.85
PB.21953.1	Protein_PB.21953.1	USP22	USP22	full-splice_match	YES	1113.55	1287.18	1361.93
PB.21954.1	Protein_PB.21954.1	TMEM11	TMEM11	novel_in_catalog	YES	48.27	55.0	35.74
PB.21954.2	Protein_PB.21954.2	TMEM11	TMEM11	full-splice_match	YES	84.87	78.46	90.27
PB.21954.3	Protein_PB.21954.3	TMEM11	TMEM11	full-splice_match	YES	311.76	434.48	284.58
PB.21954.4	Protein_PB.21954.4	TMEM11	TMEM11	full-splice_match	YES	71.77	55.55	66.58
PB.21954.6	Protein_PB.21954.6	TMEM11	TMEM11	incomplete-splice_match	YES	18.46	20.73	36.45
PB.21955.1	Protein_PB.21955.1	NATD1	NATD1	full-splice_match	YES	693.96	861.46	896.23
PB.21957.3	Protein_PB.21957.3	PIR	PIR	full-splice_match	YES	90.25	95.92	41.92
PB.21958.2	Protein_PB.21958.2	VEGFD	VEGFD	full-splice_match	YES	40.7	34.67	41.18
PB.2196.2	Protein_PB.2196.2	BOLA3	BOLA3	full-splice_match	YES	1165.27	1188.75	891.54
PB.21960.1	Protein_PB.21960.1	ASB11	ASB11	novel_not_in_catalog	YES	887.06	1096.91	965.12
PB.21960.2	Protein_PB.21960.2	ASB11	ASB11	full-splice_match	YES	147.92	169.47	150.26
PB.21960.3	Protein_PB.21960.3	ASB11	ASB11	novel_not_in_catalog	YES	30.66	32.99	30.42
PB.21962.2	Protein_PB.21962.2	ASB9	ASB9	full-splice_match	YES	11.21	18.53	14.52
PB.21969.1	Protein_PB.21969.1	GEMIN8	GEMIN8	full-splice_match	YES	12.07	10.34	23.09
PB.21969.2	Protein_PB.21969.2	GEMIN8	GEMIN8	full-splice_match	YES	40.21	41.05	31.04
PB.21969.3	Protein_PB.21969.3	GEMIN8	GEMIN8	full-splice_match	YES	23.66	20.66	13.29
PB.21970.6	Protein_PB.21970.6	GPM6B	GPM6B	full-splice_match	YES	50.18	49.11	34.77
PB.21972.1	Protein_PB.21972.1	TRAPPC2	TRAPPC2	full-splice_match	YES	337.73	408.37	256.54
PB.21980.1	Protein_PB.21980.1	ARHGAP6	ARHGAP6	full-splice_match	YES	73.4	42.92	50.21
PB.21982.2	Protein_PB.21982.2	MID1	MID1	full-splice_match	YES	11.87	9.78	18.72
PB.2199.1	Protein_PB.2199.1	DUSP11	DUSP11	full-splice_match	YES	190.5	203.66	180.18
PB.21990.1	Protein_PB.21990.1	ANOS1	ANOS1	full-splice_match	YES	38.58	36.02	21.23
PB.21990.2	Protein_PB.21990.2	ANOS1	ANOS1	incomplete-splice_match	YES	31.83	30.08	20.43
PB.21991.1	Protein_PB.21991.1	PNPLA4	PNPLA4	full-splice_match	YES	102.42	105.18	101.8
PB.21993.11	Protein_PB.21993.11	PUDP	PUDP	incomplete-splice_match	YES	50.73	49.54	42.4
PB.2200.2	Protein_PB.2200.2	TPRKB	TPRKB	novel_in_catalog	YES	25.39	28.78	28.8
PB.2200.3	Protein_PB.2200.3	TPRKB	TPRKB	full-splice_match	YES	106.7	101.58	79.03
PB.2200.5	Protein_PB.2200.5	TPRKB	TPRKB	full-splice_match	YES	52.93	67.65	54.57
PB.22000.1	Protein_PB.22000.1	PRKX	PRKX	full-splice_match	YES	154.19	214.63	184.17
PB.22003.1	Protein_PB.22003.1	MXRA5	MXRA5	full-splice_match	YES	515.86	119.34	225.68
PB.22005.12	Protein_PB.22005.12	ARSD	ARSD	novel_in_catalog	YES	14.98	18.36	17.46
PB.22006.1	Protein_PB.22006.1	DHRSX	DHRSX	full-splice_match	YES	63.63	64.44	48.5
PB.22006.2	Protein_PB.22006.2	ZBED1	ZBED1	full-splice_match	YES	719.47	750.86	792.11
PB.2201.2	Protein_PB.2201.2	NAT8	NAT8	full-splice_match	YES	15.69	17.32	12.28
PB.22011.1	Protein_PB.22011.1	ASMTL	ASMTL	full-splice_match	YES	97.52	99.71	105.28
PB.22012.3	Protein_PB.22012.3	SLC25A6	SLC25A6	full-splice_match	YES	706.07	625.94	668.67
PB.22014.1		novelGene_2560	novelGene_2560	intergenic	NO	26.91	59.58	12.33
PB.22015.1	Protein_PB.22015.1	LOC113240812	LOC113240812	full-splice_match	YES	135.19	172.37	165.4
PB.22016.1	Protein_PB.22016.1	GTPBP6	GTPBP6	full-splice_match	YES	344.02	348.06	241.17
PB.22021.3	Protein_PB.22021.3	MOSPD2	MOSPD2	full-splice_match	YES	31.05	29.5	40.86
PB.22021.5	Protein_PB.22021.5	MOSPD2	MOSPD2	full-splice_match	YES	50.97	33.06	38.3
PB.22026.1	Protein_PB.22026.1	OFD1	OFD1	full-splice_match	YES	27.75	26.29	39.14
PB.22027.2	Protein_PB.22027.2	RAB9A	RAB9A	full-splice_match	YES	128.85	120.21	92.3
PB.22028.1	Protein_PB.22028.1	TCEANC	TCEANC	full-splice_match	YES	124.28	138.28	112.78
PB.22028.2	Protein_PB.22028.2	TCEANC	TCEANC	full-splice_match	YES	13.1	19.64	18.31
PB.22031.1		TMSB4X	TMSB4X	full-splice_match	NO	1902.13	1362.53	1538.85
PB.22034.1	Protein_PB.22034.1	PRPS2	PRPS2	full-splice_match	YES	70.84	52.15	54.26
PB.22038.11	Protein_PB.22038.11	MSL3	MSL3	novel_not_in_catalog	YES	60.27	38.15	67.47
PB.22038.14	Protein_PB.22038.14	MSL3	MSL3	novel_in_catalog	YES	16.99	19.09	13.73
PB.22038.3	Protein_PB.22038.3	MSL3	MSL3	full-splice_match	YES	218.94	199.57	205.27
PB.22038.4	Protein_PB.22038.4	MSL3	MSL3	full-splice_match	YES	4.75	22.81	25.28
PB.22038.6	Protein_PB.22038.6	MSL3	MSL3	novel_in_catalog	YES	7.11	9.09	30.52
PB.22040.5	Protein_PB.22040.5	LOC113240740	LOC113240740	full-splice_match	YES	529.67	636.05	429.38
PB.22042.1	Protein_PB.22042.1	CLCN4	CLCN4	novel_not_in_catalog	YES	17.54	39.63	13.33
PB.22042.2	Protein_PB.22042.2	CLCN4	CLCN4	full-splice_match	YES	150.51	150.16	161.55
PB.22042.3	Protein_PB.22042.3	CLCN4	CLCN4	novel_not_in_catalog	YES	30.36	22.76	25.67
PB.22042.4	Protein_PB.22042.4	CLCN4	CLCN4	novel_not_in_catalog	YES	155.62	144.18	161.45
PB.22042.5	Protein_PB.22042.5	CLCN4	CLCN4	novel_in_catalog	YES	12.49	43.65	6.79
PB.22042.7	Protein_PB.22042.7	CLCN4	CLCN4	novel_in_catalog	YES	28.48	26.51	53.1
PB.22044.1	Protein_PB.22044.1	WWC3	WWC3	full-splice_match	YES	22.03	11.09	24.88
PB.22044.2	Protein_PB.22044.2	WWC3	WWC3	full-splice_match	YES	33.51	18.85	53.62
PB.22044.4	Protein_PB.22044.4	WWC3	WWC3	full-splice_match	YES	35.24	13.24	50.01
PB.22044.5	Protein_PB.22044.5	WWC3	WWC3	full-splice_match	YES	77.92	105.77	42.9
PB.22047.1	Protein_PB.22047.1	TBL1X	TBL1X	full-splice_match	YES	632.82	697.77	736.28
PB.22061.10	Protein_PB.22061.10	XG	XG	novel_in_catalog	YES	66.67	27.09	69.02
PB.22061.13	Protein_PB.22061.13	XG	XG	full-splice_match	YES	25.11	9.75	22.28
PB.22061.6	Protein_PB.22061.6	XG	XG	novel_not_in_catalog	YES	64.86	47.41	33.47
PB.22061.9	Protein_PB.22061.9	XG	XG	novel_in_catalog	YES	99.81	77.06	81.61
PB.22062.1	Protein_PB.22062.1	CD99	CD99	full-splice_match	YES	183.65	104.33	157.03
PB.22062.12	Protein_PB.22062.12	CD99	CD99	novel_not_in_catalog	YES	1150.95	1067.26	1213.81
PB.22062.13	Protein_PB.22062.13	CD99	CD99	novel_not_in_catalog	YES	38.33	47.85	145.84
PB.22062.14	Protein_PB.22062.14	CD99	CD99	novel_not_in_catalog	YES	28.76	7.88	32.66
PB.22062.15	Protein_PB.22062.15	CD99	CD99	novel_not_in_catalog	YES	31.43	26.77	28.76
PB.22062.5	Protein_PB.22062.5	CD99	CD99	novel_in_catalog	YES	133.73	103.84	89.26
PB.22062.7	Protein_PB.22062.7	CD99	CD99	novel_not_in_catalog	YES	43.75	38.63	16.86
PB.22064.1	Protein_PB.22064.1	AKAP17A	AKAP17A	full-splice_match	YES	56.92	44.57	52.01
PB.22064.2	Protein_PB.22064.2	AKAP17A	AKAP17A	full-splice_match	YES	20.0	16.44	23.84
PB.22069.1	Protein_PB.22069.1	LOC113240795	LOC113240795	full-splice_match	YES	20.78	22.22	15.76
PB.22071.1	Protein_PB.22071.1	RAB8B	RAB8B	full-splice_match	YES	225.7	194.61	308.46
PB.22071.2	Protein_PB.22071.2	RAB8B	RAB8B	novel_not_in_catalog	YES	0.0	6.23	23.06
PB.22072.1	Protein_PB.22072.1	APH1B	APH1B	full-splice_match	YES	210.67	229.38	246.78
PB.22072.2	Protein_PB.22072.2	APH1B	APH1B	full-splice_match	YES	15.86	20.1	36.18
PB.22072.5	Protein_PB.22072.5	APH1B	APH1B	full-splice_match	YES	39.89	53.37	47.63
PB.22074.1	Protein_PB.22074.1	USP3	USP3	full-splice_match	YES	27.89	36.39	28.65
PB.22074.8	Protein_PB.22074.8	USP3	USP3	novel_not_in_catalog	YES	6.93	12.15	26.96
PB.22075.1	Protein_PB.22075.1	FBXL22	FBXL22	full-splice_match	YES	33.69	28.96	60.42
PB.22076.1	Protein_PB.22076.1	SNX1	SNX1	novel_not_in_catalog	YES	185.12	161.78	171.99
PB.22076.26	Protein_PB.22076.26	SNX22_SNX1	SNX22_SNX1	fusion	YES	13.51	10.52	21.17
PB.22076.5	Protein_PB.22076.5	SNX1	SNX1	full-splice_match	YES	7.14	10.22	23.66
PB.22076.8	Protein_PB.22076.8	SNX1	SNX1	novel_not_in_catalog	YES	117.37	67.94	71.56
PB.22078.1	Protein_PB.22078.1	TRIP4	TRIP4	full-splice_match	YES	7.74	18.74	4.39
PB.22078.3	Protein_PB.22078.3	TRIP4	TRIP4	novel_in_catalog	YES	69.78	74.53	63.61
PB.22078.5	Protein_PB.22078.5	TRIP4	TRIP4	novel_not_in_catalog	YES	54.67	67.19	71.61
PB.22079.1	Protein_PB.22079.1	ZNF609	ZNF609	full-splice_match	YES	42.43	37.24	73.23
PB.22079.2	Protein_PB.22079.2	ZNF609	ZNF609	full-splice_match	YES	73.49	87.65	57.7
PB.22079.5	Protein_PB.22079.5	ZNF609	ZNF609	full-splice_match	YES	104.86	131.8	175.83
PB.2208.1	Protein_PB.2208.1	PRADC1	PRADC1	full-splice_match	YES	993.69	1096.66	913.87
PB.2208.2	Protein_PB.2208.2	PRADC1	PRADC1	incomplete-splice_match	YES	28.94	24.59	36.81
PB.2208.3	Protein_PB.2208.3	PRADC1	PRADC1	novel_not_in_catalog	YES	52.63	45.47	109.78
PB.22080.2	Protein_PB.22080.2	PLEKHO2	PLEKHO2	novel_not_in_catalog	YES	24.14	14.4	24.67
PB.22080.3	Protein_PB.22080.3	PLEKHO2	PLEKHO2	full-splice_match	YES	47.66	39.83	63.31
PB.22085.1	Protein_PB.22085.1	KBTBD13	KBTBD13	full-splice_match	YES	84.25	90.19	45.58
PB.22087.1		LOC113240871	LOC113240871	novel_not_in_catalog	NO	23.55	12.81	13.0
PB.2209.1	Protein_PB.2209.1	RAB11FIP5	RAB11FIP5	full-splice_match	YES	59.79	56.68	47.06
PB.2209.2	Protein_PB.2209.2	RAB11FIP5	RAB11FIP5	full-splice_match	YES	96.19	84.34	85.15
PB.22090.1	Protein_PB.22090.1	HACD3	HACD3	full-splice_match	YES	41.26	25.06	39.06
PB.22090.2	Protein_PB.22090.2	HACD3	HACD3	full-splice_match	YES	19.61	14.54	17.93
PB.22092.1		LOC113240878_RAB11A	LOC113240878_RAB11A	fusion	NO	326.38	292.51	349.19
PB.22092.3	Protein_PB.22092.3	RAB11A	RAB11A	full-splice_match	YES	160.9	158.96	151.14
PB.22094.1	Protein_PB.22094.1	DIS3L	DIS3L	novel_not_in_catalog	YES	3.12	2.6	17.74
PB.22094.4	Protein_PB.22094.4	DIS3L	DIS3L	full-splice_match	YES	1533.21	1671.22	1280.9
PB.22094.5	Protein_PB.22094.5	DIS3L	DIS3L	full-splice_match	YES	19.5	3.87	13.02
PB.22095.2	Protein_PB.22095.2	MAP2K1	MAP2K1	full-splice_match	YES	258.45	296.86	277.59
PB.22095.4	Protein_PB.22095.4	MAP2K1	MAP2K1	novel_not_in_catalog	YES	85.84	35.91	49.87
PB.22097.1	Protein_PB.22097.1	SMAD6	SMAD6	full-splice_match	YES	29.39	36.4	22.33
PB.22099.2	Protein_PB.22099.2	SMAD3	SMAD3	full-splice_match	YES	122.17	72.44	114.0
PB.22099.3	Protein_PB.22099.3	SMAD3	SMAD3	novel_not_in_catalog	YES	52.35	61.64	13.61
PB.2210.2	Protein_PB.2210.2	SFXN5	SFXN5	full-splice_match	YES	568.68	576.49	395.7
PB.22102.1	Protein_PB.22102.1	CUNH15orf61	CUNH15orf61	full-splice_match	YES	116.96	122.99	162.01
PB.22104.6	Protein_PB.22104.6	MAP2K5	MAP2K5	full-splice_match	YES	154.58	154.88	161.76
PB.22107.5	Protein_PB.22107.5	PIAS1	PIAS1	full-splice_match	YES	131.36	136.29	160.49
PB.22107.6	Protein_PB.22107.6	PIAS1	PIAS1	novel_not_in_catalog	YES	39.67	42.75	32.93
PB.22108.1	Protein_PB.22108.1	FEM1B	FEM1B	novel_not_in_catalog	YES	366.57	387.4	411.77
PB.22108.2	Protein_PB.22108.2	FEM1B	FEM1B	full-splice_match	YES	403.12	349.71	353.87
PB.2211.12	Protein_PB.2211.12	EXOC6B	EXOC6B	novel_in_catalog	YES	0.0	39.37	23.47
PB.2211.13	Protein_PB.2211.13	EXOC6B	EXOC6B	incomplete-splice_match	YES	31.07	39.3	48.93
PB.2211.16	Protein_PB.2211.16	EXOC6B	EXOC6B	novel_not_in_catalog	YES	140.61	87.55	81.84
PB.22110.1	Protein_PB.22110.1	CORO2B	CORO2B	full-splice_match	YES	36.61	29.14	34.96
PB.22112.1		LOC113240909	LOC113240909	full-splice_match	NO	31.18	30.88	28.04
PB.22116.1	Protein_PB.22116.1	GLCE	GLCE	full-splice_match	YES	100.29	93.01	91.89
PB.22119.1	Protein_PB.22119.1	RPLP1	RPLP1	full-splice_match	YES	9688.47	10342.57	13362.72
PB.22124.2	Protein_PB.22124.2	LRRC49	LRRC49	full-splice_match	YES	21.02	15.87	6.04
PB.22125.1	Protein_PB.22125.1	THSD4	THSD4	full-splice_match	YES	24.6	24.12	20.75
PB.22128.1	Protein_PB.22128.1	SENP8	SENP8	full-splice_match	YES	75.09	88.56	74.68
PB.22130.1	Protein_PB.22130.1	ARIH1	ARIH1	full-splice_match	YES	33.92	35.16	27.08
PB.22130.2	Protein_PB.22130.2	ARIH1	ARIH1	full-splice_match	YES	328.64	312.03	307.16
PB.22130.3	Protein_PB.22130.3	ARIH1	ARIH1	incomplete-splice_match	YES	329.41	322.93	296.4
PB.22131.1	Protein_PB.22131.1	BBS4	BBS4	full-splice_match	YES	121.73	105.36	159.15
PB.22131.18	Protein_PB.22131.18	BBS4	BBS4	novel_not_in_catalog	YES	57.43	78.04	43.38
PB.22132.1	Protein_PB.22132.1	NEO1	NEO1	full-splice_match	YES	3.16	19.26	10.35
PB.22132.4	Protein_PB.22132.4	NEO1	NEO1	full-splice_match	YES	34.24	42.45	17.77
PB.22132.6	Protein_PB.22132.6	NEO1	NEO1	full-splice_match	YES	82.62	38.15	53.37
PB.22132.7	Protein_PB.22132.7	NEO1	NEO1	novel_in_catalog	YES	35.92	42.74	44.57
PB.22132.9	Protein_PB.22132.9	NEO1	NEO1	novel_in_catalog	YES	26.64	19.59	37.28
PB.22137.1	Protein_PB.22137.1	CD276	CD276	full-splice_match	YES	71.16	33.27	57.21
PB.22139.1	Protein_PB.22139.1	LOXL1	LOXL1	full-splice_match	YES	84.51	53.87	67.99
PB.2214.1	Protein_PB.2214.1	PAIP2B	PAIP2B	full-splice_match	YES	1840.78	2512.36	2174.85
PB.2214.6	Protein_PB.2214.6	PAIP2B	PAIP2B	incomplete-splice_match	YES	41.09	51.77	70.86
PB.2214.7	Protein_PB.2214.7	PAIP2B	PAIP2B	novel_in_catalog	YES	32.3	64.83	56.56
PB.2214.8	Protein_PB.2214.8	PAIP2B	PAIP2B	novel_not_in_catalog	YES	119.92	175.88	421.75
PB.22142.1	Protein_PB.22142.1	ISLR	ISLR	full-splice_match	YES	42.1	32.18	27.52
PB.22142.2	Protein_PB.22142.2	ISLR	ISLR	full-splice_match	YES	161.34	104.49	95.19
PB.22146.5	Protein_PB.22146.5	CLK3	CLK3	full-splice_match	YES	88.28	82.98	82.74
PB.22146.8	Protein_PB.22146.8	CLK3	CLK3	novel_in_catalog	YES	19.48	19.47	30.52
PB.22148.2	Protein_PB.22148.2	CSK	CSK	full-splice_match	YES	26.68	23.8	25.53
PB.22151.1	Protein_PB.22151.1	MPI	MPI	full-splice_match	YES	559.94	647.33	516.49
PB.22151.2	Protein_PB.22151.2	MPI	MPI	full-splice_match	YES	29.01	34.65	38.65
PB.22151.4	Protein_PB.22151.4	MPI	MPI	full-splice_match	YES	4.7	1.55	18.3
PB.22151.5	Protein_PB.22151.5	MPI	MPI	novel_not_in_catalog	YES	58.51	65.55	70.1
PB.22153.2	Protein_PB.22153.2	PPCDC	PPCDC	full-splice_match	YES	53.91	56.36	20.35
PB.22154.2	Protein_PB.22154.2	CUNH15orf39	CUNH15orf39	full-splice_match	YES	20.06	10.01	11.97
PB.22155.2	Protein_PB.22155.2	COMMD4	COMMD4	full-splice_match	YES	100.8	96.6	106.39
PB.22158.1	Protein_PB.22158.1	SNX33	SNX33	full-splice_match	YES	125.73	77.98	84.26
PB.2216.1	Protein_PB.2216.1	TEX261	TEX261	novel_not_in_catalog	YES	36.25	24.07	18.18
PB.2216.2	Protein_PB.2216.2	TEX261	TEX261	full-splice_match	YES	22.54	24.14	16.56
PB.2216.3	Protein_PB.2216.3	TEX261	TEX261	incomplete-splice_match	YES	123.65	153.22	222.5
PB.2216.4	Protein_PB.2216.4	TEX261	TEX261	full-splice_match	YES	93.11	87.53	44.98
PB.22162.10	Protein_PB.22162.10	PEAK1	PEAK1	full-splice_match	YES	50.19	18.11	14.11
PB.22162.2	Protein_PB.22162.2	PEAK1	PEAK1	incomplete-splice_match	YES	8.2	6.65	28.83
PB.22162.6	Protein_PB.22162.6	PEAK1	PEAK1	full-splice_match	YES	77.31	49.92	32.18
PB.22163.2	Protein_PB.22163.2	TSPAN3	TSPAN3	full-splice_match	YES	1662.21	1847.92	2040.6
PB.22164.1	Protein_PB.22164.1	LOC113241009	LOC113241009	full-splice_match	YES	38.79	40.98	37.24
PB.22164.6		LOC113241009	LOC113241009	novel_not_in_catalog	NO	11.01	12.92	24.71
PB.22170.10	Protein_PB.22170.10	HERC1	HERC1	full-splice_match	YES	1643.38	1621.43	1261.91
PB.22170.11	Protein_PB.22170.11	HERC1	HERC1	full-splice_match	YES	173.17	132.25	174.57
PB.22170.12	Protein_PB.22170.12	HERC1	HERC1	full-splice_match	YES	758.0	914.12	664.52
PB.22170.14	Protein_PB.22170.14	HERC1	HERC1	novel_in_catalog	YES	196.47	252.36	272.15
PB.22170.15	Protein_PB.22170.15	HERC1	HERC1	incomplete-splice_match	YES	273.96	366.52	409.51
PB.22170.16	Protein_PB.22170.16	HERC1	HERC1	incomplete-splice_match	YES	59.07	55.66	40.38
PB.22170.4	Protein_PB.22170.4	HERC1	HERC1	full-splice_match	YES	56.04	116.38	106.7
PB.22170.6	Protein_PB.22170.6	HERC1	HERC1	full-splice_match	YES	161.43	125.64	221.11
PB.22170.9	Protein_PB.22170.9	HERC1	HERC1	full-splice_match	YES	885.29	1094.66	684.98
PB.22171.11	Protein_PB.22171.11	DAPK2	DAPK2	novel_not_in_catalog	YES	19.75	65.35	160.78
PB.22171.12	Protein_PB.22171.12	DAPK2	DAPK2	novel_not_in_catalog	YES	646.66	491.7	859.21
PB.22171.3	Protein_PB.22171.3	DAPK2	DAPK2	full-splice_match	YES	24.04	13.66	34.96
PB.22171.6	Protein_PB.22171.6	DAPK2	DAPK2	novel_not_in_catalog	YES	259.06	214.51	208.81
PB.22171.7	Protein_PB.22171.7	DAPK2	DAPK2	novel_not_in_catalog	YES	88.97	73.32	194.51
PB.22171.8	Protein_PB.22171.8	DAPK2	DAPK2	novel_not_in_catalog	YES	116.48	38.14	67.7
PB.22171.9	Protein_PB.22171.9	DAPK2	DAPK2	novel_not_in_catalog	YES	25.32	28.2	85.4
PB.22172.3	Protein_PB.22172.3	CIAO2A	CIAO2A	novel_in_catalog	YES	20.56	12.82	20.66
PB.22172.5	Protein_PB.22172.5	CIAO2A	CIAO2A	full-splice_match	YES	166.52	177.79	218.05
PB.22173.2	Protein_PB.22173.2	PPIB	PPIB	full-splice_match	YES	426.56	366.15	473.91
PB.22174.1	Protein_PB.22174.1	CSNK1G1	CSNK1G1	full-splice_match	YES	120.19	168.38	180.16
PB.22174.2	Protein_PB.22174.2	CSNK1G1	CSNK1G1	full-splice_match	YES	22.83	25.33	11.95
PB.22176.10		OAZ2	OAZ2	novel_not_in_catalog	NO	46.5	55.04	62.17
PB.22176.11		OAZ2	OAZ2	novel_not_in_catalog	NO	16.23	20.04	27.92
PB.22176.5		OAZ2	OAZ2	novel_not_in_catalog	NO	1222.95	1309.44	1240.32
PB.22176.7		OAZ2	OAZ2	novel_not_in_catalog	NO	47.36	56.44	52.57
PB.22176.8		OAZ2	OAZ2	novel_not_in_catalog	NO	13.49	19.94	23.82
PB.22179.3	Protein_PB.22179.3	SPG21	SPG21	full-splice_match	YES	36.85	38.93	46.41
PB.22180.1	Protein_PB.22180.1	MTFMT	MTFMT	full-splice_match	YES	119.92	151.58	106.34
PB.22181.1	Protein_PB.22181.1	RASL12	RASL12	full-splice_match	YES	29.19	14.6	24.89
PB.22182.1	Protein_PB.22182.1	UBAP1L	UBAP1L	incomplete-splice_match	YES	6.2	5.87	22.67
PB.22182.2	Protein_PB.22182.2	UBAP1L	UBAP1L	full-splice_match	YES	5.46	4.77	45.34
PB.22183.1	Protein_PB.22183.1	PDCD7	PDCD7	full-splice_match	YES	61.95	62.4	93.71
PB.22183.2	Protein_PB.22183.2	PDCD7	PDCD7	novel_in_catalog	YES	31.99	29.12	29.23
PB.22184.10	Protein_PB.22184.10	CLPX	CLPX	incomplete-splice_match	YES	560.57	700.31	527.45
PB.22184.3	Protein_PB.22184.3	CLPX	CLPX	novel_in_catalog	YES	48.6	37.97	12.13
PB.22184.5	Protein_PB.22184.5	CLPX	CLPX	full-splice_match	YES	536.61	816.89	528.16
PB.22184.7	Protein_PB.22184.7	CLPX	CLPX	novel_not_in_catalog	YES	64.99	27.31	60.06
PB.22185.3	Protein_PB.22185.3	CILP	CILP	novel_in_catalog	YES	59.75	36.75	5.99
PB.22185.4	Protein_PB.22185.4	CILP	CILP	novel_in_catalog	YES	152.2	76.14	107.58
PB.22185.5	Protein_PB.22185.5	CILP	CILP	novel_in_catalog	YES	1180.7	457.21	816.11
PB.22185.6	Protein_PB.22185.6	CILP	CILP	novel_not_in_catalog	YES	44.08	8.48	17.59
PB.22189.1	Protein_PB.22189.1	IGDCC4	IGDCC4	incomplete-splice_match	YES	46.66	41.67	53.14
PB.22189.2	Protein_PB.22189.2	IGDCC4	IGDCC4	full-splice_match	YES	103.78	82.17	114.99
PB.22190.4	Protein_PB.22190.4	DPP8	DPP8	novel_not_in_catalog	YES	677.74	695.89	759.62
PB.22190.5	Protein_PB.22190.5	DPP8	DPP8	novel_not_in_catalog	YES	55.48	81.25	88.89
PB.22190.6	Protein_PB.22190.6	DPP8	DPP8	full-splice_match	YES	17.16	11.27	19.79
PB.22191.2	Protein_PB.22191.2	INTS14_LOC113240875	INTS14_LOC113240875	fusion	YES	12.58	22.3	18.91
PB.22191.3	Protein_PB.22191.3	INTS14	INTS14	full-splice_match	YES	26.45	29.99	24.57
PB.22192.1	Protein_PB.22192.1	DENND4A	DENND4A	full-splice_match	YES	25.53	35.97	21.5
PB.22192.2	Protein_PB.22192.2	DENND4A	DENND4A	full-splice_match	YES	76.1	64.46	53.49
PB.22192.7	Protein_PB.22192.7	DENND4A	DENND4A	full-splice_match	YES	16.86	23.68	27.38
PB.22192.9	Protein_PB.22192.9	DENND4A	DENND4A	novel_in_catalog	YES	237.26	193.22	198.91
PB.22196.3	Protein_PB.22196.3	TIPIN	TIPIN	full-splice_match	YES	20.86	25.84	11.53
PB.22198.2	Protein_PB.22198.2	SNAPC5	SNAPC5	full-splice_match	YES	38.23	33.44	57.12
PB.22199.1	Protein_PB.22199.1	RPL4	RPL4	full-splice_match	YES	10474.0	10380.99	13591.9
PB.22199.2	Protein_PB.22199.2	RPL4	RPL4	novel_not_in_catalog	YES	13.23	6.04	27.49
PB.22199.5	Protein_PB.22199.5	RPL4	RPL4	novel_in_catalog	YES	81.62	84.35	94.54
PB.22205.1	Protein_PB.22205.1	AAGAB	AAGAB	full-splice_match	YES	45.45	74.51	53.77
PB.22205.10	Protein_PB.22205.10	AAGAB	AAGAB	novel_not_in_catalog	YES	110.89	132.76	104.79
PB.22205.2	Protein_PB.22205.2	AAGAB	AAGAB	full-splice_match	YES	139.07	171.16	161.96
PB.22209.1	Protein_PB.22209.1	CLN6	CLN6	full-splice_match	YES	27.6	23.83	39.48
PB.22210.1	Protein_PB.22210.1	ITGA11	ITGA11	full-splice_match	YES	134.93	29.38	69.4
PB.22213.1	Protein_PB.22213.1	ANP32A	ANP32A	full-splice_match	YES	294.01	310.95	306.88
PB.22213.2		ANP32A	ANP32A	novel_not_in_catalog	NO	31.02	33.45	55.85
PB.22221.7	Protein_PB.22221.7	TLE3	TLE3	full-splice_match	YES	38.34	52.89	25.92
PB.22221.8	Protein_PB.22221.8	TLE3	TLE3	full-splice_match	YES	36.34	42.57	25.7
PB.22225.1	Protein_PB.22225.1	UACA	UACA	full-splice_match	YES	57.81	48.41	50.39
PB.22225.10	Protein_PB.22225.10	UACA	UACA	novel_in_catalog	YES	20.1	5.2	7.03
PB.22225.13	Protein_PB.22225.13	UACA	UACA	incomplete-splice_match	YES	200.82	170.34	157.39
PB.22225.14	Protein_PB.22225.14	UACA	UACA	incomplete-splice_match	YES	851.51	911.77	334.76
PB.22225.3	Protein_PB.22225.3	UACA	UACA	novel_not_in_catalog	YES	46.97	59.56	36.18
PB.22225.4	Protein_PB.22225.4	UACA	UACA	novel_in_catalog	YES	595.47	680.43	399.43
PB.22225.5	Protein_PB.22225.5	UACA	UACA	novel_not_in_catalog	YES	679.03	579.14	249.74
PB.22225.6	Protein_PB.22225.6	UACA	UACA	novel_in_catalog	YES	98.74	180.38	110.86
PB.22226.1	Protein_PB.22226.1	LARP6	LARP6	full-splice_match	YES	16.5	10.36	22.72
PB.22226.3	Protein_PB.22226.3	LARP6	LARP6	novel_not_in_catalog	YES	36.97	32.48	32.18
PB.22227.1	Protein_PB.22227.1	THAP10	THAP10	full-splice_match	YES	133.59	168.24	101.3
PB.22227.2	Protein_PB.22227.2	THAP10	THAP10	novel_not_in_catalog	YES	25.81	20.5	21.09
PB.22229.1	Protein_PB.22229.1	MYO9A	MYO9A	full-splice_match	YES	96.32	137.39	78.39
PB.22229.5	Protein_PB.22229.5	MYO9A	MYO9A	full-splice_match	YES	101.98	74.33	179.58
PB.22229.7	Protein_PB.22229.7	MYO9A	MYO9A	incomplete-splice_match	YES	231.16	238.29	324.68
PB.22229.9	Protein_PB.22229.9	MYO9A	MYO9A	novel_in_catalog	YES	54.6	48.66	108.54
PB.22231.16	Protein_PB.22231.16	PKM	PKM	full-splice_match	YES	6630.07	4716.93	3489.19
PB.22231.17	Protein_PB.22231.17	PKM	PKM	novel_not_in_catalog	YES	19.92	17.36	33.58
PB.22231.2	Protein_PB.22231.2	PKM	PKM	full-splice_match	YES	718.74	546.27	522.13
PB.22231.3	Protein_PB.22231.3	PKM	PKM	novel_not_in_catalog	YES	29.54	17.72	10.85
PB.22231.5	Protein_PB.22231.5	PKM	PKM	novel_not_in_catalog	YES	115.95	48.45	46.87
PB.22231.8	Protein_PB.22231.8	PKM	PKM	novel_not_in_catalog	YES	29.13	24.74	7.91
PB.22231.9	Protein_PB.22231.9	PKM	PKM	novel_not_in_catalog	YES	34.98	20.29	27.35
PB.22232.1	Protein_PB.22232.1	PARP6	PARP6	full-splice_match	YES	17.11	27.05	15.43
PB.22232.11	Protein_PB.22232.11	PARP6	PARP6	novel_not_in_catalog	YES	9.04	31.65	19.68
PB.22232.13	Protein_PB.22232.13	PARP6	PARP6	novel_in_catalog	YES	173.04	168.12	209.19
PB.22232.4	Protein_PB.22232.4	PARP6	PARP6	full-splice_match	YES	48.24	17.06	37.17
PB.22232.9	Protein_PB.22232.9	PARP6	PARP6	novel_in_catalog	YES	28.77	29.61	36.45
PB.22234.2	Protein_PB.22234.2	HEXA	HEXA	full-splice_match	YES	336.5	349.01	317.72
PB.22234.4	Protein_PB.22234.4	HEXA	HEXA	novel_in_catalog	YES	3.53	1.24	19.43
PB.22237.2	Protein_PB.22237.2	ADPGK	ADPGK	novel_in_catalog	YES	10.18	11.86	26.74
PB.22237.3	Protein_PB.22237.3	ADPGK	ADPGK	full-splice_match	YES	49.45	32.72	18.24
PB.22237.6	Protein_PB.22237.6	ADPGK	ADPGK	full-splice_match	YES	37.46	36.05	48.75
PB.22239.1	Protein_PB.22239.1	NPTN	NPTN	novel_not_in_catalog	YES	267.2	221.8	188.25
PB.22242.2	Protein_PB.22242.2	INSYN1	INSYN1	full-splice_match	YES	89.97	117.62	83.18
PB.22244.4	Protein_PB.22244.4	STOML1	STOML1	full-splice_match	YES	39.07	41.63	76.52
PB.22244.5	Protein_PB.22244.5	STOML1	STOML1	novel_not_in_catalog	YES	4.31	13.73	22.42
PB.22244.6	Protein_PB.22244.6	STOML1	STOML1	novel_in_catalog	YES	23.15	34.7	27.51
PB.22244.7	Protein_PB.22244.7	STOML1	STOML1	novel_not_in_catalog	YES	19.3	7.02	11.0
PB.22248.1	Protein_PB.22248.1	SEMA7A	SEMA7A	novel_not_in_catalog	YES	219.97	213.68	199.47
PB.22248.3	Protein_PB.22248.3	SEMA7A	SEMA7A	full-splice_match	YES	30.94	46.22	53.4
PB.22248.4	Protein_PB.22248.4	SEMA7A	SEMA7A	novel_not_in_catalog	YES	40.52	48.98	54.12
PB.22249.3	Protein_PB.22249.3	UBL7	UBL7	novel_in_catalog	YES	2.82	3.73	19.91
PB.22249.5	Protein_PB.22249.5	UBL7	UBL7	full-splice_match	YES	210.36	325.52	190.99
PB.2225.1	Protein_PB.2225.1	FAM136A	FAM136A	full-splice_match	YES	138.14	140.58	185.23
PB.22250.2	Protein_PB.22250.2	EDC3	EDC3	novel_not_in_catalog	YES	5.4	7.74	24.49
PB.22250.3	Protein_PB.22250.3	EDC3	EDC3	full-splice_match	YES	120.02	121.41	105.65
PB.22251.2	Protein_PB.22251.2	LOC113240972	LOC113240972	full-splice_match	YES	11.09	17.5	2.74
PB.22252.2	Protein_PB.22252.2	ULK3	ULK3	full-splice_match	YES	31.62	34.31	41.11
PB.22252.5	Protein_PB.22252.5	ULK3	ULK3	novel_in_catalog	YES	20.05	6.36	11.99
PB.22253.1	Protein_PB.22253.1	SCAMP2	SCAMP2	full-splice_match	YES	12.72	10.11	18.55
PB.22253.2	Protein_PB.22253.2	SCAMP2	SCAMP2	full-splice_match	YES	215.23	233.01	267.79
PB.22254.10	Protein_PB.22254.10	FAM219B	FAM219B	novel_in_catalog	YES	24.48	21.17	38.38
PB.22254.12	Protein_PB.22254.12	FAM219B	FAM219B	full-splice_match	YES	33.62	17.96	7.0
PB.22254.2	Protein_PB.22254.2	FAM219B	FAM219B	full-splice_match	YES	34.37	34.99	28.72
PB.22254.4	Protein_PB.22254.4	FAM219B	FAM219B	novel_not_in_catalog	YES	37.95	29.84	37.49
PB.22254.5	Protein_PB.22254.5	FAM219B	FAM219B	full-splice_match	YES	71.83	101.21	101.42
PB.22255.2	Protein_PB.22255.2	LOC113240981	LOC113240981	full-splice_match	YES	3946.61	4176.6	3241.56
PB.22255.3		LOC113240981	LOC113240981	novel_not_in_catalog	NO	113.63	77.44	80.09
PB.22255.5		LOC113240981	LOC113240981	novel_not_in_catalog	NO	226.85	227.75	204.65
PB.22258.13	Protein_PB.22258.13	MAN2C1	MAN2C1	novel_in_catalog	YES	63.11	45.63	55.79
PB.22258.16	Protein_PB.22258.16	SIN3A_MAN2C1	SIN3A_MAN2C1	full-splice_match	YES	5.51	1.02	18.17
PB.22258.17	Protein_PB.22258.17	SIN3A	SIN3A	novel_not_in_catalog	YES	84.07	93.98	112.23
PB.22258.20	Protein_PB.22258.20	SIN3A	SIN3A	novel_not_in_catalog	YES	17.73	5.81	48.41
PB.22258.22	Protein_PB.22258.22	SIN3A	SIN3A	novel_not_in_catalog	YES	10.15	18.07	32.28
PB.22258.23	Protein_PB.22258.23	SIN3A	SIN3A	novel_in_catalog	YES	35.76	31.68	39.89
PB.22258.24	Protein_PB.22258.24	SIN3A	SIN3A	incomplete-splice_match	YES	22.05	10.28	13.42
PB.22259.1	Protein_PB.22259.1	PTPN9	PTPN9	full-splice_match	YES	136.4	114.26	101.23
PB.2226.1		SNRPG	SNRPG	full-splice_match	NO	359.24	424.25	336.63
PB.22260.2	Protein_PB.22260.2	SNUPN	SNUPN	full-splice_match	YES	24.68	52.57	15.13
PB.22260.4	Protein_PB.22260.4	SNUPN	SNUPN	full-splice_match	YES	232.84	279.28	189.48
PB.22261.2	Protein_PB.22261.2	IMP3	IMP3	full-splice_match	YES	120.14	137.62	102.74
PB.22262.1	Protein_PB.22262.1	CSPG4	CSPG4	full-splice_match	YES	102.68	76.48	101.22
PB.22263.12	Protein_PB.22263.12	HMG20A	HMG20A	full-splice_match	YES	62.52	55.93	33.76
PB.22266.1	Protein_PB.22266.1	RCN2	RCN2	full-splice_match	YES	54.0	55.19	56.87
PB.22266.3	Protein_PB.22266.3	RCN2	RCN2	full-splice_match	YES	68.33	61.41	51.94
PB.22267.1	Protein_PB.22267.1	ZMYND11	ZMYND11	novel_not_in_catalog	YES	100.56	81.83	159.36
PB.22267.11	Protein_PB.22267.11	ZMYND11	ZMYND11	full-splice_match	YES	59.17	61.54	57.02
PB.22267.12	Protein_PB.22267.12	ZMYND11	ZMYND11	incomplete-splice_match	YES	285.84	256.43	250.59
PB.22267.13	Protein_PB.22267.13	ZMYND11	ZMYND11	full-splice_match	YES	14.71	16.91	7.93
PB.22267.14	Protein_PB.22267.14	ZMYND11	ZMYND11	full-splice_match	YES	10.52	23.56	9.38
PB.22267.2	Protein_PB.22267.2	ZMYND11	ZMYND11	novel_in_catalog	YES	190.45	170.73	236.37
PB.22267.7	Protein_PB.22267.7	ZMYND11	ZMYND11	full-splice_match	YES	63.33	65.85	60.12
PB.22270.3	Protein_PB.22270.3	GTPBP4	GTPBP4	incomplete-splice_match	YES	130.43	120.86	133.93
PB.22270.6	Protein_PB.22270.6	GTPBP4	GTPBP4	full-splice_match	YES	282.5	316.19	283.77
PB.22271.2	Protein_PB.22271.2	WDR37	WDR37	novel_in_catalog	YES	170.59	187.74	229.68
PB.22271.4	Protein_PB.22271.4	WDR37	WDR37	novel_not_in_catalog	YES	13.66	12.74	20.67
PB.22271.5	Protein_PB.22271.5	WDR37	WDR37	novel_not_in_catalog	YES	24.48	18.23	37.6
PB.22271.8	Protein_PB.22271.8	WDR37	WDR37	novel_in_catalog	YES	77.6	62.39	67.4
PB.22271.9	Protein_PB.22271.9	WDR37	WDR37	full-splice_match	YES	122.54	196.11	175.43
PB.22274.1	Protein_PB.22274.1	PFKP	PFKP	full-splice_match	YES	46.56	24.04	37.35
PB.22277.1		LOC113241119	LOC113241119	full-splice_match	NO	24.52	61.36	39.13
PB.22277.3		LOC113241119	LOC113241119	incomplete-splice_match	NO	78.66	169.96	91.77
PB.2228.12	Protein_PB.2228.12	TIA1	TIA1	full-splice_match	YES	12.61	20.33	22.8
PB.22282.1		novelGene_2580	novelGene_2580	intergenic	NO	45.81	52.34	58.07
PB.22282.2		novelGene_2581	novelGene_2581	intergenic	NO	21.17	23.28	27.17
PB.22283.2	Protein_PB.22283.2	AKR1E2	AKR1E2	full-splice_match	YES	154.7	191.46	162.83
PB.22285.1	Protein_PB.22285.1	NET1	NET1	full-splice_match	YES	22.0	22.4	21.07
PB.22285.2	Protein_PB.22285.2	NET1	NET1	novel_not_in_catalog	YES	44.76	12.17	36.61
PB.22285.4	Protein_PB.22285.4	NET1	NET1	incomplete-splice_match	YES	84.3	43.06	49.7
PB.22285.6	Protein_PB.22285.6	NET1	NET1	full-splice_match	YES	229.05	174.71	181.76
PB.2229.4	Protein_PB.2229.4	CUNH2orf42	CUNH2orf42	novel_not_in_catalog	YES	46.02	26.22	34.59
PB.22291.2	Protein_PB.22291.2	FAM208B	FAM208B	full-splice_match	YES	14.26	18.09	15.02
PB.22291.3	Protein_PB.22291.3	FAM208B	FAM208B	full-splice_match	YES	30.55	48.34	71.54
PB.22291.4	Protein_PB.22291.4	FAM208B	FAM208B	full-splice_match	YES	92.56	51.53	41.68
PB.22291.6	Protein_PB.22291.6	FAM208B	FAM208B	full-splice_match	YES	57.92	62.91	80.75
PB.22292.1	Protein_PB.22292.1	FBH1	FBH1	full-splice_match	YES	59.42	66.83	40.26
PB.22292.2	Protein_PB.22292.2	FBH1	FBH1	full-splice_match	YES	198.31	181.03	117.66
PB.22292.3	Protein_PB.22292.3	FBH1	FBH1	novel_in_catalog	YES	121.14	151.87	113.56
PB.22293.1	Protein_PB.22293.1	RBM17	RBM17	full-splice_match	YES	319.66	362.95	313.42
PB.22293.2	Protein_PB.22293.2	RBM17	RBM17	novel_in_catalog	YES	16.22	14.98	19.54
PB.22294.1	Protein_PB.22294.1	PFKFB3	PFKFB3	full-splice_match	YES	26.19	17.37	18.56
PB.22294.10	Protein_PB.22294.10	PFKFB3	PFKFB3	full-splice_match	YES	32.78	12.94	56.12
PB.22294.17	Protein_PB.22294.17	PFKFB3	PFKFB3	incomplete-splice_match	YES	24.61	7.68	12.54
PB.22294.2	Protein_PB.22294.2	PFKFB3	PFKFB3	novel_in_catalog	YES	284.72	147.16	194.97
PB.22294.9	Protein_PB.22294.9	PFKFB3	PFKFB3	full-splice_match	YES	317.7	126.01	214.62
PB.2230.1		ASPRV1	ASPRV1	novel_in_catalog	NO	28.52	21.82	32.74
PB.2230.8		ASPRV1	ASPRV1	full-splice_match	NO	22.28	20.86	23.95
PB.22300.1	Protein_PB.22300.1	ATP5F1C	ATP5F1C	full-splice_match	YES	159.41	147.43	74.02
PB.22300.10	Protein_PB.22300.10	ATP5F1C	ATP5F1C	novel_in_catalog	YES	3585.25	3977.97	2510.96
PB.22300.14	Protein_PB.22300.14	ATP5F1C	ATP5F1C	full-splice_match	YES	19.18	18.19	28.42
PB.22300.15	Protein_PB.22300.15	ATP5F1C	ATP5F1C	novel_in_catalog	YES	163.97	207.05	219.49
PB.22300.9	Protein_PB.22300.9	ATP5F1C	ATP5F1C	novel_in_catalog	YES	98.84	101.76	59.29
PB.22301.1	Protein_PB.22301.1	TAF3	TAF3	full-splice_match	YES	73.24	60.54	69.09
PB.22305.11	Protein_PB.22305.11	CELF2	CELF2	novel_in_catalog	YES	39.39	73.72	63.47
PB.22305.14	Protein_PB.22305.14	CELF2	CELF2	novel_in_catalog	YES	64.28	37.91	79.83
PB.22305.7	Protein_PB.22305.7	CELF2	CELF2	novel_in_catalog	YES	21.63	11.41	17.71
PB.22305.8	Protein_PB.22305.8	CELF2	CELF2	full-splice_match	YES	29.2	23.98	40.59
PB.22307.1	Protein_PB.22307.1	ECHDC3	ECHDC3	novel_not_in_catalog	YES	34.87	36.94	21.07
PB.22307.2	Protein_PB.22307.2	ECHDC3	ECHDC3	novel_not_in_catalog	YES	7.92	14.82	20.86
PB.22307.3	Protein_PB.22307.3	ECHDC3	ECHDC3	full-splice_match	YES	171.06	189.12	100.18
PB.22309.1	Protein_PB.22309.1	DHTKD1	DHTKD1	full-splice_match	YES	20.08	18.68	6.34
PB.22309.3	Protein_PB.22309.3	DHTKD1	DHTKD1	full-splice_match	YES	58.55	71.71	13.3
PB.2231.10	Protein_PB.2231.10	AAK1	AAK1	full-splice_match	YES	19.67	47.04	36.91
PB.2231.12	Protein_PB.2231.12	AAK1	AAK1	full-splice_match	YES	16.98	16.84	24.29
PB.2231.22	Protein_PB.2231.22	AAK1	AAK1	novel_in_catalog	YES	31.92	24.42	50.45
PB.22311.3	Protein_PB.22311.3	SEC61A2	SEC61A2	full-splice_match	YES	56.29	68.11	59.69
PB.22312.1	Protein_PB.22312.1	CDC123	CDC123	full-splice_match	YES	359.47	352.7	354.23
PB.22317.10	Protein_PB.22317.10	OPTN	OPTN	incomplete-splice_match	YES	1042.69	1003.53	698.9
PB.22317.11	Protein_PB.22317.11	OPTN	OPTN	novel_not_in_catalog	YES	261.97	236.29	257.21
PB.22317.12	Protein_PB.22317.12	OPTN	OPTN	novel_not_in_catalog	YES	240.51	296.17	93.88
PB.22317.2	Protein_PB.22317.2	OPTN	OPTN	novel_in_catalog	YES	65.16	96.05	41.13
PB.22317.3	Protein_PB.22317.3	OPTN	OPTN	full-splice_match	YES	902.52	1008.28	660.32
PB.22317.4	Protein_PB.22317.4	OPTN	OPTN	full-splice_match	YES	105.68	145.5	64.67
PB.22317.5	Protein_PB.22317.5	OPTN	OPTN	full-splice_match	YES	219.07	204.75	205.83
PB.22317.7	Protein_PB.22317.7	OPTN	OPTN	novel_not_in_catalog	YES	683.83	561.31	581.04
PB.22317.9	Protein_PB.22317.9	OPTN	OPTN	full-splice_match	YES	95.39	82.97	41.24
PB.2232.2	Protein_PB.2232.2	NFU1	NFU1	full-splice_match	YES	222.74	241.37	209.12
PB.2232.4	Protein_PB.2232.4	NFU1	NFU1	full-splice_match	YES	210.98	259.62	204.34
PB.22321.2		LOC113241099	LOC113241099	full-splice_match	NO	7.94	11.37	19.83
PB.22322.1	Protein_PB.22322.1	DIP2C	DIP2C	full-splice_match	YES	31.8	23.13	16.61
PB.22322.2	Protein_PB.22322.2	DIP2C	DIP2C	full-splice_match	YES	152.87	165.46	189.03
PB.22322.3	Protein_PB.22322.3	DIP2C	DIP2C	full-splice_match	YES	209.92	239.05	198.97
PB.22322.4	Protein_PB.22322.4	DIP2C	DIP2C	full-splice_match	YES	45.0	28.39	31.52
PB.22323.1	Protein_PB.22323.1	LARP4B	LARP4B	full-splice_match	YES	583.43	609.42	549.16
PB.22323.3	Protein_PB.22323.3	LARP4B	LARP4B	novel_not_in_catalog	YES	273.65	326.36	343.72
PB.22324.1		LOC113241105	LOC113241105	full-splice_match	NO	8.29	9.9	25.38
PB.22325.1	Protein_PB.22325.1	LOC113241107	LOC113241107	full-splice_match	YES	576.41	586.48	593.42
PB.22325.2	Protein_PB.22325.2	LOC113241107	LOC113241107	full-splice_match	YES	377.21	435.01	293.91
PB.22325.3	Protein_PB.22325.3	LOC113241107	LOC113241107	novel_not_in_catalog	YES	4.94	8.28	17.13
PB.22325.4	Protein_PB.22325.4	LOC113241107	LOC113241107	novel_in_catalog	YES	26.57	34.41	143.3
PB.22325.5	Protein_PB.22325.5	LOC113241107	LOC113241107	novel_not_in_catalog	YES	70.3	65.16	130.71
PB.22325.7	Protein_PB.22325.7	LOC113241107	LOC113241107	novel_not_in_catalog	YES	25.86	14.69	125.74
PB.22329.1	Protein_PB.22329.1	PITRM1	PITRM1	full-splice_match	YES	359.14	378.62	259.78
PB.2233.1	Protein_PB.2233.1	GFPT1	GFPT1	novel_not_in_catalog	YES	257.71	246.15	342.98
PB.2233.2	Protein_PB.2233.2	GFPT1	GFPT1	novel_in_catalog	YES	93.27	84.89	109.63
PB.22333.1	Protein_PB.22333.1	KLF6	KLF6	full-splice_match	YES	234.05	172.97	271.92
PB.22336.1	Protein_PB.22336.1	LOC113241121	LOC113241121	full-splice_match	YES	260.46	274.24	313.29
PB.22342.3	Protein_PB.22342.3	ASB13	ASB13	full-splice_match	YES	72.47	69.09	53.76
PB.22343.1	Protein_PB.22343.1	GDI2	GDI2	novel_not_in_catalog	YES	606.62	636.0	597.7
PB.22343.2	Protein_PB.22343.2	GDI2	GDI2	full-splice_match	YES	337.62	358.56	360.69
PB.22343.3	Protein_PB.22343.3	GDI2	GDI2	novel_not_in_catalog	YES	45.14	30.54	3.38
PB.22343.8	Protein_PB.22343.8	GDI2	GDI2	novel_in_catalog	YES	42.84	32.11	45.11
PB.22345.1	Protein_PB.22345.1	ANKRD16	ANKRD16	full-splice_match	YES	58.18	55.54	59.61
PB.22346.3	Protein_PB.22346.3	IL15RA	IL15RA	full-splice_match	YES	4.42	17.43	8.94
PB.22352.1	Protein_PB.22352.1	PRKCQ	PRKCQ	full-splice_match	YES	1518.57	1610.23	1363.3
PB.22352.10	Protein_PB.22352.10	PRKCQ	PRKCQ	novel_not_in_catalog	YES	0.0	17.51	10.09
PB.22352.11	Protein_PB.22352.11	PRKCQ	PRKCQ	novel_not_in_catalog	YES	31.67	4.93	37.42
PB.22352.12	Protein_PB.22352.12	PRKCQ	PRKCQ	novel_in_catalog	YES	202.79	141.34	323.74
PB.22352.2	Protein_PB.22352.2	PRKCQ	PRKCQ	full-splice_match	YES	71.16	88.27	109.02
PB.22352.3	Protein_PB.22352.3	PRKCQ	PRKCQ	novel_not_in_catalog	YES	58.11	104.67	75.4
PB.22352.8	Protein_PB.22352.8	PRKCQ	PRKCQ	novel_not_in_catalog	YES	149.13	93.05	68.51
PB.22352.9	Protein_PB.22352.9	PRKCQ	PRKCQ	novel_not_in_catalog	YES	44.86	73.15	59.27
PB.22353.5	Protein_PB.22353.5	SFMBT2	SFMBT2	full-splice_match	YES	20.89	17.54	16.56
PB.22355.1	Protein_PB.22355.1	ITIH5	ITIH5	full-splice_match	YES	253.25	213.38	192.43
PB.22355.3	Protein_PB.22355.3	ITIH5	ITIH5	novel_not_in_catalog	YES	238.99	216.82	138.02
PB.22356.2	Protein_PB.22356.2	KIN	KIN	full-splice_match	YES	52.03	49.86	40.08
PB.22360.1		LOC113241053	LOC113241053	full-splice_match	NO	22.85	18.01	24.24
PB.22365.2	Protein_PB.22365.2	USP6NL	USP6NL	full-splice_match	YES	33.81	25.9	35.37
PB.22367.5	Protein_PB.22367.5	UPF2	UPF2	novel_not_in_catalog	YES	451.79	500.83	525.98
PB.22373.1	Protein_PB.22373.1	CCDC3	CCDC3	full-splice_match	YES	275.79	124.6	215.26
PB.22374.6		LOC113241073	LOC113241073	full-splice_match	NO	33.9	32.39	16.53
PB.22376.2	Protein_PB.22376.2	MUM1L1	MUM1L1	novel_in_catalog	YES	26.94	43.88	102.81
PB.22376.7	Protein_PB.22376.7	MUM1L1	MUM1L1	novel_not_in_catalog	YES	163.54	215.07	238.23
PB.22379.2	Protein_PB.22379.2	RNF128	RNF128	full-splice_match	YES	28.9	46.35	38.81
PB.22384.1	Protein_PB.22384.1	PRPS1	PRPS1	full-splice_match	YES	447.8	509.28	363.32
PB.22386.1	Protein_PB.22386.1	MID2	MID2	novel_in_catalog	YES	98.3	94.28	85.87
PB.22386.5	Protein_PB.22386.5	MID2	MID2	full-splice_match	YES	58.26	16.17	23.67
PB.22386.6	Protein_PB.22386.6	MID2	MID2	full-splice_match	YES	16.35	28.8	34.7
PB.22389.1	Protein_PB.22389.1	ATG4A	ATG4A	full-splice_match	YES	30.19	27.09	22.79
PB.22389.2	Protein_PB.22389.2	ATG4A	ATG4A	novel_in_catalog	YES	23.23	19.59	24.17
PB.22389.3	Protein_PB.22389.3	ATG4A	ATG4A	novel_not_in_catalog	YES	93.99	129.84	162.9
PB.22389.4	Protein_PB.22389.4	ATG4A	ATG4A	novel_in_catalog	YES	181.03	143.26	97.75
PB.22389.5	Protein_PB.22389.5	ATG4A	ATG4A	novel_not_in_catalog	YES	45.27	42.71	46.25
PB.2239.2	Protein_PB.2239.2	CNRIP1	CNRIP1	full-splice_match	YES	61.5	37.21	66.23
PB.22394.4	Protein_PB.22394.4	NXT2	NXT2	full-splice_match	YES	23.28	21.91	24.72
PB.22397.2	Protein_PB.22397.2	TMEM164	TMEM164	novel_not_in_catalog	YES	51.97	65.81	79.73
PB.22397.5	Protein_PB.22397.5	TMEM164	TMEM164	full-splice_match	YES	32.23	46.25	41.79
PB.22397.8	Protein_PB.22397.8	TMEM164	TMEM164	full-splice_match	YES	12.46	22.38	23.76
PB.2240.1	Protein_PB.2240.1	PPP3R1	PPP3R1	full-splice_match	YES	426.52	328.98	398.44
PB.2240.2	Protein_PB.2240.2	PPP3R1	PPP3R1	novel_not_in_catalog	YES	69.94	54.89	143.79
PB.22403.1	Protein_PB.22403.1	ALG13	ALG13	novel_in_catalog	YES	27.59	15.6	25.14
PB.2241.1	Protein_PB.2241.1	WDR92	WDR92	full-splice_match	YES	101.08	114.87	100.03
PB.2241.3	Protein_PB.2241.3	WDR92	WDR92	novel_not_in_catalog	YES	34.04	38.64	41.04
PB.22418.1	Protein_PB.22418.1	PLS3	PLS3	full-splice_match	YES	164.01	64.35	168.49
PB.22418.2	Protein_PB.22418.2	PLS3	PLS3	full-splice_match	YES	731.08	438.41	473.37
PB.22418.7	Protein_PB.22418.7	PLS3	PLS3	novel_not_in_catalog	YES	20.07	43.53	121.87
PB.2242.1		C1D	C1D	novel_in_catalog	NO	41.04	57.3	46.7
PB.2242.6	Protein_PB.2242.6	C1D	C1D	full-splice_match	YES	78.85	85.54	68.12
PB.22423.1	Protein_PB.22423.1	WDR44	WDR44	full-splice_match	YES	172.14	160.37	166.42
PB.22423.3	Protein_PB.22423.3	WDR44	WDR44	incomplete-splice_match	YES	8.45	29.9	18.31
PB.22425.1	Protein_PB.22425.1	DOCK11	DOCK11	full-splice_match	YES	39.19	15.68	70.53
PB.22425.2	Protein_PB.22425.2	DOCK11	DOCK11	full-splice_match	YES	61.96	35.18	24.43
PB.22425.3	Protein_PB.22425.3	DOCK11	DOCK11	full-splice_match	YES	30.44	26.68	35.85
PB.22426.8	Protein_PB.22426.8	IL13RA1	IL13RA1	full-splice_match	YES	7.99	17.2	8.93
PB.22426.9	Protein_PB.22426.9	IL13RA1	IL13RA1	full-splice_match	YES	137.05	123.6	146.07
PB.22428.1	Protein_PB.22428.1	LOC113241266	LOC113241266	full-splice_match	YES	13.58	17.82	8.48
PB.22429.1	Protein_PB.22429.1	LONRF3	LONRF3	full-splice_match	YES	56.33	78.89	21.64
PB.22429.2	Protein_PB.22429.2	LONRF3	LONRF3	full-splice_match	YES	106.02	62.26	147.69
PB.22429.3	Protein_PB.22429.3	LONRF3	LONRF3	full-splice_match	YES	66.27	103.58	84.17
PB.22429.4	Protein_PB.22429.4	LONRF3	LONRF3	incomplete-splice_match	YES	79.1	84.97	54.07
PB.22430.1	Protein_PB.22430.1	PGRMC1	PGRMC1	full-splice_match	YES	96.69	63.59	86.05
PB.22432.1	Protein_PB.22432.1	SLC25A43	SLC25A43	full-splice_match	YES	30.19	27.09	17.64
PB.22433.1	Protein_PB.22433.1	SLC25A5	SLC25A5	full-splice_match	YES	184.21	183.81	126.3
PB.22435.1	Protein_PB.22435.1	UBE2A	UBE2A	full-splice_match	YES	180.95	200.12	150.09
PB.22435.2	Protein_PB.22435.2	UBE2A	UBE2A	incomplete-splice_match	YES	18.74	11.46	18.61
PB.22438.2	Protein_PB.22438.2	LOC113241283	LOC113241283	novel_not_in_catalog	YES	19.87	15.17	18.5
PB.22439.1		NDUFA1	NDUFA1	full-splice_match	NO	1456.7	1674.92	1176.14
PB.22446.2	Protein_PB.22446.2	MORC4	MORC4	full-splice_match	YES	40.09	28.65	35.59
PB.22446.3	Protein_PB.22446.3	MORC4	MORC4	full-splice_match	YES	23.36	6.75	17.37
PB.22447.1	Protein_PB.22447.1	RBM41	RBM41	full-splice_match	YES	17.7	27.22	16.85
PB.22447.4	Protein_PB.22447.4	RBM41	RBM41	full-splice_match	YES	64.15	50.23	68.24
PB.22450.1	Protein_PB.22450.1	TSC22D3	TSC22D3	full-splice_match	YES	411.47	443.47	481.06
PB.22450.2	Protein_PB.22450.2	TSC22D3	TSC22D3	novel_in_catalog	YES	37.46	38.12	54.51
PB.22450.3	Protein_PB.22450.3	TSC22D3	TSC22D3	full-splice_match	YES	749.09	874.74	707.8
PB.22450.4	Protein_PB.22450.4	TSC22D3	TSC22D3	novel_not_in_catalog	YES	16.66	16.17	22.5
PB.22450.6	Protein_PB.22450.6	TSC22D3	TSC22D3	novel_not_in_catalog	YES	181.68	160.21	171.15
PB.22450.7	Protein_PB.22450.7	TSC22D3	TSC22D3	novel_not_in_catalog	YES	177.84	186.56	134.53
PB.22451.1	Protein_PB.22451.1	PSMD10	PSMD10	full-splice_match	YES	68.47	48.65	86.2
PB.22451.5	Protein_PB.22451.5	PSMD10	PSMD10	novel_not_in_catalog	YES	16.4	24.44	16.24
PB.22458.1	Protein_PB.22458.1	ACSL4	ACSL4	full-splice_match	YES	257.94	118.33	180.52
PB.22458.10	Protein_PB.22458.10	ACSL4	ACSL4	full-splice_match	YES	30.66	25.09	44.21
PB.22458.11	Protein_PB.22458.11	ACSL4	ACSL4	novel_not_in_catalog	YES	30.03	9.75	12.38
PB.22458.12	Protein_PB.22458.12	ACSL4	ACSL4	incomplete-splice_match	YES	195.54	139.88	101.7
PB.22458.3	Protein_PB.22458.3	ACSL4	ACSL4	full-splice_match	YES	163.93	298.97	120.71
PB.22461.5	Protein_PB.22461.5	CHRDL1	CHRDL1	full-splice_match	YES	12.7	8.33	74.15
PB.22462.2	Protein_PB.22462.2	CAPN6	CAPN6	full-splice_match	YES	127.38	109.92	91.46
PB.22468.1	Protein_PB.22468.1	AMOT	AMOT	novel_in_catalog	YES	16.7	17.81	57.11
PB.22468.4	Protein_PB.22468.4	AMOT	AMOT	full-splice_match	YES	339.19	437.86	887.77
PB.22468.5	Protein_PB.22468.5	AMOT	AMOT	novel_in_catalog	YES	30.01	37.04	154.39
PB.2247.1	Protein_PB.2247.1	SPRED2	SPRED2	full-splice_match	YES	21.28	22.38	24.53
PB.2247.2	Protein_PB.2247.2	SPRED2	SPRED2	novel_not_in_catalog	YES	33.4	18.04	18.07
PB.22483.5	Protein_PB.22483.5	KLHL13	KLHL13	full-splice_match	YES	38.03	38.23	63.64
PB.22491.1	Protein_PB.22491.1	CUNHXorf56	CUNHXorf56	full-splice_match	YES	48.73	43.71	53.34
PB.22492.1	Protein_PB.22492.1	NKRF	NKRF	full-splice_match	YES	29.61	24.1	26.35
PB.22494.1		RPL39	RPL39	full-splice_match	NO	2784.51	2884.87	3314.12
PB.22496.1	Protein_PB.22496.1	UPF3B	UPF3B	full-splice_match	YES	47.93	44.34	66.03
PB.22497.1	Protein_PB.22497.1	RNF113A	RNF113A	full-splice_match	YES	47.53	53.2	54.69
PB.22499.1	Protein_PB.22499.1	NKAP	NKAP	full-splice_match	YES	267.71	276.43	386.56
PB.22499.4	Protein_PB.22499.4	LOC113241290	LOC113241290	novel_not_in_catalog	YES	41.59	34.4	48.92
PB.22503.3	Protein_PB.22503.3	PRTFDC1	PRTFDC1	full-splice_match	YES	20.94	16.34	14.78
PB.22504.1	Protein_PB.22504.1	ARHGAP21	ARHGAP21	incomplete-splice_match	YES	404.4	321.2	333.24
PB.22504.2	Protein_PB.22504.2	ARHGAP21	ARHGAP21	novel_not_in_catalog	YES	144.98	143.39	134.31
PB.22508.1	Protein_PB.22508.1	PIP4K2A	PIP4K2A	full-splice_match	YES	169.06	135.83	147.91
PB.22511.1		LOC113241341	LOC113241341	full-splice_match	NO	30.77	28.15	16.82
PB.22513.2	Protein_PB.22513.2	DNAJC1	DNAJC1	full-splice_match	YES	75.6	46.73	57.18
PB.22513.3	Protein_PB.22513.3	DNAJC1	DNAJC1	incomplete-splice_match	YES	7.53	17.03	11.31
PB.22519.1	Protein_PB.22519.1	NEBL	NEBL	full-splice_match	YES	17.47	17.18	23.65
PB.2252.1	Protein_PB.2252.1	RAB1A	RAB1A	full-splice_match	YES	389.98	469.48	410.41
PB.2252.7		RAB1A	RAB1A	novel_not_in_catalog	NO	92.9	55.25	104.58
PB.22524.1	Protein_PB.22524.1	HACD1	HACD1	full-splice_match	YES	174.45	159.02	158.78
PB.22524.2	Protein_PB.22524.2	HACD1	HACD1	novel_in_catalog	YES	33.67	19.72	33.25
PB.22527.6	Protein_PB.22527.6	TRDMT1	TRDMT1	full-splice_match	YES	49.6	47.72	47.24
PB.22529.1	Protein_PB.22529.1	RSU1	RSU1	full-splice_match	YES	160.76	145.73	169.32
PB.22536.3	Protein_PB.22536.3	MINDY3	MINDY3	full-splice_match	YES	20.91	13.54	7.2
PB.22536.7	Protein_PB.22536.7	MINDY3	MINDY3	novel_in_catalog	YES	34.87	33.3	26.46
PB.22537.3	Protein_PB.22537.3	ITGA8	ITGA8	full-splice_match	YES	129.43	83.83	78.43
PB.22538.1	Protein_PB.22538.1	FAM171A1	FAM171A1	full-splice_match	YES	51.47	15.33	25.69
PB.22538.4	Protein_PB.22538.4	FAM171A1	FAM171A1	novel_in_catalog	YES	16.23	20.38	42.21
PB.2254.2	Protein_PB.2254.2	SERTAD2	SERTAD2	full-splice_match	YES	89.21	48.7	93.84
PB.22540.2	Protein_PB.22540.2	NMT2	NMT2	full-splice_match	YES	14.7	23.58	23.63
PB.22540.3	Protein_PB.22540.3	NMT2	NMT2	full-splice_match	YES	26.07	24.06	25.09
PB.22540.5	Protein_PB.22540.5	NMT2	NMT2	novel_in_catalog	YES	18.87	22.83	36.61
PB.22543.1		CDNF	CDNF	novel_not_in_catalog	NO	35.06	22.08	35.89
PB.22543.2	Protein_PB.22543.2	CDNF	CDNF	novel_in_catalog	YES	57.75	72.78	28.2
PB.22543.3		CDNF	CDNF	novel_in_catalog	NO	19.09	18.87	36.53
PB.22543.4	Protein_PB.22543.4	CDNF	CDNF	full-splice_match	YES	284.77	379.39	208.93
PB.22544.2	Protein_PB.22544.2	FAM107B	FAM107B	full-splice_match	YES	45.24	6.72	41.72
PB.22544.4	Protein_PB.22544.4	FAM107B	FAM107B	novel_not_in_catalog	YES	9.95	23.31	20.0
PB.22546.4	Protein_PB.22546.4	FRMD4A	FRMD4A	full-splice_match	YES	70.03	48.98	55.1
PB.22547.3	Protein_PB.22547.3	BEND7	BEND7	full-splice_match	YES	45.88	55.56	55.22
PB.22548.1	Protein_PB.22548.1	SEPHS1	SEPHS1	full-splice_match	YES	151.35	164.38	161.92
PB.22548.2	Protein_PB.22548.2	SEPHS1	SEPHS1	incomplete-splice_match	YES	223.7	212.42	264.38
PB.22548.5	Protein_PB.22548.5	SEPHS1	SEPHS1	full-splice_match	YES	63.36	64.77	66.88
PB.2255.1		LOC113244916	LOC113244916	full-splice_match	NO	57.05	72.15	51.77
PB.22554.2		LOC113241327	LOC113241327	novel_not_in_catalog	NO	48.81	51.19	35.52
PB.22554.3	Protein_PB.22554.3	THNSL1	THNSL1	novel_not_in_catalog	YES	64.11	71.63	113.64
PB.22554.4	Protein_PB.22554.4	THNSL1	THNSL1	full-splice_match	YES	50.01	40.14	50.01
PB.22554.5	Protein_PB.22554.5	THNSL1	THNSL1	full-splice_match	YES	24.06	42.85	35.64
PB.22554.6	Protein_PB.22554.6	THNSL1	THNSL1	novel_not_in_catalog	YES	20.01	12.76	16.03
PB.22554.7	Protein_PB.22554.7	THNSL1	THNSL1	novel_not_in_catalog	YES	86.18	98.94	108.88
PB.22555.2	Protein_PB.22555.2	KIAA1217	KIAA1217	full-splice_match	YES	246.76	289.15	340.75
PB.22555.3	Protein_PB.22555.3	KIAA1217	KIAA1217	full-splice_match	YES	50.07	62.47	65.57
PB.22555.4	Protein_PB.22555.4	KIAA1217	KIAA1217	full-splice_match	YES	17.08	13.65	7.12
PB.22558.1	Protein_PB.22558.1	OTUD1	OTUD1	full-splice_match	YES	181.21	124.67	165.49
PB.22558.2	Protein_PB.22558.2	OTUD1	OTUD1	full-splice_match	YES	354.4	244.93	378.32
PB.2256.1		LOC113244957	LOC113244957	full-splice_match	NO	54.34	69.96	71.38
PB.2256.2	Protein_PB.2256.2	LOC113244957	LOC113244957	novel_not_in_catalog	YES	31.68	34.56	73.61
PB.2256.3	Protein_PB.2256.3	LOC113244957	LOC113244957	novel_not_in_catalog	YES	101.24	94.45	96.24
PB.22560.1	Protein_PB.22560.1	MSRB2	MSRB2	full-splice_match	YES	181.12	153.05	188.83
PB.22566.1	Protein_PB.22566.1	BMI1	BMI1	full-splice_match	YES	64.43	56.49	67.42
PB.22566.2	Protein_PB.22566.2	BMI1	BMI1	full-splice_match	YES	118.24	137.19	96.03
PB.22566.3	Protein_PB.22566.3	BMI1	BMI1	full-splice_match	YES	73.42	43.43	68.61
PB.22567.1	Protein_PB.22567.1	COMMD3	COMMD3	full-splice_match	YES	376.92	464.4	360.83
PB.22570.10	Protein_PB.22570.10	MLLT10	MLLT10	full-splice_match	YES	1.95	6.22	19.33
PB.22570.12	Protein_PB.22570.12	MLLT10	MLLT10	full-splice_match	YES	23.28	9.09	10.4
PB.22570.2	Protein_PB.22570.2	MLLT10	MLLT10	full-splice_match	YES	87.52	61.14	73.92
PB.22570.3	Protein_PB.22570.3	MLLT10	MLLT10	novel_in_catalog	YES	2.35	16.96	32.39
PB.22570.7	Protein_PB.22570.7	MLLT10	MLLT10	full-splice_match	YES	31.6	75.92	45.84
PB.22574.1	Protein_PB.22574.1	PLXDC2	PLXDC2	full-splice_match	YES	638.79	347.6	526.43
PB.2258.5	Protein_PB.2258.5	PELI1	PELI1	full-splice_match	YES	44.81	33.76	36.93
PB.2258.8	Protein_PB.2258.8	PELI1	PELI1	incomplete-splice_match	YES	34.92	28.21	31.37
PB.22581.4	Protein_PB.22581.4	ARL5B	ARL5B	incomplete-splice_match	YES	88.08	95.71	101.58
PB.22584.2	Protein_PB.22584.2	MRC1	MRC1	full-splice_match	YES	180.74	276.19	175.47
PB.22585.1	Protein_PB.22585.1	TMEM236	TMEM236	novel_in_catalog	YES	17.39	17.09	5.05
PB.22585.2	Protein_PB.22585.2	TMEM236	TMEM236	full-splice_match	YES	6.42	8.74	18.91
PB.22586.1	Protein_PB.22586.1	STAM	STAM	full-splice_match	YES	63.35	61.47	68.12
PB.22587.1	Protein_PB.22587.1	VIM	VIM	full-splice_match	YES	2540.74	1412.38	2414.41
PB.22587.10	Protein_PB.22587.10	VIM	VIM	novel_not_in_catalog	YES	227.72	145.77	263.4
PB.22587.7	Protein_PB.22587.7	VIM	VIM	novel_in_catalog	YES	9.6	3.21	19.15
PB.22588.2	Protein_PB.22588.2	PTER	PTER	full-splice_match	YES	0.0	12.98	19.97
PB.22588.5	Protein_PB.22588.5	PTER	PTER	full-splice_match	YES	19.59	11.81	4.93
PB.22588.7	Protein_PB.22588.7	PTER	PTER	novel_in_catalog	YES	18.29	10.42	16.98
PB.22590.2	Protein_PB.22590.2	RPP38	RPP38	full-splice_match	YES	32.54	39.14	32.19
PB.22590.3	Protein_PB.22590.3	RPP38	RPP38	full-splice_match	YES	62.92	68.6	55.25
PB.22592.1	Protein_PB.22592.1	SUV39H2	SUV39H2	novel_in_catalog	YES	18.51	21.31	25.5
PB.22592.2	Protein_PB.22592.2	SUV39H2	SUV39H2	full-splice_match	YES	34.03	31.06	21.97
PB.22593.1	Protein_PB.22593.1	HSPA14	HSPA14	full-splice_match	YES	107.15	172.58	136.87
PB.22593.3	Protein_PB.22593.3	HSPA14	HSPA14	novel_not_in_catalog	YES	170.11	185.31	175.77
PB.22593.7	Protein_PB.22593.7	HSPA14	HSPA14	novel_not_in_catalog	YES	19.72	10.94	9.38
PB.22593.8	Protein_PB.22593.8	HSPA14	HSPA14	novel_not_in_catalog	YES	79.11	105.64	42.95
PB.22597.1	Protein_PB.22597.1	novelGene_FRMD4A_AS	novelGene_FRMD4A_AS	antisense	YES	16.74	19.66	24.56
PB.22597.2	Protein_PB.22597.2	novelGene_FRMD4A_AS	novelGene_FRMD4A_AS	antisense	YES	19.56	12.02	9.69
PB.22597.3	Protein_PB.22597.3	PRPF18	PRPF18	novel_not_in_catalog	YES	73.89	74.3	77.76
PB.22597.4	Protein_PB.22597.4	PRPF18	PRPF18	full-splice_match	YES	72.22	55.26	79.89
PB.22597.5	Protein_PB.22597.5	PRPF18	PRPF18	novel_not_in_catalog	YES	73.29	90.11	95.69
PB.22598.1		LOC113241398	LOC113241398	full-splice_match	NO	28.49	26.92	25.36
PB.2260.2	Protein_PB.2260.2	VPS54	VPS54	full-splice_match	YES	54.6	59.26	52.41
PB.2260.3	Protein_PB.2260.3	VPS54	VPS54	full-splice_match	YES	110.61	80.73	57.16
PB.2260.7	Protein_PB.2260.7	VPS54	VPS54	full-splice_match	YES	13.57	16.43	16.43
PB.22607.1	Protein_PB.22607.1	CUL1	CUL1	novel_not_in_catalog	YES	16.13	20.39	27.36
PB.22607.18	Protein_PB.22607.18	CUL1	CUL1	novel_not_in_catalog	YES	36.62	37.32	26.1
PB.22607.2	Protein_PB.22607.2	CUL1	CUL1	full-splice_match	YES	78.46	128.81	106.95
PB.22607.3	Protein_PB.22607.3	CUL1	CUL1	novel_not_in_catalog	YES	17.97	20.73	39.24
PB.22607.6	Protein_PB.22607.6	CUL1	CUL1	full-splice_match	YES	766.86	793.01	923.19
PB.22609.1	Protein_PB.22609.1	ZNF398	ZNF398	novel_not_in_catalog	YES	38.73	44.52	44.62
PB.22609.2	Protein_PB.22609.2	ZNF398	ZNF398	full-splice_match	YES	154.39	145.72	128.06
PB.22610.1	Protein_PB.22610.1	ZNF282	ZNF282	full-splice_match	YES	106.57	103.34	119.22
PB.22611.1	Protein_PB.22611.1	ZNF212	ZNF212	full-splice_match	YES	131.89	117.06	168.06
PB.22612.1	Protein_PB.22612.1	ZNF783	ZNF783	full-splice_match	YES	46.51	36.11	41.74
PB.22624.1	Protein_PB.22624.1	ZNF862	ZNF862	full-splice_match	YES	52.26	54.8	79.62
PB.22625.1	Protein_PB.22625.1	ATP6V0E2	ATP6V0E2	full-splice_match	YES	50.4	47.67	43.67
PB.22626.15	Protein_PB.22626.15	LRRC61	LRRC61	novel_not_in_catalog	YES	184.33	176.35	217.43
PB.22626.18	Protein_PB.22626.18	LRRC61	LRRC61	full-splice_match	YES	80.98	44.81	69.63
PB.22626.2	Protein_PB.22626.2	ZBED6CL	ZBED6CL	novel_not_in_catalog	YES	7.5	59.97	23.62
PB.22626.5	Protein_PB.22626.5	LRRC61	LRRC61	novel_not_in_catalog	YES	28.41	9.48	16.61
PB.22627.2	Protein_PB.22627.2	REPIN1	REPIN1	full-splice_match	YES	137.81	204.67	249.36
PB.22627.4	Protein_PB.22627.4	REPIN1	REPIN1	full-splice_match	YES	247.22	244.91	187.54
PB.22628.1	Protein_PB.22628.1	ZNF775	ZNF775	full-splice_match	YES	109.18	117.61	106.54
PB.22629.1	Protein_PB.22629.1	LOC113241423	LOC113241423	full-splice_match	YES	19.42	19.6	25.7
PB.22631.1	Protein_PB.22631.1	TMEM176A	TMEM176A	full-splice_match	YES	49.94	33.72	38.1
PB.22633.2	Protein_PB.22633.2	NOS3	NOS3	full-splice_match	YES	35.61	22.05	21.48
PB.22634.3	Protein_PB.22634.3	ABCB8	ABCB8	full-splice_match	YES	19.05	17.99	10.31
PB.22636.2	Protein_PB.22636.2	SLC4A2	SLC4A2	full-splice_match	YES	88.63	75.3	74.71
PB.22637.1	Protein_PB.22637.1	AGAP3	AGAP3	novel_in_catalog	YES	53.97	38.73	50.29
PB.22637.2	Protein_PB.22637.2	AGAP3	AGAP3	full-splice_match	YES	188.41	166.74	186.49
PB.22638.1	Protein_PB.22638.1	CHPF2	CHPF2	full-splice_match	YES	25.13	14.4	25.95
PB.22639.1	Protein_PB.22639.1	NUB1	NUB1	full-splice_match	YES	217.9	229.91	228.01
PB.22639.2	Protein_PB.22639.2	NUB1	NUB1	incomplete-splice_match	YES	18.88	23.32	13.23
PB.22645.1	Protein_PB.22645.1	GALNT11	GALNT11	novel_in_catalog	YES	21.52	51.11	59.33
PB.22645.10	Protein_PB.22645.10	GALNT11	GALNT11	novel_in_catalog	YES	15.64	30.47	6.11
PB.22645.15	Protein_PB.22645.15	GALNT11	GALNT11	full-splice_match	YES	47.98	38.13	26.61
PB.22645.21	Protein_PB.22645.21	GALNT11	GALNT11	full-splice_match	YES	57.07	72.9	39.17
PB.22645.5	Protein_PB.22645.5	GALNT11	GALNT11	novel_in_catalog	YES	26.45	29.85	58.81
PB.22645.6	Protein_PB.22645.6	GALNT11	GALNT11	novel_in_catalog	YES	47.34	53.06	24.91
PB.22645.7	Protein_PB.22645.7	GALNT11	GALNT11	full-splice_match	YES	15.82	10.38	27.73
PB.22645.9	Protein_PB.22645.9	GALNT11	GALNT11	full-splice_match	YES	59.14	25.95	20.42
PB.22649.1	Protein_PB.22649.1	ACTR3B	ACTR3B	full-splice_match	YES	20.67	26.08	24.71
PB.22649.2	Protein_PB.22649.2	ACTR3B	ACTR3B	full-splice_match	YES	83.69	128.06	109.28
PB.22649.4	Protein_PB.22649.4	ACTR3B	ACTR3B	full-splice_match	YES	72.38	46.14	37.96
PB.22656.1	Protein_PB.22656.1	INSIG1	INSIG1	full-splice_match	YES	46.3	46.89	42.86
PB.22656.2	Protein_PB.22656.2	INSIG1	INSIG1	novel_not_in_catalog	YES	15.44	15.65	19.7
PB.22658.10	Protein_PB.22658.10	RBM33	RBM33	novel_not_in_catalog	YES	12.54	18.79	28.16
PB.22658.4	Protein_PB.22658.4	RBM33	RBM33	full-splice_match	YES	82.08	20.41	42.92
PB.22658.6	Protein_PB.22658.6	RBM33	RBM33	full-splice_match	YES	56.55	42.16	38.23
PB.22662.1	Protein_PB.22662.1	NOM1	NOM1	full-splice_match	YES	29.53	0.0	4.65
PB.22662.2	Protein_PB.22662.2	NOM1	NOM1	full-splice_match	YES	45.75	30.56	27.02
PB.22662.3	Protein_PB.22662.3	NOM1	NOM1	full-splice_match	YES	309.05	364.1	375.33
PB.22663.1	Protein_PB.22663.1	UBE3C	UBE3C	novel_not_in_catalog	YES	339.84	330.66	285.18
PB.22663.2	Protein_PB.22663.2	UBE3C	UBE3C	full-splice_match	YES	254.79	220.32	241.44
PB.22664.1	Protein_PB.22664.1	DNAJB6	DNAJB6	full-splice_match	YES	242.79	274.98	74.2
PB.22664.10	Protein_PB.22664.10	DNAJB6	DNAJB6	novel_not_in_catalog	YES	247.11	308.21	178.03
PB.22664.11	Protein_PB.22664.11	DNAJB6	DNAJB6	novel_not_in_catalog	YES	69.16	66.88	59.38
PB.22664.12	Protein_PB.22664.12	DNAJB6	DNAJB6	novel_not_in_catalog	YES	1132.15	1602.34	722.0
PB.22664.3	Protein_PB.22664.3	DNAJB6	DNAJB6	full-splice_match	YES	56.85	61.68	60.15
PB.22664.4	Protein_PB.22664.4	DNAJB6	DNAJB6	full-splice_match	YES	15.3	21.3	17.09
PB.22664.5	Protein_PB.22664.5	DNAJB6	DNAJB6	full-splice_match	YES	107.4	95.26	85.31
PB.22664.6	Protein_PB.22664.6	DNAJB6	DNAJB6	full-splice_match	YES	113.66	123.82	147.71
PB.22664.7	Protein_PB.22664.7	DNAJB6	DNAJB6	full-splice_match	YES	0.54	86.14	30.11
PB.22665.1	Protein_PB.22665.1	WDR60	WDR60	full-splice_match	YES	17.62	17.12	20.15
PB.22665.2	Protein_PB.22665.2	WDR60	WDR60	full-splice_match	YES	32.74	35.21	41.52
PB.2267.1	Protein_PB.2267.1	CCT4	CCT4	novel_not_in_catalog	YES	643.9	617.19	687.28
PB.2267.10	Protein_PB.2267.10	CCT4	CCT4	novel_not_in_catalog	YES	12.54	10.46	22.57
PB.2267.5	Protein_PB.2267.5	CCT4	CCT4	full-splice_match	YES	73.31	89.63	69.07
PB.2267.6	Protein_PB.2267.6	CCT4	CCT4	novel_not_in_catalog	YES	61.73	56.41	57.46
PB.2267.8	Protein_PB.2267.8	CCT4	CCT4	novel_in_catalog	YES	590.12	718.41	575.41
PB.22670.1	Protein_PB.22670.1	TPK1	TPK1	full-splice_match	YES	113.25	109.68	110.86
PB.22673.8	Protein_PB.22673.8	EZH2	EZH2	novel_in_catalog	YES	14.43	11.08	22.22
PB.22674.1	Protein_PB.22674.1	PDIA4	PDIA4	full-splice_match	YES	252.85	232.11	225.32
PB.22675.1	Protein_PB.22675.1	ZNF786	ZNF786	full-splice_match	YES	39.03	44.84	52.84
PB.22675.4	Protein_PB.22675.4	ZNF425	ZNF425	full-splice_match	YES	157.39	163.48	121.49
PB.2268.2	Protein_PB.2268.2	FAM161A	FAM161A	full-splice_match	YES	12.95	15.4	27.07
PB.2268.3	Protein_PB.2268.3	FAM161A	FAM161A	incomplete-splice_match	YES	14.17	22.9	29.18
PB.22680.1	Protein_PB.22680.1	ZNF777	ZNF777	full-splice_match	YES	64.14	57.79	78.36
PB.22681.3	Protein_PB.22681.3	ZNF746	ZNF746	full-splice_match	YES	55.51	41.77	44.25
PB.22687.2	Protein_PB.22687.2	RARRES2	RARRES2	full-splice_match	YES	21.81	15.6	14.89
PB.22687.3	Protein_PB.22687.3	RARRES2	RARRES2	full-splice_match	YES	66.48	58.91	73.96
PB.22687.4	Protein_PB.22687.4	RARRES2	RARRES2	novel_not_in_catalog	YES	24.55	13.35	13.96
PB.22688.2	Protein_PB.22688.2	TMEM176B	TMEM176B	full-splice_match	YES	75.01	61.94	41.87
PB.22691.1	Protein_PB.22691.1	CDK5	CDK5	full-splice_match	YES	44.17	43.28	36.35
PB.22692.1	Protein_PB.22692.1	FASTK	FASTK	full-splice_match	YES	66.77	68.06	73.71
PB.22692.2	Protein_PB.22692.2	FASTK	FASTK	full-splice_match	YES	76.03	45.56	105.37
PB.22692.4	Protein_PB.22692.4	FASTK	FASTK	novel_in_catalog	YES	42.76	23.84	41.46
PB.22692.5	Protein_PB.22692.5	FASTK	FASTK	full-splice_match	YES	105.02	101.72	66.97
PB.22692.6	Protein_PB.22692.6	FASTK	FASTK	full-splice_match	YES	260.68	274.99	234.17
PB.22692.7	Protein_PB.22692.7	FASTK	FASTK	full-splice_match	YES	335.01	393.47	240.13
PB.22693.1	Protein_PB.22693.1	TMUB1	TMUB1	full-splice_match	YES	153.96	140.23	149.74
PB.22695.3	Protein_PB.22695.3	ASB10	ASB10	novel_not_in_catalog	YES	94.96	102.83	79.8
PB.22695.4	Protein_PB.22695.4	ASB10	ASB10	novel_not_in_catalog	YES	94.72	92.79	111.57
PB.22695.6	Protein_PB.22695.6	ASB10	ASB10	full-splice_match	YES	52.68	58.75	43.52
PB.22697.3	Protein_PB.22697.3	ABCF2	ABCF2	full-splice_match	YES	521.75	553.15	420.45
PB.22698.1	Protein_PB.22698.1	SMARCD3	SMARCD3	full-splice_match	YES	783.66	694.81	824.74
PB.22702.1	Protein_PB.22702.1	RHEB	RHEB	full-splice_match	YES	34.27	45.09	36.22
PB.22702.2	Protein_PB.22702.2	RHEB	RHEB	full-splice_match	YES	367.31	378.41	282.11
PB.22702.3	Protein_PB.22702.3	RHEB	RHEB	novel_not_in_catalog	YES	40.31	49.96	51.78
PB.22702.4	Protein_PB.22702.4	RHEB	RHEB	novel_in_catalog	YES	172.42	197.86	134.9
PB.22702.5	Protein_PB.22702.5	RHEB	RHEB	novel_in_catalog	YES	17.16	10.23	18.35
PB.22703.1	Protein_PB.22703.1	PRKAG2	PRKAG2	novel_in_catalog	YES	50.72	53.33	48.15
PB.22703.4	Protein_PB.22703.4	PRKAG2	PRKAG2	full-splice_match	YES	18.85	18.15	22.25
PB.22707.1	Protein_PB.22707.1	KMT2C	KMT2C	novel_not_in_catalog	YES	41.41	28.49	31.56
PB.22707.2	Protein_PB.22707.2	KMT2C	KMT2C	full-splice_match	YES	760.44	705.7	902.85
PB.22709.1		LOC113241504	LOC113241504	full-splice_match	NO	280.52	202.68	296.84
PB.22712.1	Protein_PB.22712.1	PAXIP1	PAXIP1	full-splice_match	YES	33.56	29.86	35.21
PB.2272.1	Protein_PB.2272.1	XPO1	XPO1	full-splice_match	YES	139.48	188.87	165.23
PB.2272.10	Protein_PB.2272.10	XPO1	XPO1	incomplete-splice_match	YES	15.98	73.18	68.11
PB.2272.4	Protein_PB.2272.4	XPO1	XPO1	novel_not_in_catalog	YES	379.11	357.57	350.96
PB.2272.5	Protein_PB.2272.5	XPO1	XPO1	incomplete-splice_match	YES	78.63	92.99	74.49
PB.2272.7	Protein_PB.2272.7	XPO1	XPO1	novel_not_in_catalog	YES	16.69	24.97	11.73
PB.2272.9	Protein_PB.2272.9	XPO1	XPO1	full-splice_match	YES	22.94	7.58	8.41
PB.22721.3	Protein_PB.22721.3	LMBR1	LMBR1	full-splice_match	YES	29.23	27.7	44.31
PB.22721.4	Protein_PB.22721.4	LMBR1	LMBR1	incomplete-splice_match	YES	22.29	27.79	26.51
PB.22721.5	Protein_PB.22721.5	LMBR1	LMBR1	full-splice_match	YES	9.32	18.52	18.1
PB.22725.4	Protein_PB.22725.4	NCAPG2	NCAPG2	novel_in_catalog	YES	1.44	7.96	24.54
PB.22725.7	Protein_PB.22725.7	NCAPG2	NCAPG2	full-splice_match	YES	35.25	33.7	11.1
PB.22726.2	Protein_PB.22726.2	ESYT2	ESYT2	full-splice_match	YES	155.67	168.1	188.36
PB.22726.3	Protein_PB.22726.3	ESYT2	ESYT2	full-splice_match	YES	47.92	27.41	21.36
PB.22726.4	Protein_PB.22726.4	ESYT2	ESYT2	novel_not_in_catalog	YES	150.38	72.78	161.47
PB.22726.5	Protein_PB.22726.5	ESYT2	ESYT2	novel_not_in_catalog	YES	82.99	24.36	89.28
PB.22726.8	Protein_PB.22726.8	ESYT2	ESYT2	novel_not_in_catalog	YES	396.03	628.94	474.24
PB.22726.9	Protein_PB.22726.9	ESYT2	ESYT2	novel_not_in_catalog	YES	17.07	51.65	51.29
PB.2273.1	Protein_PB.2273.1	USP34	USP34	full-splice_match	YES	62.11	115.03	159.84
PB.2273.2	Protein_PB.2273.2	USP34	USP34	full-splice_match	YES	20.89	42.75	41.19
PB.2273.3	Protein_PB.2273.3	USP34	USP34	full-splice_match	YES	324.34	239.3	213.46
PB.2273.5	Protein_PB.2273.5	USP34	USP34	full-splice_match	YES	647.78	570.01	698.27
PB.2273.6	Protein_PB.2273.6	USP34	USP34	incomplete-splice_match	YES	33.05	90.11	149.19
PB.22730.3	Protein_PB.22730.3	ARSA	ARSA	incomplete-splice_match	YES	30.12	36.19	20.1
PB.22730.6	Protein_PB.22730.6	ARSA	ARSA	full-splice_match	YES	20.01	19.46	13.58
PB.22731.12	Protein_PB.22731.12	CPT1B	CPT1B	full-splice_match	YES	37.8	14.74	43.83
PB.22731.15	Protein_PB.22731.15	CPT1B	CPT1B	novel_not_in_catalog	YES	321.9	535.89	491.91
PB.22731.17	Protein_PB.22731.17	CPT1B	CPT1B	incomplete-splice_match	YES	42.52	51.99	64.38
PB.22731.18	Protein_PB.22731.18	CPT1B	CPT1B	novel_not_in_catalog	YES	270.99	189.79	516.46
PB.22731.19	Protein_PB.22731.19	CPT1B	CPT1B	novel_not_in_catalog	YES	338.18	478.41	691.24
PB.22731.2	Protein_PB.22731.2	CHKB	CHKB	full-splice_match	YES	19.66	13.41	24.05
PB.22731.20	Protein_PB.22731.20	CPT1B	CPT1B	novel_in_catalog	YES	60.62	71.3	74.86
PB.22731.23	Protein_PB.22731.23	CPT1B	CPT1B	novel_not_in_catalog	YES	434.34	1142.92	972.63
PB.22731.24	Protein_PB.22731.24	CPT1B	CPT1B	novel_in_catalog	YES	9.51	10.43	28.29
PB.22731.35	Protein_PB.22731.35	CPT1B	CPT1B	novel_in_catalog	YES	316.59	622.12	704.41
PB.22731.37	Protein_PB.22731.37	CPT1B	CPT1B	novel_in_catalog	YES	13.2	19.4	61.66
PB.22731.7	Protein_PB.22731.7	CPT1B_CHKB	CPT1B_CHKB	fusion	YES	120.11	167.17	127.26
PB.22731.9	Protein_PB.22731.9	CHKB	CHKB	novel_in_catalog	YES	16.4	33.59	67.99
PB.22734.1	Protein_PB.22734.1	LOC113241602	LOC113241602	full-splice_match	YES	56.06	60.56	35.78
PB.22735.42	Protein_PB.22735.42	LMF2	LMF2	full-splice_match	YES	28.38	30.81	9.56
PB.22736.2	Protein_PB.22736.2	SBF1	SBF1	full-splice_match	YES	589.3	610.85	473.5
PB.22738.11	Protein_PB.22738.11	DENND6B	DENND6B	full-splice_match	YES	6.38	18.1	9.03
PB.22739.11	Protein_PB.22739.11	PLXNB2	PLXNB2	novel_not_in_catalog	YES	29.36	54.18	29.1
PB.22740.1	Protein_PB.22740.1	MAPK11	MAPK11	full-splice_match	YES	31.66	15.14	32.36
PB.22741.1	Protein_PB.22741.1	MAPK12	MAPK12	full-splice_match	YES	754.66	979.16	563.74
PB.22741.2	Protein_PB.22741.2	MAPK12	MAPK12	novel_in_catalog	YES	322.06	379.12	249.58
PB.22742.10	Protein_PB.22742.10	HDAC10	HDAC10	novel_not_in_catalog	YES	33.0	23.7	27.52
PB.22742.4	Protein_PB.22742.4	HDAC10	HDAC10	novel_in_catalog	YES	6.14	6.83	24.65
PB.22743.1	Protein_PB.22743.1	TUBGCP6	TUBGCP6	full-splice_match	YES	31.39	16.24	14.15
PB.22743.5	Protein_PB.22743.5	TUBGCP6	TUBGCP6	full-splice_match	YES	25.01	14.11	31.3
PB.22743.7	Protein_PB.22743.7	TUBGCP6	TUBGCP6	novel_in_catalog	YES	24.62	23.8	21.26
PB.22747.4	Protein_PB.22747.4	LOC113241625	LOC113241625	full-splice_match	YES	19.97	12.07	9.34
PB.22748.2	Protein_PB.22748.2	ALG12	ALG12	novel_in_catalog	YES	9.88	16.93	7.8
PB.22748.4	Protein_PB.22748.4	ALG12	ALG12	full-splice_match	YES	42.03	27.42	32.79
PB.2275.4	Protein_PB.2275.4	PUS10	PUS10	full-splice_match	YES	19.85	23.74	9.04
PB.22750.1	Protein_PB.22750.1	BRD1	BRD1	full-splice_match	YES	15.89	13.16	26.3
PB.22750.2	Protein_PB.22750.2	BRD1	BRD1	full-splice_match	YES	32.81	36.47	19.21
PB.22750.5	Protein_PB.22750.5	BRD1	BRD1	full-splice_match	YES	70.13	60.94	73.35
PB.22754.1	Protein_PB.22754.1	CERK	CERK	full-splice_match	YES	116.48	105.97	121.14
PB.22754.2	Protein_PB.22754.2	CERK_LOC113241637	CERK_LOC113241637	incomplete-splice_match	YES	180.15	130.29	173.76
PB.22754.4	Protein_PB.22754.4	LOC113241637	LOC113241637	full-splice_match	YES	32.57	26.38	43.66
PB.22756.1	Protein_PB.22756.1	CDPF1	CDPF1	full-splice_match	YES	60.58	64.43	89.09
PB.22756.5	Protein_PB.22756.5	CDPF1	CDPF1	full-splice_match	YES	15.82	20.39	13.11
PB.22761.2	Protein_PB.22761.2	KIAA0930	KIAA0930	full-splice_match	YES	7.22	16.61	17.44
PB.22761.3	Protein_PB.22761.3	KIAA0930	KIAA0930	full-splice_match	YES	287.62	262.22	192.68
PB.22761.4	Protein_PB.22761.4	KIAA0930	KIAA0930	incomplete-splice_match	YES	102.75	91.65	66.9
PB.22763.1	Protein_PB.22763.1	RTL6	RTL6	full-splice_match	YES	108.87	206.69	317.91
PB.22763.2	Protein_PB.22763.2	RTL6	RTL6	novel_not_in_catalog	YES	58.12	68.24	23.01
PB.22763.3	Protein_PB.22763.3	RTL6	RTL6	full-splice_match	YES	217.24	138.36	94.74
PB.22769.3	Protein_PB.22769.3	TTLL12	TTLL12	full-splice_match	YES	70.08	55.35	39.32
PB.22769.4	Protein_PB.22769.4	TTLL12	TTLL12	incomplete-splice_match	YES	196.21	156.85	102.46
PB.22769.5	Protein_PB.22769.5	TTLL12	TTLL12	novel_not_in_catalog	YES	21.46	32.24	29.8
PB.22770.3	Protein_PB.22770.3	MCAT	MCAT	full-splice_match	YES	70.13	96.63	81.26
PB.22772.1	Protein_PB.22772.1	TTLL1	TTLL1	full-splice_match	YES	16.91	20.93	30.82
PB.22772.5	Protein_PB.22772.5	TTLL1	TTLL1	full-splice_match	YES	23.68	18.5	0.0
PB.22773.1	Protein_PB.22773.1	PACSIN2	PACSIN2	full-splice_match	YES	99.76	63.29	61.23
PB.22773.12	Protein_PB.22773.12	PACSIN2	PACSIN2	novel_not_in_catalog	YES	41.83	43.46	25.27
PB.22773.15	Protein_PB.22773.15	PACSIN2	PACSIN2	novel_not_in_catalog	YES	22.73	30.84	44.62
PB.22773.20	Protein_PB.22773.20	PACSIN2	PACSIN2	incomplete-splice_match	YES	49.52	48.22	27.88
PB.22773.9	Protein_PB.22773.9	PACSIN2	PACSIN2	full-splice_match	YES	53.17	86.42	69.94
PB.22775.3	Protein_PB.22775.3	ARFGAP3	ARFGAP3	full-splice_match	YES	94.21	84.98	99.68
PB.22776.11	Protein_PB.22776.11	A4GALT	A4GALT	incomplete-splice_match	YES	61.73	36.48	33.39
PB.22776.19	Protein_PB.22776.19	A4GALT	A4GALT	novel_in_catalog	YES	2.87	2.37	34.76
PB.22776.28	Protein_PB.22776.28	A4GALT	A4GALT	novel_in_catalog	YES	19.79	38.57	45.72
PB.22776.29	Protein_PB.22776.29	A4GALT	A4GALT	incomplete-splice_match	YES	57.94	23.88	97.63
PB.22778.13	Protein_PB.22778.13	POLDIP3_LOC113241692	POLDIP3_LOC113241692	fusion	YES	130.07	122.37	171.52
PB.22778.14	Protein_PB.22778.14	LOC113241692	LOC113241692	novel_not_in_catalog	YES	36.27	69.36	30.55
PB.22778.16	Protein_PB.22778.16	LOC113241692	LOC113241692	full-splice_match	YES	82.92	92.23	110.15
PB.22778.21	Protein_PB.22778.21	POLDIP3	POLDIP3	full-splice_match	YES	97.04	102.54	138.96
PB.22778.5	Protein_PB.22778.5	LOC113241692	LOC113241692	full-splice_match	YES	1053.96	1375.23	1444.57
PB.22778.6	Protein_PB.22778.6	LOC113241692	LOC113241692	novel_not_in_catalog	YES	167.46	146.15	260.44
PB.22779.1	Protein_PB.22779.1	RRP7A	RRP7A	full-splice_match	YES	3.95	18.17	38.56
PB.22779.3	Protein_PB.22779.3	RRP7A	RRP7A	full-splice_match	YES	125.95	148.22	198.44
PB.22783.1	Protein_PB.22783.1	TCF20	TCF20	full-splice_match	YES	168.33	131.09	144.59
PB.22783.2	Protein_PB.22783.2	TCF20	TCF20	full-splice_match	YES	25.74	41.79	81.62
PB.22784.1	Protein_PB.22784.1	LOC113241702	LOC113241702	novel_not_in_catalog	YES	0.0	20.74	9.13
PB.22784.10	Protein_PB.22784.10	LOC113241702	LOC113241702	novel_not_in_catalog	YES	17.47	18.52	12.58
PB.22784.11	Protein_PB.22784.11	LOC113241702	LOC113241702	novel_not_in_catalog	YES	22.15	33.29	6.22
PB.22784.12	Protein_PB.22784.12	LOC113241702	LOC113241702	novel_in_catalog	YES	16.44	11.85	35.1
PB.22784.14	Protein_PB.22784.14	LOC113241702	LOC113241702	full-splice_match	YES	37.8	29.95	78.51
PB.22784.15	Protein_PB.22784.15	LOC113241702	LOC113241702	full-splice_match	YES	150.91	165.27	307.28
PB.22784.29	Protein_PB.22784.29	LOC113241702	LOC113241702	novel_not_in_catalog	YES	46.02	30.88	31.64
PB.22784.33	Protein_PB.22784.33	LOC113241702	LOC113241702	novel_not_in_catalog	YES	26.35	64.05	23.87
PB.22784.36	Protein_PB.22784.36	LOC113241702	LOC113241702	incomplete-splice_match	YES	49.1	24.14	14.01
PB.22784.4	Protein_PB.22784.4	LOC113241702	LOC113241702	novel_in_catalog	YES	97.73	77.06	218.31
PB.22785.1	Protein_PB.22785.1	NDUFA6	NDUFA6	novel_not_in_catalog	YES	23.31	36.89	66.74
PB.22785.2	Protein_PB.22785.2	NDUFA6	NDUFA6	full-splice_match	YES	929.62	1084.56	769.96
PB.22786.1	Protein_PB.22786.1	NAGA	NAGA	full-splice_match	YES	57.56	42.75	52.11
PB.22786.7	Protein_PB.22786.7	NAGA	NAGA	full-splice_match	YES	25.5	11.23	15.15
PB.22787.3	Protein_PB.22787.3	CENPM	CENPM	full-splice_match	YES	22.63	20.79	16.1
PB.22791.1	Protein_PB.22791.1	SNU13	SNU13	full-splice_match	YES	496.14	509.02	551.68
PB.22791.5	Protein_PB.22791.5	SNU13	SNU13	full-splice_match	YES	236.5	255.61	150.32
PB.22792.1	Protein_PB.22792.1	DESI1	DESI1	full-splice_match	YES	10.61	21.99	21.38
PB.22793.4	Protein_PB.22793.4	PMM1	PMM1	full-splice_match	YES	67.46	57.59	84.47
PB.22794.3	Protein_PB.22794.3	POLR3H	POLR3H	full-splice_match	YES	17.17	16.53	14.71
PB.22794.5	Protein_PB.22794.5	POLR3H	POLR3H	full-splice_match	YES	23.17	15.9	14.35
PB.22794.6	Protein_PB.22794.6	POLR3H	POLR3H	full-splice_match	YES	24.41	30.43	38.31
PB.22795.1	Protein_PB.22795.1	PHF5A	PHF5A	full-splice_match	YES	258.48	270.6	248.15
PB.22796.1	Protein_PB.22796.1	TOB2	TOB2	full-splice_match	YES	379.89	389.71	346.18
PB.22797.1	Protein_PB.22797.1	RANGAP1	RANGAP1	full-splice_match	YES	74.66	56.69	57.51
PB.22802.3	Protein_PB.22802.3	ST13	ST13	full-splice_match	YES	1223.66	1354.69	1206.95
PB.22802.4	Protein_PB.22802.4	ST13	ST13	novel_not_in_catalog	YES	532.72	463.22	509.13
PB.22804.1	Protein_PB.22804.1	SLC25A17	SLC25A17	full-splice_match	YES	59.89	44.32	63.72
PB.22804.2	Protein_PB.22804.2	SLC25A17	SLC25A17	novel_not_in_catalog	YES	23.99	32.07	31.19
PB.22805.1	Protein_PB.22805.1	MRTFA	MRTFA	novel_not_in_catalog	YES	15.03	16.94	16.61
PB.22805.2	Protein_PB.22805.2	MRTFA	MRTFA	full-splice_match	YES	23.85	12.65	19.58
PB.22805.3	Protein_PB.22805.3	MRTFA	MRTFA	full-splice_match	YES	29.68	23.68	32.68
PB.22807.1	Protein_PB.22807.1	RPS19BP1	RPS19BP1	full-splice_match	YES	102.18	104.96	99.92
PB.22809.2	Protein_PB.22809.2	RPL3	RPL3	full-splice_match	YES	1026.97	763.29	1158.12
PB.22809.6	Protein_PB.22809.6	RPL3	RPL3	novel_not_in_catalog	YES	118.96	101.95	131.84
PB.22810.1	Protein_PB.22810.1	PDGFB	PDGFB	full-splice_match	YES	61.76	41.04	67.46
PB.22810.3	Protein_PB.22810.3	PDGFB	PDGFB	full-splice_match	YES	16.5	24.24	8.76
PB.22811.1	Protein_PB.22811.1	CBX7	CBX7	full-splice_match	YES	30.02	24.56	47.85
PB.22811.2	Protein_PB.22811.2	CBX7	CBX7	full-splice_match	YES	177.48	208.39	286.36
PB.22813.1	Protein_PB.22813.1	CBX6	CBX6	full-splice_match	YES	100.7	57.23	80.86
PB.22815.2	Protein_PB.22815.2	DNAL4	DNAL4	full-splice_match	YES	20.8	16.9	12.04
PB.22816.1	Protein_PB.22816.1	SUN2	SUN2	full-splice_match	YES	476.73	550.13	470.17
PB.22816.3	Protein_PB.22816.3	SUN2	SUN2	full-splice_match	YES	32.9	20.85	30.05
PB.22816.4	Protein_PB.22816.4	SUN2	SUN2	incomplete-splice_match	YES	15.24	5.32	35.24
PB.22817.3	Protein_PB.22817.3	JOSD1	JOSD1	full-splice_match	YES	110.18	110.29	136.8
PB.22820.2	Protein_PB.22820.2	DDX17	DDX17	novel_in_catalog	YES	143.23	118.45	159.8
PB.22820.4	Protein_PB.22820.4	DDX17	DDX17	novel_not_in_catalog	YES	816.42	794.88	750.04
PB.22820.5	Protein_PB.22820.5	DDX17	DDX17	incomplete-splice_match	YES	51.75	25.54	61.93
PB.22820.7	Protein_PB.22820.7	DDX17	DDX17	novel_not_in_catalog	YES	0.0	11.05	20.42
PB.22820.8	Protein_PB.22820.8	DDX17	DDX17	novel_not_in_catalog	YES	123.47	51.76	85.11
PB.22823.4	Protein_PB.22823.4	LOC113241780	LOC113241780	full-splice_match	YES	82.24	78.3	72.91
PB.22824.1	Protein_PB.22824.1	TMEM184B	TMEM184B	full-splice_match	YES	81.53	48.47	45.57
PB.22825.10	Protein_PB.22825.10	PLA2G6	PLA2G6	novel_in_catalog	YES	71.34	82.84	47.12
PB.22825.7	Protein_PB.22825.7	PLA2G6	PLA2G6	novel_in_catalog	YES	15.12	18.08	41.89
PB.22829.10	Protein_PB.22829.10	CUNH22orf23	CUNH22orf23	incomplete-splice_match	YES	39.14	19.17	4.79
PB.22830.1	Protein_PB.22830.1	ANKRD54	ANKRD54	full-splice_match	YES	87.41	71.32	76.68
PB.22832.1	Protein_PB.22832.1	CARD10	CARD10	full-splice_match	YES	33.1	24.28	26.72
PB.22832.2	Protein_PB.22832.2	CARD10	CARD10	incomplete-splice_match	YES	31.86	22.62	22.44
PB.22833.4	Protein_PB.22833.4	MFNG	MFNG	full-splice_match	YES	49.82	37.56	26.71
PB.22839.1	Protein_PB.22839.1	SHANK3	SHANK3	full-splice_match	YES	48.21	34.1	46.66
PB.22842.1		LOC113241604	LOC113241604	full-splice_match	NO	4.57	7.06	28.03
PB.22842.2	Protein_PB.22842.2	LOC113241604	LOC113241604	novel_not_in_catalog	YES	10.87	7.44	40.19
PB.22843.10	Protein_PB.22843.10	NCAPH2	NCAPH2	full-splice_match	YES	58.73	68.36	124.38
PB.22843.5	Protein_PB.22843.5	NCAPH2	NCAPH2	full-splice_match	YES	50.11	70.18	63.1
PB.22843.7	Protein_PB.22843.7	NCAPH2	NCAPH2	novel_in_catalog	YES	10.18	18.48	31.51
PB.22843.8	Protein_PB.22843.8	NCAPH2	NCAPH2	novel_in_catalog	YES	86.17	63.99	149.92
PB.22843.9	Protein_PB.22843.9	NCAPH2	NCAPH2	full-splice_match	YES	79.21	94.2	48.91
PB.22846.5	Protein_PB.22846.5	PPP6R2	PPP6R2	full-splice_match	YES	34.11	45.98	42.4
PB.22846.6	Protein_PB.22846.6	PPP6R2	PPP6R2	full-splice_match	YES	120.21	126.89	89.56
PB.22846.7	Protein_PB.22846.7	PPP6R2	PPP6R2	full-splice_match	YES	58.04	57.29	113.99
PB.22846.8	Protein_PB.22846.8	PPP6R2	PPP6R2	full-splice_match	YES	110.53	98.53	60.94
PB.22846.9	Protein_PB.22846.9	PPP6R2	PPP6R2	incomplete-splice_match	YES	629.99	591.54	584.95
PB.22849.1	Protein_PB.22849.1	SELENOO	SELENOO	full-splice_match	YES	50.91	68.24	49.11
PB.22849.2	Protein_PB.22849.2	SELENOO	SELENOO	novel_not_in_catalog	YES	133.89	152.08	106.03
PB.22851.13	Protein_PB.22851.13	TRABD	TRABD	full-splice_match	YES	78.49	89.42	64.5
PB.22851.3	Protein_PB.22851.3	TRABD	TRABD	full-splice_match	YES	6.99	16.3	23.03
PB.22851.7	Protein_PB.22851.7	TRABD	TRABD	full-splice_match	YES	129.2	125.49	130.46
PB.22851.8	Protein_PB.22851.8	TRABD	TRABD	novel_in_catalog	YES	36.63	18.64	8.08
PB.22854.1	Protein_PB.22854.1	PIM3	PIM3	full-splice_match	YES	229.04	225.22	211.54
PB.22856.3	Protein_PB.22856.3	CRELD2	CRELD2	full-splice_match	YES	21.8	25.35	14.35
PB.2286.1	Protein_PB.2286.1	EFEMP1	EFEMP1	full-splice_match	YES	386.32	203.18	324.61
PB.22860.1	Protein_PB.22860.1	TBC1D22A	TBC1D22A	full-splice_match	YES	383.13	372.87	305.83
PB.22860.2	Protein_PB.22860.2	TBC1D22A	TBC1D22A	novel_not_in_catalog	YES	24.64	31.33	27.34
PB.22862.4	Protein_PB.22862.4	GRAMD4	GRAMD4	full-splice_match	YES	55.77	53.36	69.92
PB.22863.2	Protein_PB.22863.2	TRMU	TRMU	full-splice_match	YES	8.58	14.21	16.34
PB.22863.4	Protein_PB.22863.4	TRMU	TRMU	novel_not_in_catalog	YES	12.69	26.1	23.95
PB.22863.7	Protein_PB.22863.7	TRMU	TRMU	full-splice_match	YES	14.57	31.35	14.49
PB.22864.1	Protein_PB.22864.1	GTSE1	GTSE1	incomplete-splice_match	YES	28.19	39.59	11.03
PB.22865.2	Protein_PB.22865.2	TTC38	TTC38	full-splice_match	YES	63.46	65.62	27.36
PB.22865.4	Protein_PB.22865.4	TTC38	TTC38	full-splice_match	YES	90.26	97.52	57.65
PB.22865.8	Protein_PB.22865.8	TTC38	TTC38	novel_not_in_catalog	YES	79.95	87.62	33.39
PB.22866.1	Protein_PB.22866.1	PPARA	PPARA	full-splice_match	YES	1771.27	2661.12	1318.33
PB.22866.2	Protein_PB.22866.2	PPARA	PPARA	full-splice_match	YES	37.88	59.26	31.25
PB.22866.3	Protein_PB.22866.3	PPARA	PPARA	full-splice_match	YES	6.77	23.99	11.6
PB.22866.4	Protein_PB.22866.4	PPARA	PPARA	full-splice_match	YES	45.81	100.98	60.29
PB.22866.5	Protein_PB.22866.5	PPARA	PPARA	full-splice_match	YES	421.05	524.87	223.23
PB.22866.6	Protein_PB.22866.6	PPARA	PPARA	incomplete-splice_match	YES	63.99	109.19	49.39
PB.22867.1	Protein_PB.22867.1	LOC113241646	LOC113241646	full-splice_match	YES	19.91	10.14	18.99
PB.22867.4	Protein_PB.22867.4	LOC113241646	LOC113241646	full-splice_match	YES	21.6	12.42	16.31
PB.22868.2		novelGene_2653	novelGene_2653	intergenic	NO	23.96	18.78	25.94
PB.22869.1	Protein_PB.22869.1	ATXN10	ATXN10	full-splice_match	YES	88.38	75.82	99.48
PB.22869.2	Protein_PB.22869.2	ATXN10	ATXN10	novel_not_in_catalog	YES	250.21	236.75	233.13
PB.22869.3	Protein_PB.22869.3	ATXN10	ATXN10	incomplete-splice_match	YES	14.2	24.36	17.95
PB.2287.1	Protein_PB.2287.1	PNPT1	PNPT1	full-splice_match	YES	190.79	217.75	138.15
PB.2287.2	Protein_PB.2287.2	PNPT1	PNPT1	full-splice_match	YES	58.32	90.31	36.31
PB.2287.3	Protein_PB.2287.3	PNPT1	PNPT1	novel_not_in_catalog	YES	80.51	101.3	56.43
PB.22871.1	Protein_PB.22871.1	FBLN1	FBLN1	full-splice_match	YES	432.46	227.21	297.37
PB.22871.2	Protein_PB.22871.2	FBLN1	FBLN1	novel_not_in_catalog	YES	23.67	9.25	27.85
PB.22871.4	Protein_PB.22871.4	FBLN1	FBLN1	full-splice_match	YES	160.03	115.57	89.62
PB.22871.5	Protein_PB.22871.5	FBLN1	FBLN1	full-splice_match	YES	89.74	46.81	36.04
PB.22876.5	Protein_PB.22876.5	FAM118A	FAM118A	full-splice_match	YES	51.86	41.37	41.48
PB.2288.1	Protein_PB.2288.1	PPP4R3B	PPP4R3B	full-splice_match	YES	214.2	224.5	283.66
PB.2288.2	Protein_PB.2288.2	PPP4R3B	PPP4R3B	full-splice_match	YES	92.86	101.66	125.55
PB.2288.3	Protein_PB.2288.3	PPP4R3B	PPP4R3B	full-splice_match	YES	44.5	34.84	0.16
PB.2288.7	Protein_PB.2288.7	PPP4R3B	PPP4R3B	incomplete-splice_match	YES	168.48	184.93	206.91
PB.22880.2	Protein_PB.22880.2	NUP50	NUP50	full-splice_match	YES	178.57	176.63	166.86
PB.22880.3	Protein_PB.22880.3	NUP50	NUP50	incomplete-splice_match	YES	41.74	29.44	32.39
PB.22885.2	Protein_PB.22885.2	PARVB	PARVB	full-splice_match	YES	661.89	644.94	477.32
PB.22886.1	Protein_PB.22886.1	SAMM50	SAMM50	full-splice_match	YES	895.56	1029.37	681.98
PB.22886.19	Protein_PB.22886.19	SAMM50	SAMM50	novel_in_catalog	YES	24.67	16.7	8.51
PB.22886.5	Protein_PB.22886.5	SAMM50	SAMM50	novel_not_in_catalog	YES	12.69	8.15	17.26
PB.22890.1	Protein_PB.22890.1	TSPO	TSPO	novel_in_catalog	YES	21.44	13.01	16.1
PB.22890.2	Protein_PB.22890.2	TSPO	TSPO	full-splice_match	YES	39.98	27.17	30.09
PB.22897.6	Protein_PB.22897.6	SERHL2	SERHL2	full-splice_match	YES	250.56	409.51	296.89
PB.229.1	Protein_PB.229.1	ST3GAL6	ST3GAL6	full-splice_match	YES	135.67	96.43	71.6
PB.229.3	Protein_PB.229.3	ST3GAL6	ST3GAL6	full-splice_match	YES	78.55	93.46	91.02
PB.229.4	Protein_PB.229.4	ST3GAL6	ST3GAL6	full-splice_match	YES	19.5	30.18	7.4
PB.2290.4	Protein_PB.2290.4	CCDC88A	CCDC88A	full-splice_match	YES	137.28	120.81	138.62
PB.2290.5	Protein_PB.2290.5	CCDC88A	CCDC88A	incomplete-splice_match	YES	14.55	14.73	20.69
PB.22901.1	Protein_PB.22901.1	SMDT1	SMDT1	full-splice_match	YES	221.22	236.67	253.12
PB.22901.3		SMDT1	SMDT1	novel_not_in_catalog	NO	9.95	7.81	19.41
PB.22902.2	Protein_PB.22902.2	PHETA2	PHETA2	full-splice_match	YES	21.32	8.58	21.55
PB.22906.1	Protein_PB.22906.1	SREBF2	SREBF2	novel_in_catalog	YES	135.05	103.87	116.6
PB.22907.1	Protein_PB.22907.1	CCDC134	CCDC134	full-splice_match	YES	33.47	27.35	36.72
PB.22910.1	Protein_PB.22910.1	XRCC6	XRCC6	full-splice_match	YES	92.68	98.45	88.23
PB.22911.1	Protein_PB.22911.1	CSDC2	CSDC2	full-splice_match	YES	83.93	110.24	71.94
PB.22911.2	Protein_PB.22911.2	CSDC2	CSDC2	full-splice_match	YES	44.29	29.32	12.4
PB.22912.16	Protein_PB.22912.16	ACO2	ACO2	full-splice_match	YES	319.55	303.83	453.76
PB.22912.2	Protein_PB.22912.2	ACO2	ACO2	novel_in_catalog	YES	32.38	17.71	17.3
PB.22912.20	Protein_PB.22912.20	ACO2	ACO2	novel_in_catalog	YES	68.96	117.55	225.46
PB.22912.22	Protein_PB.22912.22	ACO2	ACO2	novel_not_in_catalog	YES	44.08	66.37	49.48
PB.22912.4	Protein_PB.22912.4	ACO2	ACO2	full-splice_match	YES	8229.19	8749.4	5694.13
PB.22912.8	Protein_PB.22912.8	ACO2	ACO2	novel_not_in_catalog	YES	42.76	48.86	60.39
PB.22913.1		LOC113241731	LOC113241731	full-splice_match	NO	4.06	3.51	18.99
PB.22914.1	Protein_PB.22914.1	TEF	TEF	novel_not_in_catalog	YES	17.51	14.04	16.43
PB.22914.2	Protein_PB.22914.2	TEF	TEF	full-splice_match	YES	42.78	34.42	53.35
PB.22914.4	Protein_PB.22914.4	TEF	TEF	full-splice_match	YES	52.3	37.57	68.12
PB.22914.5	Protein_PB.22914.5	TEF	TEF	novel_not_in_catalog	YES	148.06	104.38	94.51
PB.22914.6	Protein_PB.22914.6	TEF	TEF	full-splice_match	YES	623.94	599.14	716.76
PB.22915.1	Protein_PB.22915.1	ZC3H7B	ZC3H7B	full-splice_match	YES	126.71	125.54	82.27
PB.22915.3	Protein_PB.22915.3	ZC3H7B	ZC3H7B	full-splice_match	YES	172.36	143.01	114.34
PB.22916.2	Protein_PB.22916.2	L3MBTL2	L3MBTL2	novel_in_catalog	YES	33.43	22.45	34.33
PB.22916.3	Protein_PB.22916.3	L3MBTL2	L3MBTL2	novel_not_in_catalog	YES	57.37	45.89	37.17
PB.22917.1	Protein_PB.22917.1	EP300	EP300	full-splice_match	YES	277.88	212.52	305.27
PB.2292.2	Protein_PB.2292.2	MTIF2	MTIF2	full-splice_match	YES	142.34	175.05	142.12
PB.2292.3	Protein_PB.2292.3	MTIF2	MTIF2	full-splice_match	YES	99.29	86.0	19.76
PB.2292.4	Protein_PB.2292.4	MTIF2	MTIF2	incomplete-splice_match	YES	124.94	149.9	85.89
PB.2292.5	Protein_PB.2292.5	MTIF2	MTIF2	novel_not_in_catalog	YES	272.53	307.81	153.27
PB.2292.6	Protein_PB.2292.6	MTIF2	MTIF2	full-splice_match	YES	23.22	26.98	29.43
PB.22920.10	Protein_PB.22920.10	RBX1	RBX1	full-splice_match	YES	21.87	23.33	41.28
PB.22920.2	Protein_PB.22920.2	RBX1	RBX1	full-splice_match	YES	518.27	519.13	465.42
PB.22921.2	Protein_PB.22921.2	XPNPEP3	XPNPEP3	full-splice_match	YES	86.89	88.01	84.25
PB.22923.2	Protein_PB.22923.2	SGSM3	SGSM3	full-splice_match	YES	47.46	52.57	35.57
PB.22924.1	Protein_PB.22924.1	ADSL	ADSL	full-splice_match	YES	881.26	875.37	764.09
PB.22924.6	Protein_PB.22924.6	ADSL	ADSL	novel_in_catalog	YES	14.9	10.74	37.95
PB.22924.8	Protein_PB.22924.8	ADSL	ADSL	full-splice_match	YES	41.24	79.52	67.3
PB.22925.1	Protein_PB.22925.1	TNRC6B	TNRC6B	full-splice_match	YES	23.17	25.23	58.1
PB.22925.2	Protein_PB.22925.2	TNRC6B	TNRC6B	full-splice_match	YES	241.58	209.71	222.38
PB.22925.3	Protein_PB.22925.3	TNRC6B	TNRC6B	full-splice_match	YES	19.87	36.08	44.44
PB.22926.1	Protein_PB.22926.1	LOC113241751	LOC113241751	novel_not_in_catalog	YES	20.71	14.71	17.26
PB.22931.1	Protein_PB.22931.1	ATF4	ATF4	full-splice_match	YES	2565.49	2642.12	3344.2
PB.22931.2	Protein_PB.22931.2	MIEF1	MIEF1	incomplete-splice_match	YES	1819.15	1913.08	2323.69
PB.22931.3	Protein_PB.22931.3	MIEF1	MIEF1	novel_not_in_catalog	YES	27.96	27.27	50.87
PB.22931.5	Protein_PB.22931.5	MIEF1	MIEF1	novel_not_in_catalog	YES	7.17	9.52	22.45
PB.22931.7	Protein_PB.22931.7	MIEF1	MIEF1	novel_not_in_catalog	YES	119.39	144.9	134.79
PB.22933.1	Protein_PB.22933.1	TAB1	TAB1	novel_not_in_catalog	YES	27.4	19.69	9.45
PB.22933.3	Protein_PB.22933.3	TAB1	TAB1	full-splice_match	YES	29.29	31.4	46.2
PB.22933.4	Protein_PB.22933.4	TAB1	TAB1	full-splice_match	YES	200.62	181.65	216.45
PB.22934.2	Protein_PB.22934.2	SYNGR1	SYNGR1	novel_in_catalog	YES	190.41	196.86	160.87
PB.22939.1	Protein_PB.22939.1	GTPBP1	GTPBP1	full-splice_match	YES	86.91	87.82	68.71
PB.22940.1	Protein_PB.22940.1	TOMM22	TOMM22	full-splice_match	YES	227.07	220.55	220.78
PB.22941.1	Protein_PB.22941.1	CBY1	CBY1	full-splice_match	YES	18.24	13.83	11.69
PB.22942.1	Protein_PB.22942.1	KDELR3	KDELR3	full-splice_match	YES	106.09	67.54	57.84
PB.22943.2	Protein_PB.22943.2	MAFF	MAFF	full-splice_match	YES	27.97	32.79	39.15
PB.22944.2	Protein_PB.22944.2	PICK1	PICK1	full-splice_match	YES	51.02	42.05	56.53
PB.22944.3	Protein_PB.22944.3	PICK1	PICK1	full-splice_match	YES	20.61	31.33	21.43
PB.22946.1	Protein_PB.22946.1	POLR2F	POLR2F	full-splice_match	YES	391.75	435.9	327.46
PB.22947.1	Protein_PB.22947.1	MICALL1	MICALL1	full-splice_match	YES	520.62	484.92	543.39
PB.22948.1	Protein_PB.22948.1	EIF3L	EIF3L	full-splice_match	YES	406.81	452.46	314.14
PB.22948.2	Protein_PB.22948.2	EIF3L	EIF3L	full-splice_match	YES	1094.05	1056.45	1293.06
PB.22948.4	Protein_PB.22948.4	EIF3L	EIF3L	novel_not_in_catalog	YES	21.09	27.42	39.87
PB.22948.5	Protein_PB.22948.5	EIF3L	EIF3L	novel_in_catalog	YES	323.83	276.82	753.87
PB.22948.9	Protein_PB.22948.9	EIF3L	EIF3L	novel_not_in_catalog	YES	21.43	29.04	21.11
PB.22950.1	Protein_PB.22950.1	GCAT	GCAT	full-splice_match	YES	45.73	65.41	23.69
PB.22951.1	Protein_PB.22951.1	LOC113241797	LOC113241797	full-splice_match	YES	458.64	385.74	334.03
PB.22952.1	Protein_PB.22952.1	TRIOBP	TRIOBP	novel_in_catalog	YES	127.09	91.58	119.5
PB.22952.11	Protein_PB.22952.11	NOL12	NOL12	novel_not_in_catalog	YES	65.54	47.64	64.87
PB.22952.13	Protein_PB.22952.13	NOL12	NOL12	novel_in_catalog	YES	10.85	21.38	18.82
PB.22952.5	Protein_PB.22952.5	NOL12	NOL12	full-splice_match	YES	50.54	51.22	74.88
PB.22952.8	Protein_PB.22952.8	NOL12	NOL12	full-splice_match	YES	23.36	24.15	14.83
PB.22953.2	Protein_PB.22953.2	LGALS1	LGALS1	full-splice_match	YES	2700.63	2981.13	3041.53
PB.22954.1	Protein_PB.22954.1	PDXP	PDXP	full-splice_match	YES	26.24	23.16	30.61
PB.22956.1	Protein_PB.22956.1	GGA1	GGA1	full-splice_match	YES	118.91	180.87	148.52
PB.22956.2	Protein_PB.22956.2	GGA1	GGA1	full-splice_match	YES	180.86	176.19	108.03
PB.22956.3	Protein_PB.22956.3	GGA1	GGA1	novel_in_catalog	YES	79.35	54.18	139.71
PB.22957.1	Protein_PB.22957.1	CDC42EP1	CDC42EP1	full-splice_match	YES	59.72	49.35	41.28
PB.22958.1	Protein_PB.22958.1	CYTH4	CYTH4	full-splice_match	YES	34.66	19.7	27.32
PB.22961.1	Protein_PB.22961.1	SLC9A6	SLC9A6	full-splice_match	YES	122.13	89.23	108.84
PB.22962.1	Protein_PB.22962.1	FHL1	FHL1	novel_in_catalog	YES	152.2	101.54	181.92
PB.22962.14	Protein_PB.22962.14	FHL1	FHL1	novel_not_in_catalog	YES	17.8	102.79	26.41
PB.22962.16	Protein_PB.22962.16	FHL1	FHL1	novel_not_in_catalog	YES	19.58	15.22	29.22
PB.22962.17	Protein_PB.22962.17	FHL1	FHL1	full-splice_match	YES	82.22	91.07	199.96
PB.22962.18	Protein_PB.22962.18	FHL1	FHL1	full-splice_match	YES	48717.1	54518.54	48117.68
PB.22962.19	Protein_PB.22962.19	FHL1	FHL1	novel_not_in_catalog	YES	168.16	136.34	132.2
PB.22962.20	Protein_PB.22962.20	FHL1	FHL1	novel_not_in_catalog	YES	54.31	189.04	106.08
PB.22962.21	Protein_PB.22962.21	FHL1	FHL1	novel_in_catalog	YES	181.75	92.15	395.64
PB.22962.22	Protein_PB.22962.22	FHL1	FHL1	novel_in_catalog	YES	84.33	80.67	90.37
PB.22962.24	Protein_PB.22962.24	FHL1	FHL1	novel_in_catalog	YES	390.15	470.15	860.83
PB.22962.25	Protein_PB.22962.25	FHL1	FHL1	novel_not_in_catalog	YES	167.37	126.25	156.06
PB.22962.26	Protein_PB.22962.26	FHL1	FHL1	novel_in_catalog	YES	115.93	92.71	147.59
PB.22962.27	Protein_PB.22962.27	FHL1	FHL1	novel_not_in_catalog	YES	399.32	366.62	636.4
PB.22962.28	Protein_PB.22962.28	FHL1	FHL1	novel_not_in_catalog	YES	179.33	163.74	183.98
PB.22962.29	Protein_PB.22962.29	FHL1	FHL1	novel_not_in_catalog	YES	130.04	92.15	146.47
PB.22962.32	Protein_PB.22962.32	FHL1	FHL1	novel_not_in_catalog	YES	83.34	48.58	76.47
PB.22962.33	Protein_PB.22962.33	FHL1	FHL1	novel_not_in_catalog	YES	119.28	135.95	167.14
PB.22962.36	Protein_PB.22962.36	FHL1	FHL1	novel_not_in_catalog	YES	14.03	16.04	19.03
PB.22962.37	Protein_PB.22962.37	FHL1	FHL1	novel_not_in_catalog	YES	241.42	303.53	250.1
PB.22962.38	Protein_PB.22962.38	FHL1	FHL1	novel_in_catalog	YES	76.71	29.58	36.93
PB.22962.48	Protein_PB.22962.48	FHL1	FHL1	novel_not_in_catalog	YES	25.54	42.17	27.4
PB.22962.52	Protein_PB.22962.52	FHL1	FHL1	novel_not_in_catalog	YES	6762.84	8538.19	7408.21
PB.22962.56	Protein_PB.22962.56	FHL1	FHL1	novel_not_in_catalog	YES	10.67	39.37	29.25
PB.22962.59	Protein_PB.22962.59	FHL1	FHL1	novel_not_in_catalog	YES	382.55	229.42	390.22
PB.22962.64	Protein_PB.22962.64	FHL1	FHL1	novel_not_in_catalog	YES	53.76	45.06	90.77
PB.22962.68	Protein_PB.22962.68	FHL1	FHL1	novel_in_catalog	YES	937.39	1071.86	1391.0
PB.22962.71	Protein_PB.22962.71	FHL1	FHL1	novel_not_in_catalog	YES	110.78	79.87	132.59
PB.22962.75	Protein_PB.22962.75	FHL1	FHL1	novel_not_in_catalog	YES	40.48	27.4	27.92
PB.22962.79	Protein_PB.22962.79	FHL1	FHL1	novel_not_in_catalog	YES	70.99	82.79	68.44
PB.22962.81	Protein_PB.22962.81	FHL1	FHL1	incomplete-splice_match	YES	65.6	61.15	69.76
PB.22962.9	Protein_PB.22962.9	FHL1	FHL1	novel_not_in_catalog	YES	17.51	13.27	26.9
PB.22962.92		FHL1	FHL1	incomplete-splice_match	NO	51.22	46.32	98.9
PB.22965.1	Protein_PB.22965.1	HTATSF1	HTATSF1	full-splice_match	YES	69.77	138.4	236.04
PB.22965.2	Protein_PB.22965.2	HTATSF1	HTATSF1	full-splice_match	YES	160.33	128.11	141.69
PB.22965.4	Protein_PB.22965.4	HTATSF1	HTATSF1	incomplete-splice_match	YES	615.28	580.71	735.09
PB.22965.5	Protein_PB.22965.5	HTATSF1	HTATSF1	incomplete-splice_match	YES	73.31	114.84	202.02
PB.2297.1	Protein_PB.2297.1	RTN4	RTN4	full-splice_match	YES	114.64	76.0	130.57
PB.2297.13		RTN4	RTN4	novel_not_in_catalog	NO	19.45	19.08	24.86
PB.2297.14	Protein_PB.2297.14	RTN4	RTN4	novel_in_catalog	YES	2.71	5.7	20.26
PB.2297.16		RTN4	RTN4	novel_not_in_catalog	NO	5.44	5.74	17.52
PB.2297.18	Protein_PB.2297.18	RTN4	RTN4	novel_not_in_catalog	YES	91.09	74.4	108.24
PB.2297.5	Protein_PB.2297.5	RTN4	RTN4	incomplete-splice_match	YES	24.26	26.08	81.68
PB.2297.6	Protein_PB.2297.6	RTN4	RTN4	novel_in_catalog	YES	256.53	292.49	190.98
PB.2297.9	Protein_PB.2297.9	RTN4	RTN4	full-splice_match	YES	4905.44	5109.97	4556.04
PB.22981.1	Protein_PB.22981.1	LDOC1	LDOC1	full-splice_match	YES	29.25	32.37	31.71
PB.22995.1	Protein_PB.22995.1	FMR1	FMR1	full-splice_match	YES	9.14	12.84	23.12
PB.22995.14	Protein_PB.22995.14	FMR1	FMR1	full-splice_match	YES	13.55	21.03	12.42
PB.22995.7	Protein_PB.22995.7	FMR1	FMR1	full-splice_match	YES	23.07	7.62	23.94
PB.23.6	Protein_PB.23.6	POFUT2	POFUT2	full-splice_match	YES	82.78	54.35	65.79
PB.23001.1	Protein_PB.23001.1	CUNHXorf40A	CUNHXorf40A	full-splice_match	YES	50.7	52.76	54.28
PB.23003.2	Protein_PB.23003.2	MMGT1	MMGT1	full-splice_match	YES	61.28	51.32	58.42
PB.23003.3		MMGT1	MMGT1	novel_in_catalog	NO	91.09	90.59	68.5
PB.23005.1	Protein_PB.23005.1	MAP7D3	MAP7D3	full-splice_match	YES	50.78	40.45	10.47
PB.23005.13	Protein_PB.23005.13	MAP7D3	MAP7D3	novel_in_catalog	YES	47.33	22.06	31.59
PB.23005.17	Protein_PB.23005.17	MAP7D3	MAP7D3	full-splice_match	YES	9.3	12.36	41.69
PB.23005.3	Protein_PB.23005.3	MAP7D3	MAP7D3	full-splice_match	YES	6.24	0.0	19.02
PB.23005.8	Protein_PB.23005.8	MAP7D3	MAP7D3	novel_in_catalog	YES	48.48	50.41	66.75
PB.23007.1	Protein_PB.23007.1	ARHGEF6	ARHGEF6	full-splice_match	YES	172.72	151.8	61.24
PB.23007.2	Protein_PB.23007.2	ARHGEF6	ARHGEF6	full-splice_match	YES	65.05	61.86	81.28
PB.23007.4	Protein_PB.23007.4	ARHGEF6	ARHGEF6	full-splice_match	YES	50.57	43.45	138.58
PB.23007.6	Protein_PB.23007.6	ARHGEF6	ARHGEF6	novel_in_catalog	YES	49.25	15.63	33.53
PB.23008.1	Protein_PB.23008.1	RBMX	RBMX	novel_not_in_catalog	YES	114.49	139.87	143.03
PB.23008.10	Protein_PB.23008.10	RBMX	RBMX	novel_not_in_catalog	YES	80.56	40.03	34.04
PB.23008.11	Protein_PB.23008.11	RBMX	RBMX	full-splice_match	YES	451.5	427.1	435.64
PB.23008.4	Protein_PB.23008.4	RBMX	RBMX	novel_not_in_catalog	YES	43.8	30.72	21.76
PB.23008.5	Protein_PB.23008.5	RBMX	RBMX	novel_not_in_catalog	YES	18.26	21.43	18.45
PB.23012.2	Protein_PB.23012.2	FGF13	FGF13	full-splice_match	YES	176.34	162.49	217.35
PB.23015.2	Protein_PB.23015.2	ATP11C	ATP11C	full-splice_match	YES	47.44	24.74	75.14
PB.23015.4	Protein_PB.23015.4	ATP11C	ATP11C	full-splice_match	YES	23.73	20.86	18.45
PB.23031.1	Protein_PB.23031.1	IDS	IDS	full-splice_match	YES	37.82	50.17	6.83
PB.23031.2	Protein_PB.23031.2	IDS	IDS	full-splice_match	YES	357.62	349.65	437.99
PB.23031.6	Protein_PB.23031.6	IDS	IDS	novel_not_in_catalog	YES	19.57	36.23	32.38
PB.23034.10	Protein_PB.23034.10	TMEM185A	TMEM185A	full-splice_match	YES	223.81	221.04	247.89
PB.23034.2	Protein_PB.23034.2	TMEM185A	TMEM185A	novel_not_in_catalog	YES	32.73	41.02	64.81
PB.23034.3	Protein_PB.23034.3	TMEM185A	TMEM185A	full-splice_match	YES	63.57	41.19	18.96
PB.23034.5	Protein_PB.23034.5	TMEM185A	TMEM185A	novel_in_catalog	YES	35.07	28.78	5.64
PB.23038.1	Protein_PB.23038.1	SPG11	SPG11	full-splice_match	YES	45.53	35.4	95.14
PB.23038.2	Protein_PB.23038.2	SPG11	SPG11	full-splice_match	YES	519.82	504.84	488.5
PB.23038.4	Protein_PB.23038.4	SPG11	SPG11	novel_in_catalog	YES	21.74	38.16	28.76
PB.23038.6	Protein_PB.23038.6	SPG11	SPG11	incomplete-splice_match	YES	59.31	62.18	34.19
PB.2304.1	Protein_PB.2304.1	PSME4	PSME4	full-splice_match	YES	1437.49	2502.85	1267.93
PB.2304.2	Protein_PB.2304.2	PSME4	PSME4	novel_not_in_catalog	YES	644.86	1120.23	686.27
PB.2304.3	Protein_PB.2304.3	PSME4	PSME4	incomplete-splice_match	YES	113.1	257.68	165.63
PB.2304.4	Protein_PB.2304.4	PSME4	PSME4	novel_in_catalog	YES	14.19	22.42	9.6
PB.23041.2	Protein_PB.23041.2	MFAP1	MFAP1	full-splice_match	YES	176.01	186.22	187.18
PB.23046.12	Protein_PB.23046.12	PPIP5K1	PPIP5K1	novel_not_in_catalog	YES	5.68	67.49	55.45
PB.23046.15	Protein_PB.23046.15	PPIP5K1	PPIP5K1	novel_not_in_catalog	YES	206.63	215.91	111.69
PB.23046.18	Protein_PB.23046.18	PPIP5K1	PPIP5K1	novel_not_in_catalog	YES	41.51	55.97	11.85
PB.23048.5	Protein_PB.23048.5	TP53BP1	TP53BP1	full-splice_match	YES	148.49	145.41	154.71
PB.23048.6	Protein_PB.23048.6	TP53BP1	TP53BP1	full-splice_match	YES	40.07	70.38	67.8
PB.23049.1	Protein_PB.23049.1	ZSCAN29	ZSCAN29	novel_in_catalog	YES	20.49	18.25	26.14
PB.23049.3	Protein_PB.23049.3	ZSCAN29	ZSCAN29	full-splice_match	YES	41.87	26.13	59.65
PB.23049.5	Protein_PB.23049.5	ZSCAN29	ZSCAN29	full-splice_match	YES	26.11	51.99	35.4
PB.23049.6	Protein_PB.23049.6	ZSCAN29	ZSCAN29	novel_in_catalog	YES	12.09	9.4	19.27
PB.23054.1	Protein_PB.23054.1	UBR1	UBR1	full-splice_match	YES	156.85	198.37	198.57
PB.23054.3	Protein_PB.23054.3	UBR1	UBR1	full-splice_match	YES	317.7	253.85	283.3
PB.23056.1	Protein_PB.23056.1	TTBK2	TTBK2	full-splice_match	YES	89.41	94.14	125.82
PB.23056.2	Protein_PB.23056.2	TTBK2	TTBK2	full-splice_match	YES	91.03	90.1	127.23
PB.23056.3	Protein_PB.23056.3	TTBK2	TTBK2	full-splice_match	YES	20.46	10.71	11.68
PB.23058.1	Protein_PB.23058.1	CDAN1	CDAN1	novel_in_catalog	YES	25.1	25.89	12.76
PB.23058.4	Protein_PB.23058.4	CDAN1	CDAN1	full-splice_match	YES	21.73	13.41	12.93
PB.23058.7	Protein_PB.23058.7	CDAN1	CDAN1	full-splice_match	YES	22.44	6.11	29.98
PB.23059.3	Protein_PB.23059.3	LRRC57	LRRC57	full-splice_match	YES	71.65	84.11	73.12
PB.23059.7	Protein_PB.23059.7	LRRC57	LRRC57	full-splice_match	YES	25.11	0.0	6.77
PB.2306.2	Protein_PB.2306.2	ASB3	ASB3	full-splice_match	YES	38.11	17.08	24.24
PB.2306.4	Protein_PB.2306.4	ASB3	ASB3	novel_not_in_catalog	YES	22.62	18.95	28.39
PB.2306.6	Protein_PB.2306.6	ASB3	ASB3	full-splice_match	YES	14.13	29.45	36.07
PB.23060.1	Protein_PB.23060.1	ZNF106	ZNF106	full-splice_match	YES	3971.56	3905.76	3891.38
PB.23060.10	Protein_PB.23060.10	ZNF106	ZNF106	novel_not_in_catalog	YES	47.04	93.88	185.46
PB.23060.11	Protein_PB.23060.11	ZNF106	ZNF106	novel_not_in_catalog	YES	313.99	278.43	1178.67
PB.23060.12	Protein_PB.23060.12	ZNF106	ZNF106	incomplete-splice_match	YES	2348.42	2807.3	2437.57
PB.23060.2	Protein_PB.23060.2	ZNF106	ZNF106	full-splice_match	YES	283.7	145.35	149.19
PB.23060.3	Protein_PB.23060.3	ZNF106	ZNF106	full-splice_match	YES	373.87	386.15	327.82
PB.23060.4	Protein_PB.23060.4	ZNF106	ZNF106	incomplete-splice_match	YES	3030.82	3445.8	3032.98
PB.23060.6	Protein_PB.23060.6	ZNF106	ZNF106	incomplete-splice_match	YES	1231.88	1665.14	1986.17
PB.23060.7	Protein_PB.23060.7	ZNF106	ZNF106	novel_not_in_catalog	YES	380.56	413.77	518.69
PB.23060.8	Protein_PB.23060.8	ZNF106	ZNF106	incomplete-splice_match	YES	9689.15	12316.96	10475.47
PB.23060.9	Protein_PB.23060.9	ZNF106	ZNF106	novel_not_in_catalog	YES	3686.26	4396.65	4100.21
PB.23061.1		LOC113241995	LOC113241995	novel_not_in_catalog	NO	35.85	36.32	50.79
PB.23061.3		LOC113241995	LOC113241995	full-splice_match	NO	35.83	25.12	20.87
PB.23062.14	Protein_PB.23062.14	TMEM87A	TMEM87A	novel_in_catalog	YES	31.89	31.86	18.6
PB.23062.2	Protein_PB.23062.2	TMEM87A	TMEM87A	full-splice_match	YES	12.89	26.37	15.94
PB.23062.3	Protein_PB.23062.3	TMEM87A	TMEM87A	full-splice_match	YES	57.53	53.34	83.15
PB.23062.5	Protein_PB.23062.5	TMEM87A	TMEM87A	novel_in_catalog	YES	40.31	56.69	25.09
PB.23062.6	Protein_PB.23062.6	TMEM87A	TMEM87A	full-splice_match	YES	12.03	10.05	17.11
PB.23062.7	Protein_PB.23062.7	TMEM87A	TMEM87A	incomplete-splice_match	YES	39.46	57.77	53.8
PB.23062.9	Protein_PB.23062.9	TMEM87A	TMEM87A	novel_in_catalog	YES	75.26	39.0	80.56
PB.23064.1	Protein_PB.23064.1	VPS39	VPS39	full-splice_match	YES	169.16	134.69	154.46
PB.23068.1	Protein_PB.23068.1	EHD4	EHD4	full-splice_match	YES	73.37	38.67	63.36
PB.23072.10	Protein_PB.23072.10	RPAP1	RPAP1	full-splice_match	YES	31.49	56.04	31.48
PB.23072.3	Protein_PB.23072.3	RPAP1	RPAP1	full-splice_match	YES	86.98	75.96	84.03
PB.23074.1	Protein_PB.23074.1	NDUFAF1	NDUFAF1	full-splice_match	YES	424.88	467.93	310.6
PB.23077.3	Protein_PB.23077.3	INO80	INO80	full-splice_match	YES	290.87	284.8	303.46
PB.23081.1	Protein_PB.23081.1	DNAJC17	DNAJC17	full-splice_match	YES	26.73	24.24	22.68
PB.23082.1	Protein_PB.23082.1	RMDN3	RMDN3	full-splice_match	YES	69.72	83.92	61.77
PB.23084.1	Protein_PB.23084.1	CCDC32	CCDC32	full-splice_match	YES	14.41	17.48	12.53
PB.23084.2	Protein_PB.23084.2	CCDC32	CCDC32	full-splice_match	YES	226.76	243.99	213.28
PB.23085.3	Protein_PB.23085.3	CCDC9B	CCDC9B	full-splice_match	YES	16.5	11.91	24.84
PB.23085.4	Protein_PB.23085.4	CCDC9B	CCDC9B	full-splice_match	YES	903.46	1029.94	835.4
PB.23085.5	Protein_PB.23085.5	CCDC9B	CCDC9B	full-splice_match	YES	101.0	85.32	77.23
PB.23089.2	Protein_PB.23089.2	BMF	BMF	novel_in_catalog	YES	20.91	9.69	8.43
PB.2309.1	Protein_PB.2309.1	NRXN1	NRXN1	full-splice_match	YES	23.04	17.81	17.27
PB.23090.1	Protein_PB.23090.1	SRP14	SRP14	full-splice_match	YES	731.85	791.75	583.68
PB.23102.2	Protein_PB.23102.2	DPH6	DPH6	full-splice_match	YES	27.33	24.31	25.97
PB.23102.4	Protein_PB.23102.4	DPH6	DPH6	full-splice_match	YES	20.41	18.06	26.24
PB.23105.1	Protein_PB.23105.1	ZNF770	ZNF770	novel_not_in_catalog	YES	116.12	176.66	73.55
PB.23105.2	Protein_PB.23105.2	ZNF770	ZNF770	full-splice_match	YES	587.6	654.17	697.59
PB.23105.3	Protein_PB.23105.3	ZNF770	ZNF770	full-splice_match	YES	21.53	20.98	38.45
PB.23105.4	Protein_PB.23105.4	ZNF770	ZNF770	novel_not_in_catalog	YES	37.82	52.09	26.66
PB.23106.1	Protein_PB.23106.1	AQR	AQR	full-splice_match	YES	220.11	224.04	206.83
PB.23109.2	Protein_PB.23109.2	ARHGAP11A	ARHGAP11A	full-splice_match	YES	10.32	8.36	26.33
PB.23112.1	Protein_PB.23112.1	RYR3	RYR3	full-splice_match	YES	66.56	157.0	83.51
PB.23115.2	Protein_PB.23115.2	EMC4	EMC4	full-splice_match	YES	316.08	340.75	286.8
PB.23125.1	Protein_PB.23125.1	B2M	B2M	full-splice_match	YES	174.69	117.42	252.51
PB.23125.2	Protein_PB.23125.2	B2M	B2M	novel_not_in_catalog	YES	1092.27	905.63	1583.74
PB.23125.3	Protein_PB.23125.3	B2M	B2M	novel_in_catalog	YES	1385.53	1184.03	1903.03
PB.23126.1	Protein_PB.23126.1	EIF3J	EIF3J	full-splice_match	YES	46.4	34.08	45.56
PB.23126.2	Protein_PB.23126.2	EIF3J	EIF3J	novel_in_catalog	YES	297.8	331.32	358.43
PB.23126.3	Protein_PB.23126.3	EIF3J	EIF3J	novel_in_catalog	YES	52.73	55.17	53.97
PB.23127.2	Protein_PB.23127.2	CTDSPL2	CTDSPL2	full-splice_match	YES	46.76	38.68	62.26
PB.23127.4	Protein_PB.23127.4	CTDSPL2	CTDSPL2	full-splice_match	YES	24.23	9.06	9.61
PB.23127.6	Protein_PB.23127.6	CTDSPL2	CTDSPL2	novel_not_in_catalog	YES	27.71	47.36	20.22
PB.23127.7	Protein_PB.23127.7	CTDSPL2	CTDSPL2	novel_not_in_catalog	YES	38.69	63.34	66.52
PB.23127.8	Protein_PB.23127.8	CTDSPL2	CTDSPL2	novel_in_catalog	YES	53.8	26.41	41.67
PB.23128.3	Protein_PB.23128.3	CASC4	CASC4	full-splice_match	YES	152.8	151.76	135.64
PB.23128.8	Protein_PB.23128.8	CASC4	CASC4	novel_in_catalog	YES	35.9	20.79	33.83
PB.23132.19	Protein_PB.23132.19	SERF2	SERF2	full-splice_match	YES	11.77	17.58	26.14
PB.23132.2	Protein_PB.23132.2	HYPK	HYPK	full-splice_match	YES	257.22	314.58	277.08
PB.23132.20	Protein_PB.23132.20	SERF2	SERF2	full-splice_match	YES	2842.17	2828.36	1249.65
PB.23132.21	Protein_PB.23132.21	SERF2	SERF2	full-splice_match	YES	17.24	28.62	26.58
PB.23134.1	Protein_PB.23134.1	PDIA3	PDIA3	full-splice_match	YES	76.67	70.81	66.41
PB.23134.2	Protein_PB.23134.2	PDIA3	PDIA3	novel_not_in_catalog	YES	89.22	73.32	80.8
PB.23134.3	Protein_PB.23134.3	PDIA3	PDIA3	incomplete-splice_match	YES	134.17	86.82	118.29
PB.23134.4	Protein_PB.23134.4	PDIA3	PDIA3	incomplete-splice_match	YES	12.37	23.94	22.5
PB.23136.1	Protein_PB.23136.1	MAP1A	MAP1A	full-splice_match	YES	327.22	197.74	254.96
PB.23136.2	Protein_PB.23136.2	MAP1A	MAP1A	incomplete-splice_match	YES	11.64	9.69	18.26
PB.23136.3	Protein_PB.23136.3	MAP1A	MAP1A	novel_not_in_catalog	YES	139.82	90.53	124.96
PB.23137.11	Protein_PB.23137.11	TUBGCP4	TUBGCP4	novel_not_in_catalog	YES	23.09	51.27	35.46
PB.23137.13	Protein_PB.23137.13	TUBGCP4	TUBGCP4	novel_not_in_catalog	YES	39.93	35.45	31.04
PB.23137.3	Protein_PB.23137.3	TUBGCP4	TUBGCP4	novel_in_catalog	YES	23.14	10.44	10.95
PB.23138.2	Protein_PB.23138.2	ADAL	ADAL	novel_in_catalog	YES	12.52	20.8	13.04
PB.23138.3	Protein_PB.23138.3	ADAL	ADAL	full-splice_match	YES	23.68	11.47	5.97
PB.23138.4	Protein_PB.23138.4	ADAL	ADAL	full-splice_match	YES	67.97	66.54	50.87
PB.23138.5	Protein_PB.23138.5	ADAL	ADAL	full-splice_match	YES	19.48	16.17	22.48
PB.2314.1	Protein_PB.2314.1	FBXO11	FBXO11	novel_not_in_catalog	YES	93.9	90.11	75.45
PB.2314.2	Protein_PB.2314.2	FBXO11	FBXO11	full-splice_match	YES	100.69	81.87	71.73
PB.2314.3	Protein_PB.2314.3	FBXO11	FBXO11	incomplete-splice_match	YES	105.73	102.56	93.03
PB.23140.2	Protein_PB.23140.2	CCNDBP1	CCNDBP1	full-splice_match	YES	12.02	17.52	10.44
PB.23140.5	Protein_PB.23140.5	CCNDBP1	CCNDBP1	full-splice_match	YES	280.83	292.01	256.95
PB.23140.6	Protein_PB.23140.6	CCNDBP1	CCNDBP1	novel_in_catalog	YES	10.07	7.53	23.6
PB.23141.10	Protein_PB.23141.10	TMEM62	TMEM62	novel_in_catalog	YES	12.74	19.38	10.35
PB.23141.11	Protein_PB.23141.11	TMEM62	TMEM62	novel_in_catalog	YES	19.47	25.32	15.27
PB.23141.12	Protein_PB.23141.12	TMEM62	TMEM62	full-splice_match	YES	17.95	1.24	6.66
PB.23141.2	Protein_PB.23141.2	TMEM62	TMEM62	full-splice_match	YES	2.55	20.68	2.87
PB.23141.3	Protein_PB.23141.3	TMEM62	TMEM62	full-splice_match	YES	28.49	1.8	0.17
PB.23141.9	Protein_PB.23141.9	TMEM62	TMEM62	novel_not_in_catalog	YES	23.06	32.24	19.94
PB.23143.3	Protein_PB.23143.3	STARD9	STARD9	full-splice_match	YES	233.61	155.58	242.83
PB.23143.5	Protein_PB.23143.5	STARD9	STARD9	novel_in_catalog	YES	16.9	16.92	15.03
PB.23144.3	Protein_PB.23144.3	HAUS2	HAUS2	full-splice_match	YES	36.33	32.58	31.24
PB.23145.2	Protein_PB.23145.2	SNAP23	SNAP23	novel_not_in_catalog	YES	47.27	77.71	52.92
PB.23145.4	Protein_PB.23145.4	SNAP23	SNAP23	full-splice_match	YES	41.58	37.23	34.75
PB.23145.5	Protein_PB.23145.5	SNAP23	SNAP23	full-splice_match	YES	56.63	50.0	39.62
PB.23145.6	Protein_PB.23145.6	SNAP23	SNAP23	novel_not_in_catalog	YES	20.59	50.48	39.03
PB.23145.7	Protein_PB.23145.7	SNAP23	SNAP23	novel_not_in_catalog	YES	150.97	110.48	124.46
PB.23145.8	Protein_PB.23145.8	SNAP23	SNAP23	novel_not_in_catalog	YES	14.16	19.43	6.98
PB.23147.1	Protein_PB.23147.1	CAPN3	CAPN3	novel_in_catalog	YES	14.18	14.62	24.14
PB.23147.2	Protein_PB.23147.2	CAPN3	CAPN3	full-splice_match	YES	505.17	535.35	352.13
PB.23147.4	Protein_PB.23147.4	CAPN3	CAPN3	full-splice_match	YES	72.81	78.33	30.06
PB.23147.7	Protein_PB.23147.7	CAPN3	CAPN3	full-splice_match	YES	3867.57	3885.07	2884.05
PB.23147.9	Protein_PB.23147.9	CAPN3	CAPN3	novel_in_catalog	YES	28.0	0.58	19.01
PB.23148.10	Protein_PB.23148.10	GANC	GANC	novel_not_in_catalog	YES	45.12	48.35	36.28
PB.23148.3	Protein_PB.23148.3	GANC	GANC	novel_not_in_catalog	YES	7.35	8.73	24.4
PB.23148.6	Protein_PB.23148.6	GANC	GANC	full-splice_match	YES	17.77	5.47	5.79
PB.23148.7	Protein_PB.23148.7	GANC	GANC	full-splice_match	YES	10.32	22.8	16.99
PB.23149.1	Protein_PB.23149.1	LOC113241998	LOC113241998	full-splice_match	YES	6.33	4.36	19.05
PB.23149.3	Protein_PB.23149.3	LOC113241998	LOC113241998	full-splice_match	YES	56.04	50.31	57.73
PB.23150.5	Protein_PB.23150.5	MAPKBP1	MAPKBP1	novel_not_in_catalog	YES	96.4	86.99	100.37
PB.23151.1	Protein_PB.23151.1	MGA	MGA	full-splice_match	YES	25.14	8.96	8.61
PB.23151.10	Protein_PB.23151.10	MGA	MGA	full-splice_match	YES	51.23	86.52	56.13
PB.23151.3	Protein_PB.23151.3	MGA	MGA	full-splice_match	YES	192.98	128.63	314.22
PB.23151.4	Protein_PB.23151.4	MGA	MGA	full-splice_match	YES	30.02	59.69	43.77
PB.23151.9	Protein_PB.23151.9	MGA	MGA	full-splice_match	YES	620.83	603.21	668.27
PB.23154.1	Protein_PB.23154.1	RTF1	RTF1	full-splice_match	YES	482.01	483.44	471.6
PB.23156.1		LOC113242011	LOC113242011	full-splice_match	NO	1211.46	1379.26	1477.56
PB.23156.2	Protein_PB.23156.2	LOC113242011	LOC113242011	novel_not_in_catalog	YES	640.58	810.71	451.98
PB.23156.3		LOC113242011	LOC113242011	novel_in_catalog	NO	60.04	97.39	27.18
PB.23156.4		LOC113242011	LOC113242011	novel_not_in_catalog	NO	377.04	413.48	336.03
PB.23156.6		LOC113242011	LOC113242011	novel_not_in_catalog	NO	66.85	63.53	47.42
PB.23157.1	Protein_PB.23157.1	CHP1	CHP1	full-splice_match	YES	194.35	178.51	132.83
PB.23157.3	Protein_PB.23157.3	CHP1	CHP1	novel_not_in_catalog	YES	29.69	47.46	36.06
PB.2316.1	Protein_PB.2316.1	CALM2	CALM2	full-splice_match	YES	797.23	884.06	949.23
PB.23160.5	Protein_PB.23160.5	DLL4	DLL4	full-splice_match	YES	97.52	62.05	55.37
PB.23161.1	Protein_PB.23161.1	VPS18	VPS18	full-splice_match	YES	97.37	93.43	100.44
PB.23163.1	Protein_PB.23163.1	ZFYVE19	ZFYVE19	novel_in_catalog	YES	63.14	54.48	54.08
PB.23165.1	Protein_PB.23165.1	CUNH15orf62	CUNH15orf62	full-splice_match	YES	22.6	17.58	23.12
PB.23166.1	Protein_PB.23166.1	GCHFR	GCHFR	full-splice_match	YES	46.35	45.98	25.05
PB.23169.1	Protein_PB.23169.1	RPUSD2	RPUSD2	full-splice_match	YES	53.25	48.67	50.53
PB.23171.1	Protein_PB.23171.1	CHST14	CHST14	full-splice_match	YES	24.49	18.47	28.65
PB.23172.3	Protein_PB.23172.3	BAHD1	BAHD1	full-splice_match	YES	15.91	23.79	28.99
PB.23173.1	Protein_PB.23173.1	IVD	IVD	full-splice_match	YES	291.53	334.61	135.59
PB.23173.2	Protein_PB.23173.2	IVD	IVD	full-splice_match	YES	45.96	41.19	20.54
PB.23173.3	Protein_PB.23173.3	IVD	IVD	novel_in_catalog	YES	48.75	64.95	38.4
PB.23177.2	Protein_PB.23177.2	INAFM2	INAFM2	full-splice_match	YES	47.54	49.43	52.78
PB.23180.2	Protein_PB.23180.2	EIF2AK4	EIF2AK4	full-splice_match	YES	110.66	82.95	75.92
PB.23180.5	Protein_PB.23180.5	EIF2AK4	EIF2AK4	full-splice_match	YES	9.84	34.84	50.12
PB.23183.1	Protein_PB.23183.1	THBS1	THBS1	full-splice_match	YES	1315.71	658.86	1495.37
PB.23187.1	Protein_PB.23187.1	FAM98B	FAM98B	full-splice_match	YES	53.42	58.73	50.27
PB.23188.1	Protein_PB.23188.1	SPRED1	SPRED1	full-splice_match	YES	118.83	94.57	108.6
PB.232.1	Protein_PB.232.1	COL8A1	COL8A1	full-splice_match	YES	139.22	58.01	66.02
PB.2320.2	Protein_PB.2320.2	MCFD2	MCFD2	full-splice_match	YES	92.61	104.72	83.14
PB.2320.4	Protein_PB.2320.4	MCFD2	MCFD2	full-splice_match	YES	75.13	82.44	95.2
PB.23200.1	Protein_PB.23200.1	FMN1	FMN1	full-splice_match	YES	26.95	77.69	59.33
PB.23200.2	Protein_PB.23200.2	FMN1	FMN1	full-splice_match	YES	26.37	62.19	18.63
PB.23202.1	Protein_PB.23202.1	AVEN	AVEN	full-splice_match	YES	577.47	529.57	533.94
PB.23202.2	Protein_PB.23202.2	AVEN	AVEN	incomplete-splice_match	YES	130.86	97.37	107.46
PB.23203.1	Protein_PB.23203.1	EMC7	EMC7	novel_in_catalog	YES	13.63	12.49	23.63
PB.23203.2	Protein_PB.23203.2	EMC7	EMC7	full-splice_match	YES	220.56	256.49	300.21
PB.23205.1	Protein_PB.23205.1	KATNBL1	KATNBL1	full-splice_match	YES	37.08	30.38	39.82
PB.23205.3	Protein_PB.23205.3	KATNBL1	KATNBL1	novel_not_in_catalog	YES	9.46	13.73	20.63
PB.23207.1	Protein_PB.23207.1	SLC12A6	SLC12A6	full-splice_match	YES	249.24	238.38	197.97
PB.23207.2	Protein_PB.23207.2	SLC12A6	SLC12A6	novel_in_catalog	YES	16.99	13.25	19.48
PB.23207.4	Protein_PB.23207.4	SLC12A6	SLC12A6	full-splice_match	YES	60.38	73.4	84.35
PB.23207.5	Protein_PB.23207.5	SLC12A6	SLC12A6	full-splice_match	YES	7.21	14.8	20.1
PB.23208.1		NOP10	NOP10	full-splice_match	NO	367.68	409.46	372.05
PB.2321.1	Protein_PB.2321.1	LOC113246051	LOC113246051	full-splice_match	YES	19.64	13.55	23.88
PB.23212.1		LOC113242144	LOC113242144	novel_in_catalog	NO	17.52	16.02	17.66
PB.23212.2	Protein_PB.23212.2	LOC113242144	LOC113242144	full-splice_match	YES	4019.87	4926.68	2433.55
PB.23213.1	Protein_PB.23213.1	ATP7A	ATP7A	full-splice_match	YES	69.77	60.33	57.36
PB.23213.3	Protein_PB.23213.3	ATP7A	ATP7A	full-splice_match	YES	54.56	42.26	54.39
PB.23216.2	Protein_PB.23216.2	PGK1	PGK1	incomplete-splice_match	YES	44.3	23.28	17.96
PB.23216.3	Protein_PB.23216.3	PGK1	PGK1	novel_in_catalog	YES	1042.51	750.25	442.96
PB.23216.4	Protein_PB.23216.4	PGK1	PGK1	incomplete-splice_match	YES	4549.59	3347.02	2459.3
PB.23216.6	Protein_PB.23216.6	PGK1	PGK1	full-splice_match	YES	371.26	288.57	265.25
PB.23227.1	Protein_PB.23227.1	SH3BGRL	SH3BGRL	full-splice_match	YES	71.5	47.13	57.6
PB.23233.1	Protein_PB.23233.1	APOOL	APOOL	full-splice_match	YES	36.5	21.68	10.12
PB.23233.2	Protein_PB.23233.2	APOOL	APOOL	full-splice_match	YES	219.27	298.74	159.44
PB.23233.4	Protein_PB.23233.4	APOOL	APOOL	novel_not_in_catalog	YES	21.03	26.09	14.99
PB.23233.5	Protein_PB.23233.5	APOOL	APOOL	novel_in_catalog	YES	6.14	4.34	17.68
PB.2324.3		PIGF	PIGF	full-splice_match	NO	39.21	39.71	34.62
PB.23241.1	Protein_PB.23241.1	KLHL4	KLHL4	full-splice_match	YES	32.66	22.77	14.8
PB.23251.1	Protein_PB.23251.1	ATRX	ATRX	full-splice_match	YES	141.43	97.76	160.52
PB.23251.10	Protein_PB.23251.10	ATRX	ATRX	incomplete-splice_match	YES	65.46	60.79	79.13
PB.23251.11	Protein_PB.23251.11	ATRX	ATRX	incomplete-splice_match	YES	37.73	28.87	14.42
PB.23251.2	Protein_PB.23251.2	ATRX	ATRX	full-splice_match	YES	58.36	16.84	47.91
PB.23251.4	Protein_PB.23251.4	ATRX	ATRX	full-splice_match	YES	36.09	88.29	73.79
PB.23251.5	Protein_PB.23251.5	ATRX	ATRX	full-splice_match	YES	75.0	66.55	104.93
PB.23251.6	Protein_PB.23251.6	ATRX	ATRX	full-splice_match	YES	207.25	198.14	223.44
PB.23251.8	Protein_PB.23251.8	ATRX	ATRX	incomplete-splice_match	YES	70.88	60.47	66.39
PB.23252.1	Protein_PB.23252.1	MAGT1	MAGT1	novel_not_in_catalog	YES	37.12	26.88	31.52
PB.23252.3	Protein_PB.23252.3	MAGT1	MAGT1	full-splice_match	YES	139.42	211.09	186.03
PB.23254.5	Protein_PB.23254.5	TAF9B	TAF9B	full-splice_match	YES	66.64	81.65	103.08
PB.2326.2	Protein_PB.2326.2	SRBD1	SRBD1	full-splice_match	YES	36.86	15.66	9.85
PB.2326.3	Protein_PB.2326.3	SRBD1	SRBD1	full-splice_match	YES	24.29	68.52	46.71
PB.2326.6	Protein_PB.2326.6	SRBD1	SRBD1	incomplete-splice_match	YES	47.99	55.73	49.2
PB.23261.1	Protein_PB.23261.1	ITM2A	ITM2A	full-splice_match	YES	29.86	17.08	21.81
PB.23261.3	Protein_PB.23261.3	ITM2A	ITM2A	full-splice_match	YES	26.29	10.05	13.59
PB.23265.2	Protein_PB.23265.2	BRWD3	BRWD3	full-splice_match	YES	69.71	34.07	70.15
PB.23283.1	Protein_PB.23283.1	CHM	CHM	novel_not_in_catalog	YES	37.66	35.73	45.85
PB.23283.2	Protein_PB.23283.2	CHM	CHM	full-splice_match	YES	121.46	123.02	116.51
PB.23298.1	Protein_PB.23298.1	ARX	ARX	full-splice_match	YES	21.55	22.19	29.67
PB.2330.12	Protein_PB.2330.12	PREPL	PREPL	full-splice_match	YES	42.36	97.89	30.2
PB.2330.14	Protein_PB.2330.14	PREPL	PREPL	full-splice_match	YES	15.81	15.6	23.07
PB.2330.15	Protein_PB.2330.15	PREPL	PREPL	incomplete-splice_match	YES	6.11	16.0	68.11
PB.2330.2	Protein_PB.2330.2	PREPL	PREPL	full-splice_match	YES	142.46	152.71	203.39
PB.2330.4	Protein_PB.2330.4	PREPL	PREPL	full-splice_match	YES	20.2	32.26	77.34
PB.2330.6	Protein_PB.2330.6	PREPL	PREPL	novel_not_in_catalog	YES	0.0	0.0	17.3
PB.2330.8	Protein_PB.2330.8	PREPL	PREPL	novel_not_in_catalog	YES	111.14	100.81	132.76
PB.2330.9	Protein_PB.2330.9	PREPL	PREPL	novel_in_catalog	YES	54.65	55.73	104.59
PB.23304.1	Protein_PB.23304.1	KLHL15	KLHL15	full-splice_match	YES	89.58	114.5	126.5
PB.23304.2	Protein_PB.23304.2	KLHL15	KLHL15	full-splice_match	YES	48.71	45.62	52.29
PB.23305.1	Protein_PB.23305.1	APOO	APOO	full-splice_match	YES	27.43	24.6	35.32
PB.23305.3	Protein_PB.23305.3	APOO	APOO	full-splice_match	YES	492.04	499.71	283.84
PB.23306.10	Protein_PB.23306.10	ACOT9	ACOT9	full-splice_match	YES	15.95	21.97	14.06
PB.23306.11	Protein_PB.23306.11	ACOT9	ACOT9	full-splice_match	YES	174.35	126.76	173.17
PB.2331.1	Protein_PB.2331.1	LRPPRC	LRPPRC	full-splice_match	YES	1061.88	1282.97	1123.09
PB.2331.2	Protein_PB.2331.2	LRPPRC	LRPPRC	incomplete-splice_match	YES	1975.13	2163.42	1628.51
PB.2331.3	Protein_PB.2331.3	LRPPRC	LRPPRC	novel_not_in_catalog	YES	22.99	32.71	19.12
PB.2331.4	Protein_PB.2331.4	LRPPRC	LRPPRC	novel_in_catalog	YES	268.39	243.82	119.65
PB.2331.7	Protein_PB.2331.7	LRPPRC	LRPPRC	novel_in_catalog	YES	38.83	24.99	67.36
PB.2331.8	Protein_PB.2331.8	LRPPRC	LRPPRC	incomplete-splice_match	YES	1097.66	1166.59	783.99
PB.2331.9	Protein_PB.2331.9	LRPPRC	LRPPRC	incomplete-splice_match	YES	1503.56	1612.95	1236.1
PB.23313.2	Protein_PB.23313.2	SMPX	SMPX	novel_not_in_catalog	YES	18.23	15.29	16.33
PB.23313.3		SMPX	SMPX	novel_not_in_catalog	NO	6317.85	7137.84	5663.65
PB.23313.4		SMPX	SMPX	novel_not_in_catalog	NO	12.15	8.46	17.54
PB.23314.1	Protein_PB.23314.1	KLHL34	KLHL34	full-splice_match	YES	357.37	428.43	363.55
PB.23314.3		KLHL34	KLHL34	full-splice_match	NO	283.1	347.58	291.22
PB.23317.1	Protein_PB.23317.1	RPS6KA3	RPS6KA3	novel_not_in_catalog	YES	523.25	459.3	340.45
PB.23317.11	Protein_PB.23317.11	RPS6KA3	RPS6KA3	novel_in_catalog	YES	31.63	19.07	11.3
PB.23317.3	Protein_PB.23317.3	RPS6KA3	RPS6KA3	full-splice_match	YES	56.45	43.98	29.16
PB.23317.4	Protein_PB.23317.4	RPS6KA3	RPS6KA3	full-splice_match	YES	68.37	77.24	97.37
PB.23317.6	Protein_PB.23317.6	RPS6KA3	RPS6KA3	full-splice_match	YES	52.57	42.29	102.13
PB.23317.7	Protein_PB.23317.7	RPS6KA3	RPS6KA3	novel_in_catalog	YES	286.68	245.95	251.01
PB.23317.8	Protein_PB.23317.8	RPS6KA3	RPS6KA3	full-splice_match	YES	13.86	32.99	11.35
PB.23317.9	Protein_PB.23317.9	RPS6KA3	RPS6KA3	incomplete-splice_match	YES	238.69	266.05	321.56
PB.23318.1	Protein_PB.23318.1	EIF1AX	EIF1AX	full-splice_match	YES	273.78	343.5	459.65
PB.23318.3	Protein_PB.23318.3	EIF1AX	EIF1AX	novel_not_in_catalog	YES	4.59	13.69	28.68
PB.23318.4	Protein_PB.23318.4	EIF1AX	EIF1AX	novel_not_in_catalog	YES	263.43	254.25	263.59
PB.23318.5		EIF1AX	EIF1AX	incomplete-splice_match	NO	276.68	268.43	255.07
PB.23321.3	Protein_PB.23321.3	BCLAF3	BCLAF3	full-splice_match	YES	150.55	149.09	137.28
PB.23321.4	Protein_PB.23321.4	BCLAF3	BCLAF3	full-splice_match	YES	17.42	11.67	9.56
PB.23321.7	Protein_PB.23321.7	BCLAF3	BCLAF3	incomplete-splice_match	YES	8.79	10.8	19.77
PB.23323.1	Protein_PB.23323.1	SH3KBP1	SH3KBP1	full-splice_match	YES	72.53	102.39	104.0
PB.23323.4	Protein_PB.23323.4	SH3KBP1	SH3KBP1	novel_not_in_catalog	YES	28.05	37.76	26.87
PB.23335.3	Protein_PB.23335.3	RBBP7	RBBP7	full-splice_match	YES	533.24	540.7	576.09
PB.23335.6	Protein_PB.23335.6	RBBP7	RBBP7	full-splice_match	YES	47.38	61.06	39.75
PB.23337.1	Protein_PB.23337.1	CTPS2	CTPS2	novel_not_in_catalog	YES	14.22	22.99	12.85
PB.23337.2	Protein_PB.23337.2	CTPS2	CTPS2	full-splice_match	YES	28.38	29.25	30.68
PB.23340.2	Protein_PB.23340.2	AP1S2	AP1S2	full-splice_match	YES	222.73	233.99	282.06
PB.23340.4	Protein_PB.23340.4	AP1S2	AP1S2	novel_not_in_catalog	YES	40.66	42.53	42.16
PB.23340.5	Protein_PB.23340.5	AP1S2	AP1S2	full-splice_match	YES	138.16	123.25	79.16
PB.2335.3	Protein_PB.2335.3	THADA	THADA	full-splice_match	YES	108.92	101.95	113.98
PB.2335.7	Protein_PB.2335.7	THADA	THADA	novel_not_in_catalog	YES	14.9	27.17	18.89
PB.2335.8	Protein_PB.2335.8	THADA	THADA	novel_not_in_catalog	YES	70.16	108.91	89.59
PB.2335.9	Protein_PB.2335.9	THADA	THADA	novel_not_in_catalog	YES	23.33	21.25	21.74
PB.23351.1	Protein_PB.23351.1	POLA1	POLA1	full-splice_match	YES	151.47	147.64	143.4
PB.23351.3	Protein_PB.23351.3	POLA1	POLA1	incomplete-splice_match	YES	30.48	37.45	53.18
PB.23353.1	Protein_PB.23353.1	PDK3	PDK3	full-splice_match	YES	189.71	96.05	111.24
PB.23353.2	Protein_PB.23353.2	PDK3	PDK3	full-splice_match	YES	2.2	1.43	19.79
PB.23354.1	Protein_PB.23354.1	ZFX	ZFX	full-splice_match	YES	43.85	49.77	43.17
PB.23354.2	Protein_PB.23354.2	ZFX	ZFX	full-splice_match	YES	128.29	119.56	146.22
PB.23354.5	Protein_PB.23354.5	ZFX	ZFX	novel_in_catalog	YES	199.38	185.75	222.44
PB.23355.1	Protein_PB.23355.1	EIF2S3	EIF2S3	full-splice_match	YES	1832.79	2065.21	2702.82
PB.23355.2	Protein_PB.23355.2	EIF2S3	EIF2S3	novel_not_in_catalog	YES	66.31	75.88	137.02
PB.23356.2		SAT1	SAT1	novel_not_in_catalog	NO	18.89	14.31	18.38
PB.23357.1	Protein_PB.23357.1	PRDX4	PRDX4	full-splice_match	YES	126.9	105.08	161.72
PB.2336.1	Protein_PB.2336.1	ZFP36L2	ZFP36L2	full-splice_match	YES	363.84	294.83	400.7
PB.23362.1	Protein_PB.23362.1	PHEX	PHEX	full-splice_match	YES	161.0	152.48	179.43
PB.23363.1	Protein_PB.23363.1	SMS	SMS	full-splice_match	YES	499.63	510.26	325.44
PB.23364.1	Protein_PB.23364.1	MBTPS2	MBTPS2	full-splice_match	YES	13.47	15.17	22.51
PB.23364.2	Protein_PB.23364.2	MBTPS2	MBTPS2	full-splice_match	YES	50.68	58.47	49.66
PB.23365.1	Protein_PB.23365.1	CNKSR2	CNKSR2	full-splice_match	YES	40.27	36.31	52.22
PB.23368.12	Protein_PB.23368.12	PDHA1	PDHA1	novel_not_in_catalog	YES	256.56	258.18	643.75
PB.23368.13	Protein_PB.23368.13	PDHA1	PDHA1	novel_in_catalog	YES	16.69	15.51	21.51
PB.23368.4	Protein_PB.23368.4	PDHA1_LOC113242247	PDHA1_LOC113242247	fusion	YES	1608.17	1544.25	1592.89
PB.23368.8	Protein_PB.23368.8	PDHA1_LOC113242247	PDHA1_LOC113242247	full-splice_match	YES	6641.62	7011.3	3917.82
PB.23369.1	Protein_PB.23369.1	PPEF1	PPEF1	full-splice_match	YES	34.69	28.55	31.02
PB.23369.2	Protein_PB.23369.2	PPEF1	PPEF1	incomplete-splice_match	YES	42.55	90.72	45.61
PB.23370.3	Protein_PB.23370.3	CDKL5	CDKL5	full-splice_match	YES	24.9	16.19	28.17
PB.23380.2	Protein_PB.23380.2	TXLNG	TXLNG	full-splice_match	YES	69.01	67.45	75.94
PB.23381.1	Protein_PB.23381.1	SYAP1	SYAP1	full-splice_match	YES	111.94	89.02	132.77
PB.23381.2	Protein_PB.23381.2	SYAP1	SYAP1	novel_in_catalog	YES	17.54	28.86	17.95
PB.23381.3	Protein_PB.23381.3	SYAP1	SYAP1	novel_in_catalog	YES	28.36	16.9	34.75
PB.23388.10	Protein_PB.23388.10	ZRSR2	ZRSR2	incomplete-splice_match	YES	37.63	17.26	27.6
PB.23388.11	Protein_PB.23388.11	ZRSR2	ZRSR2	novel_not_in_catalog	YES	9.48	26.37	9.7
PB.23388.12	Protein_PB.23388.12	ZRSR2	ZRSR2	novel_not_in_catalog	YES	18.21	7.3	17.54
PB.23388.3	Protein_PB.23388.3	ZRSR2	ZRSR2	full-splice_match	YES	36.63	23.67	39.76
PB.23390.2		TIMM9	TIMM9	full-splice_match	NO	196.52	187.82	166.02
PB.23396.1	Protein_PB.23396.1	EXOC5	EXOC5	full-splice_match	YES	453.51	459.85	491.03
PB.23402.1	Protein_PB.23402.1	ATG14	ATG14	full-splice_match	YES	143.11	132.65	145.63
PB.23402.2	Protein_PB.23402.2	ATG14	ATG14	novel_not_in_catalog	YES	2.46	0.0	19.86
PB.23402.4	Protein_PB.23402.4	ATG14	ATG14	incomplete-splice_match	YES	35.34	40.34	30.02
PB.23407.2	Protein_PB.23407.2	WDHD1	WDHD1	full-splice_match	YES	71.89	72.93	68.78
PB.23407.4	Protein_PB.23407.4	WDHD1	WDHD1	incomplete-splice_match	YES	12.27	20.32	17.91
PB.23408.2	Protein_PB.23408.2	GCH1	GCH1	full-splice_match	YES	11.58	14.0	17.7
PB.23410.1	Protein_PB.23410.1	GMFB	GMFB	full-splice_match	YES	61.02	46.47	70.93
PB.23410.2	Protein_PB.23410.2	GMFB	GMFB	full-splice_match	YES	25.19	27.55	8.83
PB.23411.1	Protein_PB.23411.1	CNIH1	CNIH1	full-splice_match	YES	197.28	215.09	237.1
PB.23413.5	Protein_PB.23413.5	BMP4	BMP4	full-splice_match	YES	25.35	34.37	21.8
PB.23418.1	Protein_PB.23418.1	DDHD1	DDHD1	full-splice_match	YES	55.41	66.95	42.39
PB.2342.2	Protein_PB.2342.2	CNNM4	CNNM4	full-splice_match	YES	13.92	2.75	26.15
PB.2342.3	Protein_PB.2342.3	CNNM4	CNNM4	full-splice_match	YES	28.23	32.04	19.72
PB.23420.12	Protein_PB.23420.12	FERMT2	FERMT2	incomplete-splice_match	YES	213.71	177.09	243.65
PB.23420.14	Protein_PB.23420.14	FERMT2	FERMT2	novel_in_catalog	YES	14.62	5.69	21.83
PB.23420.4	Protein_PB.23420.4	FERMT2	FERMT2	novel_not_in_catalog	YES	107.81	73.6	180.58
PB.23420.5	Protein_PB.23420.5	FERMT2	FERMT2	novel_not_in_catalog	YES	607.12	614.43	581.76
PB.23420.9	Protein_PB.23420.9	FERMT2	FERMT2	novel_not_in_catalog	YES	8.79	3.27	22.34
PB.23423.7	Protein_PB.23423.7	GNPNAT1	GNPNAT1	full-splice_match	YES	34.45	53.3	26.68
PB.23423.8	Protein_PB.23423.8	GNPNAT1	GNPNAT1	full-splice_match	YES	16.4	10.74	17.85
PB.23424.1	Protein_PB.23424.1	ERO1A	ERO1A	full-splice_match	YES	12.84	15.68	24.58
PB.23424.3	Protein_PB.23424.3	ERO1A	ERO1A	full-splice_match	YES	53.62	53.78	48.96
PB.23425.1	Protein_PB.23425.1	TXNDC16	TXNDC16	full-splice_match	YES	14.73	16.78	12.33
PB.23425.4	Protein_PB.23425.4	TXNDC16	TXNDC16	full-splice_match	YES	18.89	19.4	17.51
PB.23425.6	Protein_PB.23425.6	TXNDC16	TXNDC16	novel_in_catalog	YES	10.69	20.87	17.37
PB.23428.1	Protein_PB.23428.1	NID2	NID2	full-splice_match	YES	37.3	18.96	5.87
PB.23428.2	Protein_PB.23428.2	NID2	NID2	full-splice_match	YES	19.17	29.23	19.33
PB.23428.3	Protein_PB.23428.3	NID2	NID2	full-splice_match	YES	38.75	14.39	13.79
PB.23428.4	Protein_PB.23428.4	NID2	NID2	full-splice_match	YES	52.3	25.82	16.98
PB.23428.7	Protein_PB.23428.7	NID2	NID2	incomplete-splice_match	YES	21.83	20.8	16.27
PB.2343.1	Protein_PB.2343.1	CNNM3	CNNM3	full-splice_match	YES	19.74	14.51	22.31
PB.2343.2	Protein_PB.2343.2	CNNM3	CNNM3	incomplete-splice_match	YES	55.58	37.29	59.39
PB.23433.1	Protein_PB.23433.1	DAAM1	DAAM1	full-splice_match	YES	223.89	183.47	225.36
PB.23433.2	Protein_PB.23433.2	DAAM1	DAAM1	incomplete-splice_match	YES	33.86	28.71	20.88
PB.23434.10	Protein_PB.23434.10	JKAMP	JKAMP	full-splice_match	YES	68.35	60.81	25.46
PB.23434.11	Protein_PB.23434.11	JKAMP	JKAMP	novel_not_in_catalog	YES	73.4	55.98	55.54
PB.23434.3	Protein_PB.23434.3	JKAMP	JKAMP	novel_not_in_catalog	YES	19.82	16.62	24.79
PB.23434.6	Protein_PB.23434.6	JKAMP	JKAMP	full-splice_match	YES	17.23	23.85	10.19
PB.23434.7	Protein_PB.23434.7	JKAMP	JKAMP	novel_not_in_catalog	YES	5.98	22.0	15.42
PB.23436.1	Protein_PB.23436.1	PCNX4	PCNX4	novel_in_catalog	YES	18.35	22.6	24.92
PB.23436.5	Protein_PB.23436.5	PCNX4	PCNX4	novel_in_catalog	YES	29.77	34.36	18.16
PB.23436.6	Protein_PB.23436.6	PCNX4	PCNX4	novel_in_catalog	YES	53.04	19.92	42.33
PB.23438.1	Protein_PB.23438.1	PPM1A	PPM1A	novel_not_in_catalog	YES	65.78	84.03	105.75
PB.23438.2	Protein_PB.23438.2	PPM1A	PPM1A	full-splice_match	YES	821.76	919.0	904.67
PB.23438.3	Protein_PB.23438.3	PPM1A	PPM1A	novel_not_in_catalog	YES	1208.79	1335.6	1246.1
PB.23438.5	Protein_PB.23438.5	PPM1A	PPM1A	novel_not_in_catalog	YES	179.41	223.75	191.78
PB.23438.6	Protein_PB.23438.6	PPM1A	PPM1A	incomplete-splice_match	YES	160.5	190.95	233.71
PB.2344.1	Protein_PB.2344.1	LOC113246689	LOC113246689	incomplete-splice_match	YES	147.16	154.88	156.64
PB.2344.2	Protein_PB.2344.2	LOC113246689	LOC113246689	incomplete-splice_match	YES	9.81	18.85	27.32
PB.2344.3	Protein_PB.2344.3	LOC113246689	LOC113246689	full-splice_match	YES	4342.15	5086.73	4017.26
PB.23440.1	Protein_PB.23440.1	MNAT1	MNAT1	novel_not_in_catalog	YES	29.07	33.69	38.01
PB.23440.2	Protein_PB.23440.2	MNAT1	MNAT1	novel_not_in_catalog	YES	202.74	210.69	192.8
PB.23440.3	Protein_PB.23440.3	MNAT1	MNAT1	full-splice_match	YES	60.04	60.29	60.2
PB.23443.1	Protein_PB.23443.1	PRKCH	PRKCH	novel_not_in_catalog	YES	53.75	36.63	33.89
PB.23443.3	Protein_PB.23443.3	PRKCH	PRKCH	full-splice_match	YES	63.12	47.52	57.46
PB.23446.1	Protein_PB.23446.1	HIF1A	HIF1A	incomplete-splice_match	YES	96.77	82.44	102.87
PB.23446.13	Protein_PB.23446.13	HIF1A	HIF1A	full-splice_match	YES	66.78	45.69	60.58
PB.23446.4	Protein_PB.23446.4	HIF1A	HIF1A	novel_in_catalog	YES	42.86	61.81	62.78
PB.23447.1	Protein_PB.23447.1	SNAPC1	SNAPC1	full-splice_match	YES	81.19	79.21	76.88
PB.23450.1	Protein_PB.23450.1	DACT1	DACT1	full-splice_match	YES	21.94	8.85	21.41
PB.23452.5	Protein_PB.23452.5	KIAA0586	KIAA0586	novel_not_in_catalog	YES	50.7	69.96	68.74
PB.23455.2	Protein_PB.23455.2	ARID4A	ARID4A	full-splice_match	YES	52.92	31.35	85.99
PB.23455.3	Protein_PB.23455.3	ARID4A	ARID4A	full-splice_match	YES	97.08	105.82	101.59
PB.23455.5	Protein_PB.23455.5	ARID4A	ARID4A	incomplete-splice_match	YES	14.52	12.99	23.77
PB.23457.1	Protein_PB.23457.1	PSMA3	PSMA3	full-splice_match	YES	559.24	618.87	635.02
PB.23457.3	Protein_PB.23457.3	PSMA3	PSMA3	novel_not_in_catalog	YES	12.0	6.67	16.92
PB.23458.1	Protein_PB.23458.1	ACTR10	ACTR10	full-splice_match	YES	132.86	157.22	116.31
PB.23458.2	Protein_PB.23458.2	ACTR10	ACTR10	novel_in_catalog	YES	292.51	349.58	299.12
PB.23460.1	Protein_PB.23460.1	NAA30	NAA30	full-splice_match	YES	381.11	378.13	366.62
PB.23462.4	Protein_PB.23462.4	AP5M1	AP5M1	novel_not_in_catalog	YES	24.6	30.4	28.85
PB.23462.5	Protein_PB.23462.5	AP5M1	AP5M1	full-splice_match	YES	28.19	14.41	15.24
PB.23462.6	Protein_PB.23462.6	AP5M1	AP5M1	novel_in_catalog	YES	16.64	21.88	16.54
PB.23464.1	Protein_PB.23464.1	TMEM260	TMEM260	full-splice_match	YES	11.73	11.38	17.16
PB.23464.5	Protein_PB.23464.5	TMEM260	TMEM260	full-splice_match	YES	71.3	63.21	64.94
PB.23464.6	Protein_PB.23464.6	TMEM260	TMEM260	full-splice_match	YES	7.0	9.28	16.95
PB.23466.4	Protein_PB.23466.4	PELI2	PELI2	full-splice_match	YES	44.01	42.76	39.72
PB.23468.1	Protein_PB.23468.1	KTN1	KTN1	full-splice_match	YES	0.0	21.47	14.74
PB.23468.10	Protein_PB.23468.10	KTN1	KTN1	incomplete-splice_match	YES	457.55	531.72	527.15
PB.23468.12	Protein_PB.23468.12	KTN1	KTN1	novel_not_in_catalog	YES	14.18	13.32	28.13
PB.23468.3	Protein_PB.23468.3	KTN1	KTN1	full-splice_match	YES	41.93	45.79	38.21
PB.23468.4	Protein_PB.23468.4	KTN1	KTN1	full-splice_match	YES	150.7	238.09	232.91
PB.23468.5	Protein_PB.23468.5	KTN1	KTN1	full-splice_match	YES	1366.0	1472.86	1596.85
PB.23468.6	Protein_PB.23468.6	KTN1	KTN1	full-splice_match	YES	436.34	285.49	542.1
PB.23468.7	Protein_PB.23468.7	KTN1	KTN1	full-splice_match	YES	131.7	74.0	97.48
PB.23469.4	Protein_PB.23469.4	FBXO34	FBXO34	full-splice_match	YES	33.55	26.65	13.85
PB.23469.5	Protein_PB.23469.5	FBXO34	FBXO34	full-splice_match	YES	159.04	170.25	151.7
PB.23469.8	Protein_PB.23469.8	FBXO34	FBXO34	novel_not_in_catalog	YES	22.29	12.08	22.0
PB.2347.1	Protein_PB.2347.1	VWA3B	VWA3B	novel_not_in_catalog	YES	118.8	170.99	121.41
PB.2347.2	Protein_PB.2347.2	VWA3B	VWA3B	novel_not_in_catalog	YES	12.82	15.42	27.53
PB.2347.5	Protein_PB.2347.5	VWA3B	VWA3B	full-splice_match	YES	37.74	23.93	68.67
PB.23470.2	Protein_PB.23470.2	LGALS3	LGALS3	full-splice_match	YES	218.79	156.65	255.95
PB.23472.1	Protein_PB.23472.1	MAPK1IP1L	MAPK1IP1L	full-splice_match	YES	26.8	43.7	28.38
PB.23472.2	Protein_PB.23472.2	MAPK1IP1L	MAPK1IP1L	novel_in_catalog	YES	116.98	124.38	162.84
PB.23472.3	Protein_PB.23472.3	MAPK1IP1L	MAPK1IP1L	novel_not_in_catalog	YES	32.58	17.04	11.12
PB.23472.5	Protein_PB.23472.5	MAPK1IP1L	MAPK1IP1L	novel_not_in_catalog	YES	22.03	24.63	38.64
PB.23472.6	Protein_PB.23472.6	MAPK1IP1L	MAPK1IP1L	novel_not_in_catalog	YES	110.27	59.85	42.52
PB.23472.7	Protein_PB.23472.7	MAPK1IP1L	MAPK1IP1L	novel_in_catalog	YES	145.27	208.17	285.14
PB.23473.2	Protein_PB.23473.2	SOCS4	SOCS4	full-splice_match	YES	84.57	78.55	74.33
PB.23473.3	Protein_PB.23473.3	SOCS4	SOCS4	full-splice_match	YES	28.17	40.53	41.83
PB.23475.1	Protein_PB.23475.1	SAMD4A	SAMD4A	full-splice_match	YES	146.94	107.67	172.87
PB.23475.2	Protein_PB.23475.2	SAMD4A	SAMD4A	full-splice_match	YES	1040.49	1066.62	1291.03
PB.23477.1	Protein_PB.23477.1	CGRRF1	CGRRF1	full-splice_match	YES	55.1	64.4	56.88
PB.23477.2	Protein_PB.23477.2	CGRRF1	CGRRF1	novel_in_catalog	YES	21.21	16.86	11.88
PB.23485.1	Protein_PB.23485.1	STYX	STYX	full-splice_match	YES	115.04	152.71	160.57
PB.23485.5	Protein_PB.23485.5	STYX	STYX	full-splice_match	YES	17.56	20.8	18.44
PB.23485.8	Protein_PB.23485.8	STYX	STYX	full-splice_match	YES	21.69	21.88	20.86
PB.23486.1	Protein_PB.23486.1	PSMC6	PSMC6	full-splice_match	YES	201.94	153.71	196.41
PB.23486.4	Protein_PB.23486.4	PSMC6	PSMC6	novel_in_catalog	YES	288.95	399.14	244.7
PB.23486.5	Protein_PB.23486.5	PSMC6	PSMC6	novel_in_catalog	YES	186.71	292.03	188.13
PB.2349.1	Protein_PB.2349.1	INPP4A	INPP4A	full-splice_match	YES	31.21	29.35	23.83
PB.2349.2	Protein_PB.2349.2	INPP4A	INPP4A	full-splice_match	YES	23.45	17.44	26.72
PB.2349.3	Protein_PB.2349.3	INPP4A	INPP4A	full-splice_match	YES	54.42	22.0	26.89
PB.2349.4	Protein_PB.2349.4	INPP4A	INPP4A	full-splice_match	YES	33.38	64.54	31.54
PB.2349.5	Protein_PB.2349.5	INPP4A	INPP4A	full-splice_match	YES	70.38	45.57	34.39
PB.23490.4	Protein_PB.23490.4	RTRAF	RTRAF	full-splice_match	YES	1204.19	1304.86	1409.48
PB.23491.4		GNG2	GNG2	full-splice_match	NO	42.29	32.28	37.36
PB.23494.1	Protein_PB.23494.1	FRMD6	FRMD6	full-splice_match	YES	77.93	52.02	45.5
PB.23494.2	Protein_PB.23494.2	FRMD6	FRMD6	full-splice_match	YES	60.0	38.87	57.97
PB.23494.4	Protein_PB.23494.4	FRMD6	FRMD6	novel_in_catalog	YES	26.39	0.0	32.37
PB.23494.5	Protein_PB.23494.5	FRMD6	FRMD6	novel_not_in_catalog	YES	4.86	16.2	16.87
PB.23497.1	Protein_PB.23497.1	L3HYPDH	L3HYPDH	full-splice_match	YES	46.8	52.05	40.99
PB.2350.3	Protein_PB.2350.3	UNC50	UNC50	full-splice_match	YES	90.85	83.58	80.67
PB.23501.8	Protein_PB.23501.8	DHRS7	DHRS7	full-splice_match	YES	323.1	433.41	528.88
PB.23506.3	Protein_PB.23506.3	SIX1	SIX1	novel_not_in_catalog	YES	20.64	6.5	12.71
PB.23506.4	Protein_PB.23506.4	SIX1	SIX1	full-splice_match	YES	696.17	647.88	666.56
PB.23506.5		SIX1	SIX1	novel_not_in_catalog	NO	43.02	48.72	30.34
PB.23507.1	Protein_PB.23507.1	SIX4	SIX4	full-splice_match	YES	179.21	202.21	207.2
PB.23508.1	Protein_PB.23508.1	TRMT5	TRMT5	novel_not_in_catalog	YES	3.31	9.98	20.7
PB.23508.2	Protein_PB.23508.2	TRMT5	TRMT5	novel_not_in_catalog	YES	40.52	48.92	49.28
PB.23508.3	Protein_PB.23508.3	TRMT5	TRMT5	full-splice_match	YES	8.38	19.3	9.83
PB.23508.4	Protein_PB.23508.4	TRMT5	TRMT5	novel_not_in_catalog	YES	30.52	41.53	32.57
PB.23508.5	Protein_PB.23508.5	TRMT5	TRMT5	novel_not_in_catalog	YES	12.48	16.59	18.99
PB.23508.6	Protein_PB.23508.6	TRMT5	TRMT5	novel_not_in_catalog	YES	63.59	49.86	47.3
PB.23510.1	Protein_PB.23510.1	LOC113242308	LOC113242308	novel_not_in_catalog	YES	40.79	29.94	30.35
PB.23510.4		LOC113242308	LOC113242308	novel_not_in_catalog	NO	23.98	12.87	7.48
PB.23513.1		novelGene_HIF1A_AS	novelGene_HIF1A_AS	antisense	NO	167.25	185.42	197.23
PB.23513.2		novelGene_HIF1A_AS	novelGene_HIF1A_AS	antisense	NO	75.8	84.19	152.36
PB.23514.1	Protein_PB.23514.1	CFH	CFH	full-splice_match	YES	24.61	23.37	14.26
PB.23514.13	Protein_PB.23514.13	CFH	CFH	novel_in_catalog	YES	50.63	38.85	36.02
PB.23514.16	Protein_PB.23514.16	CFH	CFH	incomplete-splice_match	YES	168.34	102.55	80.14
PB.23514.6	Protein_PB.23514.6	CFH	CFH	full-splice_match	YES	57.54	22.26	29.82
PB.23514.7	Protein_PB.23514.7	CFH	CFH	novel_in_catalog	YES	121.98	119.86	105.37
PB.23516.2	Protein_PB.23516.2	EIF2D	EIF2D	full-splice_match	YES	448.95	532.21	363.63
PB.23516.6	Protein_PB.23516.6	EIF2D	EIF2D	full-splice_match	YES	121.38	159.93	105.8
PB.23524.2	Protein_PB.23524.2	PM20D1	PM20D1	novel_not_in_catalog	YES	21.24	65.72	50.2
PB.23524.3	Protein_PB.23524.3	PM20D1	PM20D1	novel_not_in_catalog	YES	28.5	78.71	37.11
PB.23524.6	Protein_PB.23524.6	PM20D1	PM20D1	novel_in_catalog	YES	4.83	38.84	7.61
PB.23525.1	Protein_PB.23525.1	SLC41A1	SLC41A1	full-splice_match	YES	98.77	132.76	175.43
PB.23525.2	Protein_PB.23525.2	SLC41A1	SLC41A1	full-splice_match	YES	366.4	578.7	567.83
PB.23526.2	Protein_PB.23526.2	RAB29	RAB29	full-splice_match	YES	57.32	73.25	51.1
PB.23526.3	Protein_PB.23526.3	RAB29	RAB29	novel_in_catalog	YES	23.37	27.86	20.29
PB.23527.1	Protein_PB.23527.1	NUCKS1	NUCKS1	full-splice_match	YES	174.9	225.39	241.47
PB.23527.2	Protein_PB.23527.2	NUCKS1	NUCKS1	full-splice_match	YES	1848.46	2112.26	2537.56
PB.23528.4	Protein_PB.23528.4	SLC45A3	SLC45A3	novel_not_in_catalog	YES	24.93	30.53	13.37
PB.23528.5	Protein_PB.23528.5	SLC45A3	SLC45A3	novel_not_in_catalog	YES	20.69	31.3	31.76
PB.23529.1	Protein_PB.23529.1	ELK4	ELK4	full-splice_match	YES	389.16	344.57	416.61
PB.23529.2	Protein_PB.23529.2	ELK4	ELK4	full-splice_match	YES	21.17	32.13	67.74
PB.23534.1	Protein_PB.23534.1	DSTYK	DSTYK	full-splice_match	YES	357.26	296.22	347.64
PB.23535.16	Protein_PB.23535.16	RBBP5	RBBP5	novel_not_in_catalog	YES	20.84	30.9	36.46
PB.23535.8	Protein_PB.23535.8	RBBP5	RBBP5	full-splice_match	YES	36.03	39.57	33.85
PB.2354.1	Protein_PB.2354.1	LOC113246898_LIPT1	LOC113246898_LIPT1	fusion	YES	28.2	17.34	25.07
PB.2354.2	Protein_PB.2354.2	LOC113246898_LIPT1	LOC113246898_LIPT1	full-splice_match	YES	101.38	110.51	106.93
PB.23540.1	Protein_PB.23540.1	PIK3C2B	PIK3C2B	full-splice_match	YES	21.21	15.65	25.73
PB.23540.3	Protein_PB.23540.3	PIK3C2B	PIK3C2B	incomplete-splice_match	YES	15.04	22.04	18.71
PB.23540.5	Protein_PB.23540.5	PIK3C2B	PIK3C2B	novel_not_in_catalog	YES	62.59	33.87	81.36
PB.23541.1	Protein_PB.23541.1	PPP1R15B	PPP1R15B	full-splice_match	YES	120.57	92.46	175.17
PB.23541.2	Protein_PB.23541.2	PPP1R15B	PPP1R15B	novel_not_in_catalog	YES	34.93	30.82	22.29
PB.23548.1	Protein_PB.23548.1	FMOD	FMOD	full-splice_match	YES	906.9	121.51	500.12
PB.2355.1	Protein_PB.2355.1	MRPL30	MRPL30	full-splice_match	YES	161.28	178.77	130.82
PB.2355.4	Protein_PB.2355.4	MRPL30	MRPL30	full-splice_match	YES	58.88	70.72	61.82
PB.23551.1	Protein_PB.23551.1	MYBPH	MYBPH	full-splice_match	YES	405.92	319.45	508.57
PB.23552.1	Protein_PB.23552.1	MYOG	MYOG	full-splice_match	YES	160.77	164.63	168.71
PB.23555.2	Protein_PB.23555.2	LOC113242529	LOC113242529	novel_in_catalog	YES	27.61	19.38	19.33
PB.23555.4	Protein_PB.23555.4	LOC113242529	LOC113242529	full-splice_match	YES	366.35	481.45	388.27
PB.23555.6	Protein_PB.23555.6	LOC113242529	LOC113242529	novel_in_catalog	YES	1173.55	1446.31	1400.15
PB.23556.1	Protein_PB.23556.1	ADIPOR1	ADIPOR1	novel_not_in_catalog	YES	21.56	15.24	5.85
PB.23556.13	Protein_PB.23556.13	ADIPOR1	ADIPOR1	full-splice_match	YES	16.64	39.57	20.59
PB.23556.14	Protein_PB.23556.14	ADIPOR1	ADIPOR1	full-splice_match	YES	84.56	180.27	103.96
PB.23556.2	Protein_PB.23556.2	ADIPOR1	ADIPOR1	novel_not_in_catalog	YES	23.69	39.19	20.78
PB.23556.6	Protein_PB.23556.6	ADIPOR1	ADIPOR1	full-splice_match	YES	457.33	619.06	565.03
PB.23556.7	Protein_PB.23556.7	ADIPOR1	ADIPOR1	novel_not_in_catalog	YES	271.14	318.8	335.13
PB.23557.10	Protein_PB.23557.10	KLHL12	KLHL12	novel_not_in_catalog	YES	160.71	247.95	135.43
PB.23557.2	Protein_PB.23557.2	KLHL12	KLHL12	novel_in_catalog	YES	13.93	16.03	49.48
PB.23557.3	Protein_PB.23557.3	KLHL12	KLHL12	novel_in_catalog	YES	58.7	27.13	30.96
PB.23557.4	Protein_PB.23557.4	KLHL12	KLHL12	novel_not_in_catalog	YES	0.0	8.59	35.57
PB.23557.5	Protein_PB.23557.5	KLHL12	KLHL12	full-splice_match	YES	382.34	484.7	353.22
PB.23557.9	Protein_PB.23557.9	KLHL12	KLHL12	novel_in_catalog	YES	106.67	173.5	141.17
PB.23558.1	Protein_PB.23558.1	RABIF	RABIF	full-splice_match	YES	57.58	45.95	56.33
PB.23560.1	Protein_PB.23560.1	KDM5B	KDM5B	full-splice_match	YES	196.82	162.81	191.8
PB.23565.3	Protein_PB.23565.3	ARL8A	ARL8A	full-splice_match	YES	6.48	4.6	18.09
PB.23565.6	Protein_PB.23565.6	ARL8A	ARL8A	full-splice_match	YES	44.33	49.46	63.13
PB.23566.1	Protein_PB.23566.1	LMOD1	LMOD1	full-splice_match	YES	704.44	680.1	482.37
PB.23569.5	Protein_PB.23569.5	CSRP1	CSRP1	novel_not_in_catalog	YES	189.02	139.6	192.96
PB.23569.7	Protein_PB.23569.7	CSRP1	CSRP1	full-splice_match	YES	372.09	244.01	365.13
PB.2357.4	Protein_PB.2357.4	EIF5B	EIF5B	novel_not_in_catalog	YES	188.04	185.99	230.86
PB.2357.5	Protein_PB.2357.5	EIF5B	EIF5B	full-splice_match	YES	80.61	16.86	38.84
PB.2357.6	Protein_PB.2357.6	EIF5B	EIF5B	incomplete-splice_match	YES	56.4	59.55	58.79
PB.2357.7	Protein_PB.2357.7	EIF5B	EIF5B	incomplete-splice_match	YES	100.18	111.83	125.22
PB.23570.2	Protein_PB.23570.2	PHLDA3	PHLDA3	full-splice_match	YES	240.57	240.63	192.67
PB.23571.1	Protein_PB.23571.1	TNNI1	TNNI1	novel_not_in_catalog	YES	1074.48	1506.72	1582.6
PB.23571.2	Protein_PB.23571.2	TNNI1	TNNI1	novel_not_in_catalog	YES	259.52	353.78	345.74
PB.23571.3	Protein_PB.23571.3	TNNI1	TNNI1	novel_not_in_catalog	YES	287.75	378.95	359.14
PB.23571.5	Protein_PB.23571.5	TNNI1	TNNI1	novel_not_in_catalog	YES	42293.88	58850.95	48096.54
PB.23571.9	Protein_PB.23571.9	TNNI1	TNNI1	novel_in_catalog	YES	21.92	26.17	25.17
PB.23573.2	Protein_PB.23573.2	TNNT2	TNNT2	full-splice_match	YES	92.89	24.7	53.14
PB.23576.1	Protein_PB.23576.1	CACNA1S	CACNA1S	novel_not_in_catalog	YES	243.78	277.1	153.13
PB.23576.11	Protein_PB.23576.11	CACNA1S	CACNA1S	novel_not_in_catalog	YES	138.17	182.21	452.79
PB.23576.12	Protein_PB.23576.12	CACNA1S	CACNA1S	novel_not_in_catalog	YES	488.81	479.88	247.59
PB.23576.13	Protein_PB.23576.13	CACNA1S	CACNA1S	novel_not_in_catalog	YES	2903.82	2620.67	1980.11
PB.23576.16	Protein_PB.23576.16	CACNA1S	CACNA1S	novel_not_in_catalog	YES	130.34	69.88	135.67
PB.23576.17	Protein_PB.23576.17	CACNA1S	CACNA1S	novel_not_in_catalog	YES	823.36	597.99	756.61
PB.23576.18	Protein_PB.23576.18	CACNA1S	CACNA1S	novel_not_in_catalog	YES	62.4	139.51	180.97
PB.23576.19	Protein_PB.23576.19	CACNA1S	CACNA1S	novel_not_in_catalog	YES	55.68	70.64	91.26
PB.23576.20	Protein_PB.23576.20	CACNA1S	CACNA1S	novel_not_in_catalog	YES	29.75	27.7	17.46
PB.23576.22	Protein_PB.23576.22	CACNA1S	CACNA1S	novel_not_in_catalog	YES	1981.07	2295.19	2949.92
PB.23576.24	Protein_PB.23576.24	CACNA1S	CACNA1S	novel_not_in_catalog	YES	602.56	685.17	544.21
PB.23576.25	Protein_PB.23576.25	CACNA1S	CACNA1S	novel_not_in_catalog	YES	95.25	106.11	119.97
PB.23576.3	Protein_PB.23576.3	CACNA1S	CACNA1S	incomplete-splice_match	YES	764.03	775.26	606.49
PB.23576.30	Protein_PB.23576.30	CACNA1S	CACNA1S	novel_not_in_catalog	YES	50.9	11.86	23.08
PB.23576.31	Protein_PB.23576.31	CACNA1S	CACNA1S	full-splice_match	YES	295.4	96.65	195.65
PB.23576.32	Protein_PB.23576.32	CACNA1S	CACNA1S	novel_not_in_catalog	YES	4844.34	4388.48	4033.99
PB.23576.33	Protein_PB.23576.33	CACNA1S	CACNA1S	novel_not_in_catalog	YES	76.31	81.52	88.86
PB.23576.34	Protein_PB.23576.34	CACNA1S	CACNA1S	novel_not_in_catalog	YES	2470.58	2365.93	2202.48
PB.23576.4	Protein_PB.23576.4	CACNA1S	CACNA1S	incomplete-splice_match	YES	1042.84	996.14	992.9
PB.23576.5	Protein_PB.23576.5	CACNA1S	CACNA1S	incomplete-splice_match	YES	2830.49	2634.49	2127.76
PB.23576.6	Protein_PB.23576.6	CACNA1S	CACNA1S	novel_not_in_catalog	YES	57.57	67.21	95.09
PB.23576.7	Protein_PB.23576.7	CACNA1S	CACNA1S	novel_not_in_catalog	YES	66.89	35.09	45.75
PB.23576.8	Protein_PB.23576.8	CACNA1S	CACNA1S	novel_not_in_catalog	YES	33.21	23.56	36.15
PB.23576.9	Protein_PB.23576.9	CACNA1S	CACNA1S	novel_not_in_catalog	YES	1030.69	949.19	1547.0
PB.23580.1	Protein_PB.23580.1	DDX59	DDX59	novel_in_catalog	YES	92.21	102.71	94.22
PB.23580.2	Protein_PB.23580.2	DDX59	DDX59	full-splice_match	YES	24.25	30.2	32.1
PB.23580.4	Protein_PB.23580.4	DDX59	DDX59	full-splice_match	YES	31.27	31.84	22.13
PB.23582.1	Protein_PB.23582.1	ZNF281	ZNF281	full-splice_match	YES	111.2	109.7	111.71
PB.23592.1	Protein_PB.23592.1	DENND1B	DENND1B	full-splice_match	YES	103.16	104.37	80.0
PB.23592.2	Protein_PB.23592.2	DENND1B	DENND1B	full-splice_match	YES	165.25	222.73	175.94
PB.23593.7	Protein_PB.23593.7	ZBTB41	ZBTB41	full-splice_match	YES	53.39	52.03	52.75
PB.23593.8	Protein_PB.23593.8	ZBTB41	ZBTB41	full-splice_match	YES	109.45	114.92	140.54
PB.23596.1	Protein_PB.23596.1	DYRK3	DYRK3	full-splice_match	YES	19.53	23.18	35.46
PB.23596.2	Protein_PB.23596.2	DYRK3	DYRK3	novel_not_in_catalog	YES	12.9	11.14	18.08
PB.23597.1	Protein_PB.23597.1	MAPKAPK2	MAPKAPK2	full-splice_match	YES	1855.24	2097.62	1763.76
PB.23597.2	Protein_PB.23597.2	MAPKAPK2	MAPKAPK2	novel_in_catalog	YES	35.91	45.79	41.68
PB.236.1	Protein_PB.236.1	TBC1D23	TBC1D23	full-splice_match	YES	10.01	19.52	18.77
PB.236.4	Protein_PB.236.4	TBC1D23	TBC1D23	novel_not_in_catalog	YES	87.06	62.31	83.47
PB.236.5	Protein_PB.236.5	TBC1D23	TBC1D23	full-splice_match	YES	130.91	154.54	127.65
PB.236.6	Protein_PB.236.6	TBC1D23	TBC1D23	novel_in_catalog	YES	15.8	35.9	35.03
PB.2360.2	Protein_PB.2360.2	PDCL3	PDCL3	full-splice_match	YES	344.32	316.72	441.93
PB.2360.4		PDCL3	PDCL3	novel_in_catalog	NO	6.52	14.53	32.76
PB.23604.2	Protein_PB.23604.2	PFKFB2	PFKFB2	novel_not_in_catalog	YES	21.68	18.0	28.51
PB.23604.5	Protein_PB.23604.5	PFKFB2	PFKFB2	novel_not_in_catalog	YES	36.1	69.65	57.64
PB.23604.6	Protein_PB.23604.6	PFKFB2	PFKFB2	full-splice_match	YES	127.98	186.18	73.51
PB.23604.8	Protein_PB.23604.8	PFKFB2	PFKFB2	novel_in_catalog	YES	17.34	16.76	20.46
PB.23605.1	Protein_PB.23605.1	C4BPB	C4BPB	full-splice_match	YES	21.37	15.58	20.61
PB.23607.2	Protein_PB.23607.2	LOC113242608	LOC113242608	full-splice_match	YES	53.32	33.62	39.06
PB.23608.3	Protein_PB.23608.3	LOC113242609	LOC113242609	full-splice_match	YES	76.9	70.43	133.65
PB.23612.1	Protein_PB.23612.1	RASSF5	RASSF5	full-splice_match	YES	41.95	47.25	34.55
PB.23617.1	Protein_PB.23617.1	MFSD4A	MFSD4A	full-splice_match	YES	34.74	16.98	11.33
PB.23618.2	Protein_PB.23618.2	CDK18	CDK18	incomplete-splice_match	YES	43.33	46.14	28.17
PB.2362.1	Protein_PB.2362.1	RPL31	RPL31	full-splice_match	YES	951.08	947.82	1287.2
PB.2362.2	Protein_PB.2362.2	RPL31	RPL31	full-splice_match	YES	1247.04	1210.56	1684.64
PB.23622.3	Protein_PB.23622.3	TMCC2	TMCC2	full-splice_match	YES	36.95	22.12	18.97
PB.23624.1		LOC113242493	LOC113242493	full-splice_match	NO	40.36	47.54	44.23
PB.23627.1	Protein_PB.23627.1	MDM4	MDM4	novel_not_in_catalog	YES	32.26	26.91	44.44
PB.23627.4	Protein_PB.23627.4	MDM4	MDM4	full-splice_match	YES	77.1	69.93	121.11
PB.2363.1	Protein_PB.2363.1	CNOT11	CNOT11	full-splice_match	YES	114.55	119.18	88.28
PB.2363.2	Protein_PB.2363.2	CNOT11	CNOT11	novel_not_in_catalog	YES	92.66	96.79	63.29
PB.23632.1	Protein_PB.23632.1	SNRPE	SNRPE	full-splice_match	YES	78.06	72.34	87.9
PB.23632.2		SNRPE	SNRPE	incomplete-splice_match	NO	45.12	40.0	37.28
PB.23633.1	Protein_PB.23633.1	ZC3H11A	ZC3H11A	full-splice_match	YES	331.58	402.18	316.37
PB.23633.10	Protein_PB.23633.10	ZC3H11A	ZC3H11A	full-splice_match	YES	153.66	121.01	53.47
PB.23633.11	Protein_PB.23633.11	ZC3H11A	ZC3H11A	novel_in_catalog	YES	131.02	97.55	33.94
PB.23633.12	Protein_PB.23633.12	ZC3H11A	ZC3H11A	novel_in_catalog	YES	190.77	85.76	151.98
PB.23633.13	Protein_PB.23633.13	ZC3H11A	ZC3H11A	novel_in_catalog	YES	88.56	110.21	187.51
PB.23633.26	Protein_PB.23633.26	ZC3H11A	ZC3H11A	novel_in_catalog	YES	4.29	17.97	8.04
PB.23633.27	Protein_PB.23633.27	ZC3H11A	ZC3H11A	novel_in_catalog	YES	68.64	43.89	46.21
PB.23633.30	Protein_PB.23633.30	ZC3H11A	ZC3H11A	full-splice_match	YES	336.35	293.18	165.52
PB.23633.31	Protein_PB.23633.31	ZC3H11A	ZC3H11A	full-splice_match	YES	28.83	30.7	55.58
PB.23633.32	Protein_PB.23633.32	ZC3H11A	ZC3H11A	full-splice_match	YES	60.06	69.6	41.33
PB.23633.33	Protein_PB.23633.33	ZC3H11A	ZC3H11A	full-splice_match	YES	110.51	69.82	49.28
PB.23633.5	Protein_PB.23633.5	ZC3H11A	ZC3H11A	full-splice_match	YES	62.55	6.46	42.36
PB.23636.10	Protein_PB.23636.10	ATP2B4	ATP2B4	novel_in_catalog	YES	18.95	21.61	24.24
PB.23636.11	Protein_PB.23636.11	ATP2B4	ATP2B4	novel_not_in_catalog	YES	19.91	7.61	17.97
PB.23636.12	Protein_PB.23636.12	ATP2B4	ATP2B4	novel_not_in_catalog	YES	56.37	46.91	119.53
PB.23636.13	Protein_PB.23636.13	ATP2B4	ATP2B4	full-splice_match	YES	8.38	3.36	19.36
PB.23636.15	Protein_PB.23636.15	ATP2B4	ATP2B4	incomplete-splice_match	YES	44.25	16.49	36.42
PB.23636.8	Protein_PB.23636.8	ATP2B4	ATP2B4	novel_in_catalog	YES	18.36	15.37	12.05
PB.23636.9	Protein_PB.23636.9	ATP2B4	ATP2B4	novel_not_in_catalog	YES	166.8	61.4	68.05
PB.23638.2	Protein_PB.23638.2	PRELP	PRELP	full-splice_match	YES	768.92	135.77	482.9
PB.23640.1	Protein_PB.23640.1	BTG2	BTG2	full-splice_match	YES	359.97	236.7	483.85
PB.23645.1		novelGene_MYOG_AS	novelGene_MYOG_AS	antisense	NO	71.18	70.53	68.43
PB.23645.2		novelGene_MYOG_AS	novelGene_MYOG_AS	antisense	NO	67.06	93.05	54.67
PB.23646.1	Protein_PB.23646.1	PPFIA4	PPFIA4	full-splice_match	YES	92.8	83.55	124.82
PB.23647.13	Protein_PB.23647.13	TMEM183A	TMEM183A	full-splice_match	YES	10.14	19.99	5.56
PB.23647.3	Protein_PB.23647.3	TMEM183A	TMEM183A	full-splice_match	YES	131.94	139.54	103.32
PB.23647.4	Protein_PB.23647.4	TMEM183A	TMEM183A	full-splice_match	YES	27.54	29.25	28.51
PB.23649.1	Protein_PB.23649.1	PPP1R12B	PPP1R12B	novel_in_catalog	YES	103.27	98.7	173.75
PB.23649.10	Protein_PB.23649.10	PPP1R12B	PPP1R12B	incomplete-splice_match	YES	109.34	121.1	121.18
PB.23649.2	Protein_PB.23649.2	PPP1R12B	PPP1R12B	full-splice_match	YES	34.28	21.8	36.82
PB.23649.4	Protein_PB.23649.4	PPP1R12B	PPP1R12B	full-splice_match	YES	260.41	246.08	193.85
PB.23649.5	Protein_PB.23649.5	PPP1R12B	PPP1R12B	full-splice_match	YES	3530.87	4010.65	3865.2
PB.2365.10	Protein_PB.2365.10	MAP4K4	MAP4K4	full-splice_match	YES	264.7	280.31	127.55
PB.2365.11	Protein_PB.2365.11	MAP4K4	MAP4K4	full-splice_match	YES	393.81	363.84	540.82
PB.2365.16	Protein_PB.2365.16	MAP4K4	MAP4K4	full-splice_match	YES	244.67	219.6	361.45
PB.2365.19	Protein_PB.2365.19	MAP4K4	MAP4K4	full-splice_match	YES	47.5	44.78	5.43
PB.2365.20	Protein_PB.2365.20	MAP4K4	MAP4K4	novel_in_catalog	YES	102.66	59.32	104.12
PB.2365.3	Protein_PB.2365.3	MAP4K4	MAP4K4	full-splice_match	YES	59.49	27.82	69.61
PB.2365.6	Protein_PB.2365.6	MAP4K4	MAP4K4	full-splice_match	YES	174.16	171.27	194.73
PB.23655.1	Protein_PB.23655.1	RNPEP	RNPEP	full-splice_match	YES	39.13	33.39	33.01
PB.23656.1	Protein_PB.23656.1	TIMM17A	TIMM17A	full-splice_match	YES	46.82	46.06	59.32
PB.23656.2	Protein_PB.23656.2	TIMM17A	TIMM17A	novel_not_in_catalog	YES	50.42	52.28	54.87
PB.23656.3		TIMM17A	TIMM17A	novel_not_in_catalog	NO	102.07	113.74	102.5
PB.23658.1	Protein_PB.23658.1	SHISA4	SHISA4	full-splice_match	YES	987.03	925.25	1205.58
PB.23659.1	Protein_PB.23659.1	IPO9	IPO9	full-splice_match	YES	59.43	49.38	65.73
PB.23659.4	Protein_PB.23659.4	IPO9	IPO9	novel_in_catalog	YES	83.97	84.45	94.25
PB.23659.9	Protein_PB.23659.9	IPO9	IPO9	novel_not_in_catalog	YES	77.67	53.68	75.93
PB.23662.2	Protein_PB.23662.2	NAV1	NAV1	full-splice_match	YES	88.9	12.63	58.84
PB.23662.3	Protein_PB.23662.3	NAV1	NAV1	full-splice_match	YES	89.58	75.51	43.99
PB.23664.1	Protein_PB.23664.1	novelGene_2748	novelGene_2748	intergenic	YES	245.48	312.97	388.5
PB.23666.1	Protein_PB.23666.1	IGFN1	IGFN1	full-splice_match	YES	66.1	204.69	37.93
PB.23666.2	Protein_PB.23666.2	IGFN1	IGFN1	incomplete-splice_match	YES	26.27	66.65	14.64
PB.23670.4	Protein_PB.23670.4	CAMSAP2	CAMSAP2	full-splice_match	YES	23.8	68.3	47.71
PB.23670.5	Protein_PB.23670.5	CAMSAP2	CAMSAP2	full-splice_match	YES	222.39	129.4	167.0
PB.23670.6	Protein_PB.23670.6	CAMSAP2	CAMSAP2	incomplete-splice_match	YES	38.09	19.74	20.31
PB.23674.1		LOC113242581	LOC113242581	full-splice_match	NO	88.64	92.48	95.53
PB.23675.1	Protein_PB.23675.1	PTPRC	PTPRC	full-splice_match	YES	18.01	20.72	16.29
PB.23675.2	Protein_PB.23675.2	PTPRC	PTPRC	full-splice_match	YES	19.92	10.9	18.35
PB.23676.1	Protein_PB.23676.1	NEK7	NEK7	full-splice_match	YES	1067.45	1143.91	1140.58
PB.23676.2	Protein_PB.23676.2	NEK7	NEK7	full-splice_match	YES	108.06	83.25	102.34
PB.23680.2	Protein_PB.23680.2	CRB1	CRB1	incomplete-splice_match	YES	15.48	22.11	3.59
PB.23680.4	Protein_PB.23680.4	CRB1	CRB1	novel_in_catalog	YES	16.88	30.07	28.63
PB.23680.5	Protein_PB.23680.5	CRB1	CRB1	incomplete-splice_match	YES	33.08	36.18	41.62
PB.23689.1	Protein_PB.23689.1	YOD1	YOD1	full-splice_match	YES	68.24	65.29	80.21
PB.2369.11	Protein_PB.2369.11	IL1R1	IL1R1	full-splice_match	YES	35.8	68.57	48.26
PB.2369.12	Protein_PB.2369.12	IL1R1	IL1R1	full-splice_match	YES	80.12	9.2	23.74
PB.23691.1	Protein_PB.23691.1	TPGS1	TPGS1	full-splice_match	YES	33.17	22.92	43.88
PB.23692.1	Protein_PB.23692.1	CDC34	CDC34	full-splice_match	YES	3249.32	3213.02	1583.6
PB.23693.4	Protein_PB.23693.4	BSG	BSG	full-splice_match	YES	33.11	43.8	37.77
PB.23693.5	Protein_PB.23693.5	BSG	BSG	full-splice_match	YES	1816.37	1963.54	1702.91
PB.23693.7	Protein_PB.23693.7	BSG	BSG	incomplete-splice_match	YES	54.58	51.47	47.97
PB.23697.2	Protein_PB.23697.2	FSTL3	FSTL3	full-splice_match	YES	69.09	55.69	70.13
PB.23698.2	Protein_PB.23698.2	PALM	PALM	full-splice_match	YES	72.03	35.66	50.29
PB.237.2	Protein_PB.237.2	NIT2	NIT2	novel_in_catalog	YES	104.0	100.89	54.0
PB.237.3	Protein_PB.237.3	NIT2	NIT2	novel_not_in_catalog	YES	338.46	353.31	222.31
PB.237.4	Protein_PB.237.4	NIT2	NIT2	full-splice_match	YES	19.79	21.64	29.4
PB.23700.3	Protein_PB.23700.3	PTBP1	PTBP1	full-splice_match	YES	40.96	23.14	37.34
PB.23700.4	Protein_PB.23700.4	PTBP1	PTBP1	novel_in_catalog	YES	52.03	28.48	27.56
PB.23702.1	Protein_PB.23702.1	CFD	CFD	full-splice_match	YES	102.88	88.43	87.41
PB.23706.1	Protein_PB.23706.1	WDR18	WDR18	full-splice_match	YES	7.72	11.98	20.33
PB.23706.3	Protein_PB.23706.3	WDR18	WDR18	full-splice_match	YES	182.97	181.76	190.69
PB.23709.2	Protein_PB.23709.2	CNN2	CNN2	full-splice_match	YES	89.75	55.02	72.54
PB.23712.1		GPX4	GPX4	full-splice_match	NO	834.76	1035.86	628.74
PB.23713.2	Protein_PB.23713.2	STK11	STK11	full-splice_match	YES	334.7	352.41	308.54
PB.23713.3	Protein_PB.23713.3	STK11	STK11	full-splice_match	YES	456.09	515.3	499.39
PB.23713.4	Protein_PB.23713.4	STK11	STK11	full-splice_match	YES	196.62	157.4	106.3
PB.23713.5	Protein_PB.23713.5	STK11	STK11	novel_in_catalog	YES	16.51	13.91	20.88
PB.23714.1	Protein_PB.23714.1	ATP5F1D	ATP5F1D	full-splice_match	YES	2771.14	2897.24	2374.9
PB.23715.1	Protein_PB.23715.1	MIDN	MIDN	full-splice_match	YES	18.56	36.6	28.31
PB.23715.3	Protein_PB.23715.3	MIDN	MIDN	full-splice_match	YES	35.25	25.89	52.12
PB.23715.4	Protein_PB.23715.4	MIDN	MIDN	full-splice_match	YES	29.58	27.69	38.12
PB.23716.10	Protein_PB.23716.10	CIRBP	CIRBP	incomplete-splice_match	YES	377.32	441.82	693.54
PB.23716.12	Protein_PB.23716.12	CIRBP	CIRBP	novel_not_in_catalog	YES	225.0	288.63	356.77
PB.23716.2	Protein_PB.23716.2	CIRBP	CIRBP	full-splice_match	YES	17.79	13.05	24.53
PB.23716.23	Protein_PB.23716.23	CIRBP	CIRBP	novel_not_in_catalog	YES	0.92	7.77	23.08
PB.23716.36	Protein_PB.23716.36	CIRBP	CIRBP	novel_in_catalog	YES	19.01	12.46	24.99
PB.23717.1	Protein_PB.23717.1	CUNH19orf24	CUNH19orf24	full-splice_match	YES	16.52	12.44	30.4
PB.23717.2	Protein_PB.23717.2	CUNH19orf24	CUNH19orf24	incomplete-splice_match	YES	103.65	103.34	190.71
PB.23719.1	Protein_PB.23719.1	LOC113242728	LOC113242728	full-splice_match	YES	25.62	30.3	18.58
PB.23719.2	Protein_PB.23719.2	LOC113242728	LOC113242728	full-splice_match	YES	486.56	543.19	600.18
PB.23719.4		LOC113242728	LOC113242728	incomplete-splice_match	NO	26.63	19.64	9.56
PB.23721.1	Protein_PB.23721.1	NDUFS7	NDUFS7	full-splice_match	YES	2200.13	2434.72	1809.79
PB.23721.2	Protein_PB.23721.2	NDUFS7	NDUFS7	full-splice_match	YES	19.64	24.43	46.57
PB.23722.1	Protein_PB.23722.1	DAZAP1	DAZAP1	full-splice_match	YES	13.05	16.48	26.5
PB.23722.2	Protein_PB.23722.2	DAZAP1	DAZAP1	full-splice_match	YES	55.98	48.21	45.27
PB.23722.3	Protein_PB.23722.3	DAZAP1	DAZAP1	full-splice_match	YES	98.85	106.21	56.83
PB.23722.4	Protein_PB.23722.4	DAZAP1	DAZAP1	novel_in_catalog	YES	69.3	69.15	84.64
PB.23723.1	Protein_PB.23723.1	RPS15	RPS15	full-splice_match	YES	3191.59	3232.9	4479.8
PB.23725.9	Protein_PB.23725.9	REEP6	REEP6	full-splice_match	YES	22.97	18.65	31.29
PB.23726.1	Protein_PB.23726.1	PLK5	PLK5	full-splice_match	YES	30.24	22.96	13.47
PB.23730.4	Protein_PB.23730.4	SCAMP4	SCAMP4	full-splice_match	YES	87.35	62.52	54.88
PB.23731.1	Protein_PB.23731.1	CSNK1G2	CSNK1G2	full-splice_match	YES	34.85	35.51	33.85
PB.23731.2	Protein_PB.23731.2	CSNK1G2	CSNK1G2	full-splice_match	YES	326.91	324.4	254.5
PB.23734.2	Protein_PB.23734.2	DOT1L	DOT1L	full-splice_match	YES	53.61	32.06	9.64
PB.23734.4	Protein_PB.23734.4	DOT1L	DOT1L	full-splice_match	YES	94.84	92.58	108.96
PB.23735.2	Protein_PB.23735.2	SF3A2	SF3A2	full-splice_match	YES	57.76	50.45	63.5
PB.23737.1	Protein_PB.23737.1	novelGene_2759	novelGene_2759	intergenic	YES	35.07	26.76	39.27
PB.23737.2		novelGene_2760	novelGene_2760	intergenic	NO	50.95	46.91	47.46
PB.23738.1		OAZ1	OAZ1	novel_in_catalog	NO	1056.98	1078.3	1179.58
PB.23738.3		OAZ1	OAZ1	novel_not_in_catalog	NO	117.21	128.83	130.73
PB.23738.7		OAZ1	OAZ1	novel_not_in_catalog	NO	1354.12	1280.85	1746.29
PB.23741.1	Protein_PB.23741.1	GADD45B	GADD45B	full-splice_match	YES	52.51	31.42	57.88
PB.23743.1	Protein_PB.23743.1	THOP1	THOP1	full-splice_match	YES	378.74	397.06	320.54
PB.23743.2	Protein_PB.23743.2	THOP1	THOP1	full-splice_match	YES	44.8	60.46	59.6
PB.23744.5	Protein_PB.23744.5	LOC113242773	LOC113242773	full-splice_match	YES	23.03	16.23	9.5
PB.23744.6	Protein_PB.23744.6	LOC113242773	LOC113242773	novel_not_in_catalog	YES	34.33	34.72	32.73
PB.23745.1	Protein_PB.23745.1	LOC113242661	LOC113242661	full-splice_match	YES	596.72	585.71	428.37
PB.23745.2	Protein_PB.23745.2	LOC113242661	LOC113242661	novel_not_in_catalog	YES	710.91	768.99	537.44
PB.23746.14	Protein_PB.23746.14	LOC113242771	LOC113242771	incomplete-splice_match	YES	20.22	20.13	13.53
PB.23746.15	Protein_PB.23746.15	LOC113242771	LOC113242771	novel_in_catalog	YES	8.73	8.87	19.81
PB.23746.4	Protein_PB.23746.4	LOC113242775	LOC113242775	novel_in_catalog	YES	13.17	4.64	20.97
PB.23746.5	Protein_PB.23746.5	LOC113242775	LOC113242775	full-splice_match	YES	21.08	9.29	4.31
PB.23749.1	Protein_PB.23749.1	GNA11	GNA11	full-splice_match	YES	239.62	210.3	242.12
PB.23752.1	Protein_PB.23752.1	NCLN	NCLN	full-splice_match	YES	142.65	157.1	183.92
PB.23752.2	Protein_PB.23752.2	NCLN	NCLN	full-splice_match	YES	142.56	138.22	130.9
PB.23754.1	Protein_PB.23754.1	NFIC	NFIC	full-splice_match	YES	42.43	15.87	73.66
PB.23754.3	Protein_PB.23754.3	NFIC	NFIC	full-splice_match	YES	39.45	39.09	137.56
PB.23754.4	Protein_PB.23754.4	NFIC	NFIC	full-splice_match	YES	188.4	151.1	254.92
PB.23755.1	Protein_PB.23755.1	DOHH	DOHH	full-splice_match	YES	36.3	38.21	29.98
PB.23756.1	Protein_PB.23756.1	FZR1	FZR1	full-splice_match	YES	40.99	33.11	33.96
PB.23756.8	Protein_PB.23756.8	FZR1	FZR1	full-splice_match	YES	46.86	58.72	68.73
PB.23756.9	Protein_PB.23756.9	FZR1	FZR1	incomplete-splice_match	YES	91.95	76.64	69.83
PB.23758.2	Protein_PB.23758.2	HMG20B	HMG20B	full-splice_match	YES	58.99	50.54	71.73
PB.2376.1	Protein_PB.2376.1	SLC9A2	SLC9A2	full-splice_match	YES	352.21	444.89	275.44
PB.23761.1	Protein_PB.23761.1	MRPL54	MRPL54	full-splice_match	YES	237.83	211.45	181.97
PB.23763.1	Protein_PB.23763.1	PIAS4	PIAS4	full-splice_match	YES	47.64	48.25	43.05
PB.23766.2	Protein_PB.23766.2	YJU2	YJU2	full-splice_match	YES	28.27	24.85	28.35
PB.23769.4	Protein_PB.23769.4	MPND	MPND	full-splice_match	YES	67.44	60.45	41.35
PB.2377.2	Protein_PB.2377.2	TMEM182	TMEM182	novel_not_in_catalog	YES	14.91	16.95	16.74
PB.2377.5	Protein_PB.2377.5	TMEM182	TMEM182	full-splice_match	YES	21.63	21.44	22.44
PB.2377.6	Protein_PB.2377.6	TMEM182	TMEM182	novel_not_in_catalog	YES	798.42	962.55	759.74
PB.2377.7	Protein_PB.2377.7	TMEM182	TMEM182	novel_in_catalog	YES	80.74	64.94	99.99
PB.2377.8	Protein_PB.2377.8	TMEM182	TMEM182	full-splice_match	YES	47.65	61.22	29.9
PB.2377.9	Protein_PB.2377.9	TMEM182	TMEM182	incomplete-splice_match	YES	544.44	607.03	496.54
PB.23770.1	Protein_PB.23770.1	CHAF1A	CHAF1A	full-splice_match	YES	10.86	14.92	17.98
PB.23771.2	Protein_PB.23771.2	HDGFL2	HDGFL2	full-splice_match	YES	21.29	35.79	79.06
PB.23771.3	Protein_PB.23771.3	HDGFL2	HDGFL2	full-splice_match	YES	151.37	144.06	162.68
PB.23771.4	Protein_PB.23771.4	HDGFL2	HDGFL2	full-splice_match	YES	270.49	289.24	291.33
PB.23772.1	Protein_PB.23772.1	TNFAIP8L1	TNFAIP8L1	full-splice_match	YES	33.02	24.2	19.49
PB.23775.1	Protein_PB.23775.1	FEM1A	FEM1A	full-splice_match	YES	7393.97	7872.86	6624.97
PB.23777.3	Protein_PB.23777.3	UHRF1	UHRF1	full-splice_match	YES	15.71	21.28	30.24
PB.23777.6	Protein_PB.23777.6	UHRF1	UHRF1	novel_not_in_catalog	YES	63.94	85.2	42.21
PB.23778.3	Protein_PB.23778.3	KDM4B	KDM4B	full-splice_match	YES	18.89	29.58	41.65
PB.23778.4	Protein_PB.23778.4	KDM4B	KDM4B	full-splice_match	YES	29.63	17.07	10.91
PB.23778.6	Protein_PB.23778.6	KDM4B	KDM4B	full-splice_match	YES	38.8	87.91	50.98
PB.23778.7	Protein_PB.23778.7	KDM4B	KDM4B	full-splice_match	YES	201.19	153.59	167.37
PB.23780.15	Protein_PB.23780.15	SAFB	SAFB	novel_in_catalog	YES	5.41	30.26	3.73
PB.23780.17	Protein_PB.23780.17	SAFB	SAFB	incomplete-splice_match	YES	35.85	16.26	41.21
PB.23780.20	Protein_PB.23780.20	SAFB	SAFB	novel_not_in_catalog	YES	55.37	37.32	115.37
PB.23780.7	Protein_PB.23780.7	SAFB	SAFB	incomplete-splice_match	YES	30.55	35.96	25.19
PB.23780.9	Protein_PB.23780.9	SAFB	SAFB	full-splice_match	YES	80.89	71.99	79.51
PB.23781.9	Protein_PB.23781.9	HSD11B1L	HSD11B1L	full-splice_match	YES	19.21	15.03	21.01
PB.23782.1	Protein_PB.23782.1	RPL36	RPL36	full-splice_match	YES	3348.16	3461.73	5642.75
PB.23787.1	Protein_PB.23787.1	CLPP	CLPP	full-splice_match	YES	266.99	289.65	218.23
PB.23787.2	Protein_PB.23787.2	CLPP	CLPP	novel_not_in_catalog	YES	8.27	10.62	19.26
PB.23788.1	Protein_PB.23788.1	ALKBH7	ALKBH7	full-splice_match	YES	79.83	80.58	52.14
PB.23794.10	Protein_PB.23794.10	TRIP10	TRIP10	full-splice_match	YES	39.69	30.71	33.52
PB.23794.16	Protein_PB.23794.16	TRIP10	TRIP10	incomplete-splice_match	YES	30.94	4.63	10.67
PB.23794.7	Protein_PB.23794.7	TRIP10	TRIP10	full-splice_match	YES	637.06	656.69	629.13
PB.23802.1	Protein_PB.23802.1	MYO1F	MYO1F	full-splice_match	YES	16.52	19.04	25.16
PB.23805.2	Protein_PB.23805.2	KANK3	KANK3	full-splice_match	YES	69.75	61.48	53.46
PB.23806.1	Protein_PB.23806.1	NDUFA7	NDUFA7	full-splice_match	YES	979.86	1144.11	784.82
PB.23807.1	Protein_PB.23807.1	CD320	CD320	full-splice_match	YES	118.46	118.59	130.45
PB.23809.1	Protein_PB.23809.1	FBN3	FBN3	full-splice_match	YES	26.15	20.13	20.15
PB.2381.1	Protein_PB.2381.1	MRPS9	MRPS9	full-splice_match	YES	521.01	495.83	312.61
PB.2381.5	Protein_PB.2381.5	MRPS9	MRPS9	novel_in_catalog	YES	17.7	13.32	11.54
PB.23810.1	Protein_PB.23810.1	ELAVL1	ELAVL1	full-splice_match	YES	114.97	119.94	102.45
PB.23811.1	Protein_PB.23811.1	TIMM44	TIMM44	full-splice_match	YES	510.34	567.43	322.38
PB.23814.1	Protein_PB.23814.1	CD209	CD209	full-splice_match	YES	49.56	27.49	29.14
PB.23819.1	Protein_PB.23819.1	XAB2	XAB2	full-splice_match	YES	107.88	126.3	100.95
PB.23821.1	Protein_PB.23821.1	PEX11G	PEX11G	full-splice_match	YES	10.91	11.43	20.6
PB.23823.3	Protein_PB.23823.3	INSR	INSR	full-splice_match	YES	318.32	339.15	372.85
PB.23823.4	Protein_PB.23823.4	INSR	INSR	full-splice_match	YES	428.49	679.32	589.11
PB.23823.6	Protein_PB.23823.6	INSR	INSR	novel_not_in_catalog	YES	14.73	23.49	30.53
PB.23832.2	Protein_PB.23832.2	ZNF317	ZNF317	novel_not_in_catalog	YES	58.88	39.3	81.73
PB.23832.5	Protein_PB.23832.5	ZNF317	ZNF317	novel_in_catalog	YES	36.92	40.04	48.11
PB.23832.7	Protein_PB.23832.7	ZNF317	ZNF317	full-splice_match	YES	20.58	16.15	23.99
PB.23838.1	Protein_PB.23838.1	LOC113242963	LOC113242963	novel_not_in_catalog	YES	17.45	17.17	15.43
PB.2384.1		CUNH2orf49	CUNH2orf49	novel_not_in_catalog	NO	13.02	34.05	16.07
PB.2384.3	Protein_PB.2384.3	CUNH2orf49	CUNH2orf49	full-splice_match	YES	115.36	113.33	113.26
PB.2384.4	Protein_PB.2384.4	CUNH2orf49	CUNH2orf49	novel_not_in_catalog	YES	40.79	6.89	17.34
PB.2384.5	Protein_PB.2384.5	CUNH2orf49	CUNH2orf49	novel_not_in_catalog	YES	27.07	26.56	38.81
PB.2384.6	Protein_PB.2384.6	CUNH2orf49	CUNH2orf49	full-splice_match	YES	64.32	75.24	55.64
PB.23840.1	Protein_PB.23840.1	UBL5	UBL5	full-splice_match	YES	30.89	50.7	32.55
PB.23840.2		UBL5	UBL5	full-splice_match	NO	154.84	150.75	138.37
PB.23840.3		UBL5	UBL5	full-splice_match	NO	3.22	8.65	17.19
PB.23841.1	Protein_PB.23841.1	PIN1	PIN1	incomplete-splice_match	YES	77.73	68.73	74.34
PB.23841.2	Protein_PB.23841.2	PIN1	PIN1	full-splice_match	YES	189.78	231.77	181.34
PB.23845.3	Protein_PB.23845.3	LOC113242972	LOC113242972	novel_in_catalog	YES	61.98	71.86	65.0
PB.23845.4	Protein_PB.23845.4	LOC113242972	LOC113242972	full-splice_match	YES	31.42	22.62	14.52
PB.23847.1	Protein_PB.23847.1	MRPL4	MRPL4	full-splice_match	YES	186.65	235.3	147.44
PB.23847.12	Protein_PB.23847.12	MRPL4	MRPL4	novel_in_catalog	YES	79.58	92.96	77.21
PB.23847.2	Protein_PB.23847.2	MRPL4	MRPL4	novel_not_in_catalog	YES	62.82	64.71	38.89
PB.23848.1	Protein_PB.23848.1	ICAM1	ICAM1	full-splice_match	YES	59.15	44.67	50.36
PB.2385.2	Protein_PB.2385.2	NCK2	NCK2	full-splice_match	YES	69.35	56.87	103.05
PB.23852.1	Protein_PB.23852.1	PDE4A	PDE4A	full-splice_match	YES	364.52	396.5	399.68
PB.23852.2	Protein_PB.23852.2	PDE4A	PDE4A	full-splice_match	YES	39.46	28.64	44.69
PB.23852.4	Protein_PB.23852.4	PDE4A	PDE4A	full-splice_match	YES	291.66	320.29	160.03
PB.23853.1	Protein_PB.23853.1	ATG4D	ATG4D	full-splice_match	YES	41.7	38.14	46.46
PB.23853.2	Protein_PB.23853.2	ATG4D	ATG4D	full-splice_match	YES	895.48	1051.22	718.67
PB.23854.13	Protein_PB.23854.13	SLC44A2	SLC44A2	full-splice_match	YES	180.33	133.28	153.01
PB.23854.14	Protein_PB.23854.14	SLC44A2	SLC44A2	full-splice_match	YES	180.8	182.06	178.89
PB.23854.4	Protein_PB.23854.4	SLC44A2	SLC44A2	novel_in_catalog	YES	39.64	6.99	33.9
PB.23854.8	Protein_PB.23854.8	SLC44A2	SLC44A2	full-splice_match	YES	161.8	186.68	146.4
PB.23854.9	Protein_PB.23854.9	SLC44A2	SLC44A2	novel_in_catalog	YES	52.57	84.01	147.01
PB.23855.1	Protein_PB.23855.1	ILF3	ILF3	full-splice_match	YES	125.05	117.74	58.57
PB.23855.2	Protein_PB.23855.2	ILF3	ILF3	full-splice_match	YES	161.24	175.04	216.94
PB.23855.4	Protein_PB.23855.4	ILF3	ILF3	full-splice_match	YES	62.26	40.17	78.61
PB.23855.5	Protein_PB.23855.5	ILF3	ILF3	full-splice_match	YES	44.93	34.04	30.78
PB.23855.6	Protein_PB.23855.6	ILF3	ILF3	incomplete-splice_match	YES	195.46	179.75	201.83
PB.23857.5	Protein_PB.23857.5	QTRT1	QTRT1	full-splice_match	YES	69.14	68.35	47.86
PB.23858.1	Protein_PB.23858.1	DNM2	DNM2	full-splice_match	YES	111.09	181.46	155.88
PB.23858.2	Protein_PB.23858.2	DNM2	DNM2	full-splice_match	YES	30.18	39.35	5.45
PB.23858.4	Protein_PB.23858.4	DNM2	DNM2	full-splice_match	YES	88.3	39.1	89.24
PB.23858.7	Protein_PB.23858.7	DNM2	DNM2	full-splice_match	YES	347.52	403.17	369.61
PB.23858.9	Protein_PB.23858.9	DNM2	DNM2	novel_not_in_catalog	YES	253.98	347.26	255.69
PB.23860.1	Protein_PB.23860.1	CARM1	CARM1	full-splice_match	YES	122.82	106.68	128.69
PB.23860.2	Protein_PB.23860.2	CARM1	CARM1	full-splice_match	YES	389.87	359.84	287.45
PB.23860.3	Protein_PB.23860.3	CARM1	CARM1	full-splice_match	YES	37.15	21.82	35.2
PB.23861.1	Protein_PB.23861.1	TIMM29	TIMM29	full-splice_match	YES	51.1	48.16	52.52
PB.23862.10	Protein_PB.23862.10	SMARCA4	SMARCA4	full-splice_match	YES	35.22	27.05	41.48
PB.23862.13	Protein_PB.23862.13	SMARCA4	SMARCA4	incomplete-splice_match	YES	36.61	30.45	10.59
PB.23862.4	Protein_PB.23862.4	SMARCA4	SMARCA4	full-splice_match	YES	30.43	39.57	50.43
PB.23862.5	Protein_PB.23862.5	SMARCA4	SMARCA4	full-splice_match	YES	28.68	42.99	5.23
PB.23862.6	Protein_PB.23862.6	SMARCA4	SMARCA4	full-splice_match	YES	56.84	6.85	9.76
PB.23862.7	Protein_PB.23862.7	SMARCA4	SMARCA4	full-splice_match	YES	20.4	9.47	60.9
PB.23862.9	Protein_PB.23862.9	SMARCA4	SMARCA4	full-splice_match	YES	80.9	79.98	95.08
PB.23863.8	Protein_PB.23863.8	LDLR	LDLR	novel_not_in_catalog	YES	36.9	10.42	19.26
PB.23868.1	Protein_PB.23868.1	SWSAP1	SWSAP1	full-splice_match	YES	14.29	16.85	12.87
PB.23870.1	Protein_PB.23870.1	PRKCSH	PRKCSH	full-splice_match	YES	115.67	87.99	125.74
PB.23870.2	Protein_PB.23870.2	PRKCSH	PRKCSH	full-splice_match	YES	87.81	73.22	62.47
PB.23871.1	Protein_PB.23871.1	CNN1	CNN1	full-splice_match	YES	102.18	51.9	96.66
PB.23875.4	Protein_PB.23875.4	MIER2	MIER2	full-splice_match	YES	41.44	47.45	20.6
PB.23880.1	Protein_PB.23880.1	POLRMT	POLRMT	full-splice_match	YES	191.83	230.61	182.31
PB.23880.13	Protein_PB.23880.13	POLRMT	POLRMT	novel_in_catalog	YES	3.17	1.93	28.35
PB.23882.3	Protein_PB.23882.3	RNF126	RNF126	full-splice_match	YES	298.58	306.62	232.81
PB.23885.10	Protein_PB.23885.10	MED16	MED16	novel_in_catalog	YES	12.43	7.89	22.11
PB.23885.3	Protein_PB.23885.3	MED16	MED16	full-splice_match	YES	99.25	130.28	110.7
PB.23886.3	Protein_PB.23886.3	R3HDM4	R3HDM4	full-splice_match	YES	105.15	100.98	114.67
PB.23888.1	Protein_PB.23888.1	TMEM259	TMEM259	full-splice_match	YES	506.24	565.52	457.84
PB.23889.10	Protein_PB.23889.10	POLR2E	POLR2E	novel_in_catalog	YES	20.59	22.79	25.77
PB.23889.3	Protein_PB.23889.3	POLR2E	POLR2E	full-splice_match	YES	68.28	72.06	83.89
PB.23889.5	Protein_PB.23889.5	POLR2E	POLR2E	full-splice_match	YES	49.36	53.48	54.54
PB.23889.6	Protein_PB.23889.6	POLR2E	POLR2E	full-splice_match	YES	159.16	200.55	185.37
PB.23890.2	Protein_PB.23890.2	SBNO2	SBNO2	full-splice_match	YES	48.81	32.77	50.67
PB.23893.1	Protein_PB.23893.1	GAMT	GAMT	full-splice_match	YES	2481.43	2136.67	2008.86
PB.23893.2	Protein_PB.23893.2	GAMT	GAMT	full-splice_match	YES	337.91	272.9	180.25
PB.23894.1	Protein_PB.23894.1	CUNH19orf25	CUNH19orf25	full-splice_match	YES	69.14	89.45	60.44
PB.23895.8	Protein_PB.23895.8	PCSK4	PCSK4	full-splice_match	YES	10.47	11.25	24.62
PB.23896.1	Protein_PB.23896.1	ADAMTSL5	ADAMTSL5	full-splice_match	YES	139.73	214.64	137.49
PB.23896.2	Protein_PB.23896.2	ADAMTSL5	ADAMTSL5	full-splice_match	YES	124.21	132.72	101.44
PB.23896.3	Protein_PB.23896.3	ADAMTSL5	ADAMTSL5	novel_not_in_catalog	YES	29.57	26.43	20.87
PB.23897.1	Protein_PB.23897.1	MEX3D	MEX3D	full-splice_match	YES	47.88	47.47	75.74
PB.23898.3	Protein_PB.23898.3	MBD3	MBD3	full-splice_match	YES	18.2	14.93	12.63
PB.23898.4	Protein_PB.23898.4	MBD3	MBD3	full-splice_match	YES	24.04	18.34	11.05
PB.23898.7	Protein_PB.23898.7	MBD3	MBD3	full-splice_match	YES	26.31	23.8	12.62
PB.23898.8	Protein_PB.23898.8	MBD3	MBD3	full-splice_match	YES	211.43	185.08	214.58
PB.23898.9	Protein_PB.23898.9	MBD3	MBD3	full-splice_match	YES	355.82	315.77	220.83
PB.23899.1	Protein_PB.23899.1	LOC113242741	LOC113242741	novel_in_catalog	YES	1.74	4.72	17.51
PB.23899.2	Protein_PB.23899.2	LOC113242741	LOC113242741	full-splice_match	YES	4141.74	4169.98	3119.02
PB.239.1	Protein_PB.239.1	TMEM45A	TMEM45A	full-splice_match	YES	32.24	20.06	33.37
PB.23900.1	Protein_PB.23900.1	TCF3	TCF3	full-splice_match	YES	40.02	35.55	34.51
PB.23900.2	Protein_PB.23900.2	TCF3	TCF3	full-splice_match	YES	13.19	25.77	39.21
PB.23900.4	Protein_PB.23900.4	TCF3	TCF3	full-splice_match	YES	13.09	11.59	23.19
PB.23902.1	Protein_PB.23902.1	REXO1	REXO1	full-splice_match	YES	117.7	99.32	112.26
PB.23903.1	Protein_PB.23903.1	KLF16	KLF16	full-splice_match	YES	17.42	12.35	21.63
PB.23904.1	Protein_PB.23904.1	ABHD17A	ABHD17A	full-splice_match	YES	554.63	577.03	592.2
PB.23905.1	Protein_PB.23905.1	BTBD2	BTBD2	full-splice_match	YES	413.98	429.47	355.9
PB.23907.1	Protein_PB.23907.1	MKNK2	MKNK2	full-splice_match	YES	1544.57	2027.48	1826.47
PB.23908.1	Protein_PB.23908.1	MOB3A	MOB3A	full-splice_match	YES	41.73	50.84	35.32
PB.23909.1	Protein_PB.23909.1	AP3D1	AP3D1	full-splice_match	YES	543.38	527.51	376.93
PB.23909.3	Protein_PB.23909.3	AP3D1	AP3D1	incomplete-splice_match	YES	11.9	0.0	53.21
PB.23910.3	Protein_PB.23910.3	PLEKHJ1	PLEKHJ1	full-splice_match	YES	44.04	45.2	48.87
PB.23911.1	Protein_PB.23911.1	JSRP1	JSRP1	novel_not_in_catalog	YES	599.29	566.06	693.27
PB.23914.1	Protein_PB.23914.1	LSM7	LSM7	full-splice_match	YES	21.28	18.39	18.77
PB.23915.1	Protein_PB.23915.1	TIMM13	TIMM13	full-splice_match	YES	358.52	377.44	322.37
PB.23915.2		TIMM13	TIMM13	full-splice_match	NO	135.92	146.77	181.94
PB.23915.3		TIMM13	TIMM13	full-splice_match	NO	45.78	47.77	42.24
PB.23916.1	Protein_PB.23916.1	LMNB2	LMNB2	full-splice_match	YES	88.14	79.8	66.4
PB.23917.2	Protein_PB.23917.2	GNG7	GNG7	full-splice_match	YES	23.59	22.55	12.14
PB.23917.3	Protein_PB.23917.3	GNG7	GNG7	full-splice_match	YES	280.31	309.38	231.68
PB.23919.1	Protein_PB.23919.1	DIRAS1	DIRAS1	full-splice_match	YES	73.98	69.4	78.21
PB.23919.2	Protein_PB.23919.2	DIRAS1	DIRAS1	novel_not_in_catalog	YES	12.89	27.65	25.57
PB.23920.1	Protein_PB.23920.1	SLC39A3	SLC39A3	full-splice_match	YES	29.37	36.34	28.02
PB.23921.2	Protein_PB.23921.2	SGTA	SGTA	full-splice_match	YES	36.01	26.03	40.13
PB.23921.3	Protein_PB.23921.3	SGTA	SGTA	full-splice_match	YES	733.42	850.16	626.29
PB.23921.6	Protein_PB.23921.6	SGTA	SGTA	full-splice_match	YES	29.33	37.44	48.05
PB.23923.1	Protein_PB.23923.1	LOC113242786	LOC113242786	full-splice_match	YES	24.56	19.89	16.75
PB.23926.1	Protein_PB.23926.1	LOC113242772	LOC113242772	full-splice_match	YES	20.33	33.31	36.27
PB.23926.2	Protein_PB.23926.2	LOC113242772	LOC113242772	novel_not_in_catalog	YES	54.43	88.25	99.11
PB.23926.5	Protein_PB.23926.5	LOC113242772	LOC113242772	novel_in_catalog	YES	43.25	73.03	51.32
PB.23926.7	Protein_PB.23926.7	LOC113242772_LOC113242790	LOC113242772_LOC113242790	fusion	YES	216.07	267.26	354.78
PB.23926.8	Protein_PB.23926.8	LOC113242772	LOC113242772	novel_not_in_catalog	YES	31.11	20.02	45.76
PB.23926.9	Protein_PB.23926.9	LOC113242772	LOC113242772	novel_not_in_catalog	YES	254.19	294.83	385.21
PB.23928.4	Protein_PB.23928.4	TLE2	TLE2	full-splice_match	YES	32.91	38.32	32.81
PB.23929.1	Protein_PB.23929.1	AES	AES	full-splice_match	YES	1880.53	1740.53	1667.94
PB.23934.1	Protein_PB.23934.1	MFSD12	MFSD12	full-splice_match	YES	35.51	29.85	26.53
PB.23935.1	Protein_PB.23935.1	TBXA2R	TBXA2R	full-splice_match	YES	18.18	9.71	11.16
PB.23936.1	Protein_PB.23936.1	CACTIN	CACTIN	full-splice_match	YES	34.45	50.11	37.4
PB.23936.2	Protein_PB.23936.2	CACTIN	CACTIN	novel_not_in_catalog	YES	28.97	12.87	37.41
PB.23937.2	Protein_PB.23937.2	PIP5K1C	PIP5K1C	full-splice_match	YES	28.82	31.38	42.57
PB.23937.3	Protein_PB.23937.3	PIP5K1C	PIP5K1C	full-splice_match	YES	51.88	37.91	45.12
PB.23938.1	Protein_PB.23938.1	APBA3	APBA3	full-splice_match	YES	48.86	46.48	26.72
PB.23938.4	Protein_PB.23938.4	APBA3	APBA3	novel_in_catalog	YES	22.8	18.5	19.02
PB.23942.2	Protein_PB.23942.2	DAPK3	DAPK3	full-splice_match	YES	505.66	720.07	567.24
PB.23943.1	Protein_PB.23943.1	EEF2	EEF2	novel_not_in_catalog	YES	26.19	17.87	19.2
PB.23943.3	Protein_PB.23943.3	EEF2	EEF2	full-splice_match	YES	41804.94	40279.74	56632.68
PB.23943.4	Protein_PB.23943.4	EEF2	EEF2	novel_not_in_catalog	YES	54.83	56.9	83.54
PB.23943.5	Protein_PB.23943.5	EEF2	EEF2	novel_in_catalog	YES	124.67	89.62	576.67
PB.23945.1	Protein_PB.23945.1	ZBTB7A	ZBTB7A	novel_in_catalog	YES	89.57	72.6	112.76
PB.23946.1	Protein_PB.23946.1	MAP2K2	MAP2K2	full-splice_match	YES	505.87	532.41	442.28
PB.23947.2	Protein_PB.23947.2	SIRT6	SIRT6	full-splice_match	YES	14.6	16.52	19.03
PB.23951.1	Protein_PB.23951.1	SH3GL1	SH3GL1	full-splice_match	YES	101.74	71.73	67.3
PB.23952.1	Protein_PB.23952.1	UBXN6	UBXN6	full-splice_match	YES	1605.08	1791.79	2096.94
PB.23953.1	Protein_PB.23953.1	PLIN4	PLIN4	full-splice_match	YES	3526.22	4230.51	4173.6
PB.23953.3	Protein_PB.23953.3	PLIN4	PLIN4	incomplete-splice_match	YES	1548.35	1704.26	1508.68
PB.23953.4	Protein_PB.23953.4	PLIN4	PLIN4	novel_in_catalog	YES	15.21	14.65	24.29
PB.23954.1	Protein_PB.23954.1	PLIN5	PLIN5	novel_in_catalog	YES	51.66	159.37	134.75
PB.23954.2	Protein_PB.23954.2	PLIN5	PLIN5	full-splice_match	YES	6.74	47.71	52.14
PB.23954.3	Protein_PB.23954.3	PLIN5	PLIN5	full-splice_match	YES	5.92	22.87	12.66
PB.23954.6	Protein_PB.23954.6	PLIN5	PLIN5	full-splice_match	YES	204.19	504.92	472.68
PB.23957.2	Protein_PB.23957.2	MYDGF	MYDGF	full-splice_match	YES	39.31	33.25	36.49
PB.23958.2	Protein_PB.23958.2	DPP9	DPP9	full-splice_match	YES	153.98	166.29	126.91
PB.23958.3	Protein_PB.23958.3	DPP9	DPP9	full-splice_match	YES	47.58	47.4	58.65
PB.23961.1	Protein_PB.23961.1	PLIN3	PLIN3	full-splice_match	YES	12.27	18.67	17.11
PB.23961.2	Protein_PB.23961.2	PLIN3	PLIN3	full-splice_match	YES	10.23	14.15	22.63
PB.23961.3	Protein_PB.23961.3	PLIN3	PLIN3	full-splice_match	YES	245.65	371.72	311.14
PB.23961.4	Protein_PB.23961.4	PLIN3	PLIN3	full-splice_match	YES	26.94	23.19	17.81
PB.23963.1	Protein_PB.23963.1	PTPRS	PTPRS	full-splice_match	YES	82.86	58.75	70.37
PB.23963.3	Protein_PB.23963.3	PTPRS	PTPRS	full-splice_match	YES	41.35	20.55	32.75
PB.23963.4	Protein_PB.23963.4	PTPRS	PTPRS	full-splice_match	YES	43.34	18.71	53.29
PB.23966.1	Protein_PB.23966.1	SAFB2	SAFB2	full-splice_match	YES	85.02	82.04	85.69
PB.23967.1	Protein_PB.23967.1	CUNH19orf70	CUNH19orf70	full-splice_match	YES	454.77	566.38	421.85
PB.23968.1	Protein_PB.23968.1	LONP1	LONP1	full-splice_match	YES	678.53	754.83	647.49
PB.2397.7	Protein_PB.2397.7	LOC113267752	LOC113267752	full-splice_match	YES	35.01	16.11	14.86
PB.23970.3	Protein_PB.23970.3	DUS3L	DUS3L	full-splice_match	YES	28.66	24.1	36.98
PB.23971.1	Protein_PB.23971.1	NDUFA11	NDUFA11	full-splice_match	YES	1345.7	1418.4	1069.34
PB.23972.11	Protein_PB.23972.11	RANBP3	RANBP3	novel_in_catalog	YES	3.58	6.96	23.71
PB.23972.15	Protein_PB.23972.15	RANBP3	RANBP3	full-splice_match	YES	62.87	66.71	63.51
PB.23972.2	Protein_PB.23972.2	RANBP3	RANBP3	novel_in_catalog	YES	16.64	21.32	5.89
PB.23972.3	Protein_PB.23972.3	RANBP3	RANBP3	full-splice_match	YES	8.06	11.27	36.92
PB.23972.4	Protein_PB.23972.4	RANBP3	RANBP3	novel_in_catalog	YES	22.02	21.45	31.16
PB.23972.5	Protein_PB.23972.5	RANBP3	RANBP3	full-splice_match	YES	104.29	117.9	71.41
PB.23973.4	Protein_PB.23973.4	RFX2	RFX2	novel_not_in_catalog	YES	7.59	15.4	15.93
PB.23974.1	Protein_PB.23974.1	MLLT1	MLLT1	full-splice_match	YES	62.23	40.61	68.81
PB.23974.2	Protein_PB.23974.2	MLLT1	MLLT1	full-splice_match	YES	28.47	39.81	20.74
PB.23977.2	Protein_PB.23977.2	GTF2F1	GTF2F1	full-splice_match	YES	50.32	71.78	68.66
PB.23977.3	Protein_PB.23977.3	GTF2F1	GTF2F1	full-splice_match	YES	66.77	44.57	63.91
PB.23978.1	Protein_PB.23978.1	KHSRP	KHSRP	full-splice_match	YES	175.48	170.2	210.59
PB.2398.1	Protein_PB.2398.1	GCC2	GCC2	full-splice_match	YES	217.42	208.05	207.24
PB.2398.2	Protein_PB.2398.2	GCC2	GCC2	incomplete-splice_match	YES	18.34	16.53	10.86
PB.23980.1	Protein_PB.23980.1	SLC25A23	SLC25A23	full-splice_match	YES	22.4	17.32	19.83
PB.23980.3	Protein_PB.23980.3	SLC25A23	SLC25A23	full-splice_match	YES	15.43	24.82	20.21
PB.23985.9	Protein_PB.23985.9	C3	C3	novel_not_in_catalog	YES	68.56	29.51	11.34
PB.23986.1	Protein_PB.23986.1	GPR108	GPR108	full-splice_match	YES	45.66	41.88	44.57
PB.2399.1	Protein_PB.2399.1	LIMS1	LIMS1	full-splice_match	YES	274.41	181.68	328.27
PB.2399.5	Protein_PB.2399.5	LIMS1	LIMS1	full-splice_match	YES	196.69	182.29	234.89
PB.2399.6	Protein_PB.2399.6	LIMS1	LIMS1	full-splice_match	YES	22.89	115.21	77.07
PB.23992.1	Protein_PB.23992.1	HNRNPM	HNRNPM	full-splice_match	YES	29.37	13.29	26.68
PB.23992.10	Protein_PB.23992.10	HNRNPM	HNRNPM	full-splice_match	YES	6.95	16.04	23.01
PB.23992.2	Protein_PB.23992.2	HNRNPM	HNRNPM	full-splice_match	YES	203.41	199.19	230.3
PB.23992.3	Protein_PB.23992.3	HNRNPM	HNRNPM	full-splice_match	YES	51.1	48.92	47.17
PB.23992.33	Protein_PB.23992.33	HNRNPM	HNRNPM	novel_not_in_catalog	YES	10.62	2.97	17.95
PB.23992.7	Protein_PB.23992.7	HNRNPM	HNRNPM	full-splice_match	YES	49.92	47.61	68.11
PB.23992.8	Protein_PB.23992.8	HNRNPM	HNRNPM	full-splice_match	YES	180.99	191.26	191.38
PB.23992.9	Protein_PB.23992.9	HNRNPM	HNRNPM	full-splice_match	YES	34.38	14.95	41.3
PB.23993.2	Protein_PB.23993.2	MARCH2	MARCH2	full-splice_match	YES	41.12	40.31	36.22
PB.23993.4	Protein_PB.23993.4	MARCH2	MARCH2	novel_not_in_catalog	YES	70.36	84.29	64.4
PB.23994.1	Protein_PB.23994.1	LOC113242901	LOC113242901	novel_not_in_catalog	YES	78.6	68.33	99.84
PB.23994.2	Protein_PB.23994.2	LOC113242901	LOC113242901	full-splice_match	YES	32.57	23.35	41.46
PB.23995.1	Protein_PB.23995.1	ANGPTL4	ANGPTL4	full-splice_match	YES	9.95	6.61	167.0
PB.23996.1		RPS28	RPS28	full-splice_match	NO	2632.66	2612.78	3261.66
PB.23997.1	Protein_PB.23997.1	CERS4	CERS4	full-splice_match	YES	38.73	36.78	32.35
PB.23999.1	Protein_PB.23999.1	LOC113242909	LOC113242909	full-splice_match	YES	12.47	13.09	27.22
PB.24001.1	Protein_PB.24001.1	SNAPC2	SNAPC2	full-splice_match	YES	45.28	40.09	34.36
PB.24003.1	Protein_PB.24003.1	MAP2K7	MAP2K7	full-splice_match	YES	198.43	195.49	218.51
PB.24005.2	Protein_PB.24005.2	EVI5L	EVI5L	full-splice_match	YES	234.51	228.8	194.29
PB.24008.3	Protein_PB.24008.3	TRAPPC5	TRAPPC5	full-splice_match	YES	76.18	100.39	107.84
PB.24008.4	Protein_PB.24008.4	TRAPPC5	TRAPPC5	full-splice_match	YES	170.68	143.1	162.13
PB.2401.10	Protein_PB.2401.10	LOC113267793	LOC113267793	incomplete-splice_match	YES	165.54	212.95	152.29
PB.2401.15	Protein_PB.2401.15	LOC113267793	LOC113267793	incomplete-splice_match	YES	221.72	234.27	204.64
PB.2401.3	Protein_PB.2401.3	LOC113267793	LOC113267793	novel_not_in_catalog	YES	911.02	915.02	803.12
PB.2401.7	Protein_PB.2401.7	LOC113267793	LOC113267793	full-splice_match	YES	295.49	369.69	361.15
PB.2401.9	Protein_PB.2401.9	LOC113267793	LOC113267793	novel_not_in_catalog	YES	204.34	127.22	89.06
PB.24012.1		PET100	PET100	full-splice_match	NO	110.53	135.79	109.77
PB.24014.15	Protein_PB.24014.15	PNPLA6	PNPLA6	novel_not_in_catalog	YES	275.27	270.61	251.96
PB.24014.20	Protein_PB.24014.20	PNPLA6	PNPLA6	novel_not_in_catalog	YES	39.6	66.1	12.66
PB.24014.21	Protein_PB.24014.21	PNPLA6	PNPLA6	novel_in_catalog	YES	45.19	35.31	29.91
PB.24014.7	Protein_PB.24014.7	PNPLA6	PNPLA6	full-splice_match	YES	37.84	71.57	37.27
PB.24015.1	Protein_PB.24015.1	MCOLN1	MCOLN1	full-splice_match	YES	79.75	91.76	95.45
PB.24015.4	Protein_PB.24015.4	MCOLN1	MCOLN1	full-splice_match	YES	28.52	38.99	21.49
PB.24016.1	Protein_PB.24016.1	ZNF358	ZNF358	full-splice_match	YES	7.58	13.97	50.76
PB.24016.2	Protein_PB.24016.2	ZNF358	ZNF358	full-splice_match	YES	8.66	5.72	22.16
PB.24016.3	Protein_PB.24016.3	ZNF358	ZNF358	full-splice_match	YES	391.81	418.36	495.68
PB.24018.1	Protein_PB.24018.1	ARHGEF18	ARHGEF18	full-splice_match	YES	131.29	142.45	164.96
PB.24018.2	Protein_PB.24018.2	ARHGEF18	ARHGEF18	full-splice_match	YES	16.37	18.37	6.44
PB.24020.1	Protein_PB.24020.1	ZNF557	ZNF557	full-splice_match	YES	47.95	36.62	36.49
PB.2403.1	Protein_PB.2403.1	CCDC138	CCDC138	full-splice_match	YES	60.81	77.59	72.03
PB.2403.15	Protein_PB.2403.15	CCDC138	CCDC138	full-splice_match	YES	24.76	13.34	34.53
PB.2403.7	Protein_PB.2403.7	CCDC138	CCDC138	novel_in_catalog	YES	21.98	22.65	24.15
PB.24035.1	Protein_PB.24035.1	LOC113242943	LOC113242943	novel_not_in_catalog	YES	15.34	27.95	11.61
PB.24035.2	Protein_PB.24035.2	LOC113242943	LOC113242943	full-splice_match	YES	38.22	22.22	50.81
PB.24037.2	Protein_PB.24037.2	LOC113242947	LOC113242947	novel_not_in_catalog	YES	128.23	132.24	112.56
PB.24037.4	Protein_PB.24037.4	LOC113242947	LOC113242947	novel_not_in_catalog	YES	12.83	22.97	39.54
PB.24037.5	Protein_PB.24037.5	LOC113242947	LOC113242947	novel_not_in_catalog	YES	49.27	7.53	18.61
PB.24037.7	Protein_PB.24037.7	LOC113242947	LOC113242947	full-splice_match	YES	39.83	42.82	47.29
PB.24040.8	Protein_PB.24040.8	LOC113242682	LOC113242682	novel_not_in_catalog	YES	13.01	12.65	17.29
PB.24042.2	Protein_PB.24042.2	FBXL12	FBXL12	full-splice_match	YES	25.05	26.98	22.3
PB.24044.2	Protein_PB.24044.2	COL5A3	COL5A3	full-splice_match	YES	219.13	143.12	104.52
PB.24046.2	Protein_PB.24046.2	EIF3G	EIF3G	novel_not_in_catalog	YES	10.96	13.66	45.5
PB.24046.4	Protein_PB.24046.4	EIF3G	EIF3G	full-splice_match	YES	2528.58	2650.57	3847.89
PB.24047.1	Protein_PB.24047.1	DNMT1	DNMT1	full-splice_match	YES	33.68	3.49	18.68
PB.24047.3	Protein_PB.24047.3	DNMT1	DNMT1	full-splice_match	YES	71.6	66.19	73.14
PB.24047.4	Protein_PB.24047.4	DNMT1	DNMT1	novel_in_catalog	YES	12.32	37.6	9.91
PB.24048.1	Protein_PB.24048.1	S1PR2	S1PR2	full-splice_match	YES	22.11	16.4	21.88
PB.24051.1	Protein_PB.24051.1	FDX2	FDX2	full-splice_match	YES	85.2	83.17	77.04
PB.24051.4	Protein_PB.24051.4	RAVER1	RAVER1	full-splice_match	YES	21.38	16.97	17.86
PB.24053.2	Protein_PB.24053.2	TYK2	TYK2	full-splice_match	YES	11.26	11.38	26.96
PB.24054.1	Protein_PB.24054.1	CDC37	CDC37	full-splice_match	YES	882.78	957.74	970.62
PB.24055.2	Protein_PB.24055.2	KEAP1	KEAP1	full-splice_match	YES	685.94	716.42	946.99
PB.24055.3	Protein_PB.24055.3	KEAP1	KEAP1	novel_not_in_catalog	YES	171.14	180.6	78.06
PB.24055.4	Protein_PB.24055.4	KEAP1	KEAP1	novel_not_in_catalog	YES	27.64	158.09	29.81
PB.24055.5	Protein_PB.24055.5	KEAP1	KEAP1	full-splice_match	YES	1273.8	1271.72	963.27
PB.24055.6	Protein_PB.24055.6	KEAP1	KEAP1	novel_in_catalog	YES	196.77	98.59	109.51
PB.24055.7	Protein_PB.24055.7	KEAP1	KEAP1	novel_not_in_catalog	YES	611.59	759.91	257.52
PB.24055.8	Protein_PB.24055.8	KEAP1	KEAP1	novel_not_in_catalog	YES	856.58	909.0	635.46
PB.24057.2	Protein_PB.24057.2	KRI1	KRI1	full-splice_match	YES	68.54	59.05	51.5
PB.24057.3	Protein_PB.24057.3	KRI1	KRI1	full-splice_match	YES	13.4	22.73	31.67
PB.24058.1	Protein_PB.24058.1	CDKN2D	CDKN2D	full-splice_match	YES	76.0	74.62	91.56
PB.2406.3	Protein_PB.2406.3	SH3RF3	SH3RF3	full-splice_match	YES	48.09	41.87	21.59
PB.2406.4	Protein_PB.2406.4	SH3RF3	SH3RF3	incomplete-splice_match	YES	56.21	48.52	30.95
PB.24060.2		LOC113242998	LOC113242998	full-splice_match	NO	29.52	30.91	26.29
PB.24061.1	Protein_PB.24061.1	TMED1	TMED1	full-splice_match	YES	62.58	63.76	81.44
PB.24061.2	Protein_PB.24061.2	TMED1	TMED1	full-splice_match	YES	95.29	95.53	109.32
PB.24062.3	Protein_PB.24062.3	YIPF2	YIPF2	full-splice_match	YES	64.04	46.26	55.93
PB.24062.8	Protein_PB.24062.8	YIPF2	YIPF2	novel_in_catalog	YES	44.74	45.59	13.3
PB.24063.2		LOC113243009	LOC113243009	novel_not_in_catalog	NO	11.04	10.43	26.48
PB.24065.7	Protein_PB.24065.7	KANK2	KANK2	novel_not_in_catalog	YES	107.01	41.05	43.66
PB.24065.8	Protein_PB.24065.8	KANK2	KANK2	novel_not_in_catalog	YES	51.15	76.99	58.94
PB.24066.2	Protein_PB.24066.2	DOCK6	DOCK6	full-splice_match	YES	38.05	22.22	30.72
PB.24066.6	Protein_PB.24066.6	DOCK6	DOCK6	novel_not_in_catalog	YES	9.55	7.8	19.84
PB.24067.1	Protein_PB.24067.1	RAB3D	RAB3D	full-splice_match	YES	23.83	12.35	19.84
PB.24067.2	Protein_PB.24067.2	RAB3D	RAB3D	novel_in_catalog	YES	12.96	8.23	21.54
PB.24074.1	Protein_PB.24074.1	ECSIT	ECSIT	full-splice_match	YES	550.27	647.74	297.52
PB.24074.2	Protein_PB.24074.2	ECSIT	ECSIT	full-splice_match	YES	63.57	76.82	34.03
PB.24075.3	Protein_PB.24075.3	ELOF1	ELOF1	full-splice_match	YES	43.16	47.51	52.7
PB.24075.4	Protein_PB.24075.4	ELOF1	ELOF1	full-splice_match	YES	77.28	86.1	70.33
PB.2408.1	Protein_PB.2408.1	SOWAHC	SOWAHC	full-splice_match	YES	23.84	15.9	29.09
PB.24083.1	Protein_PB.24083.1	MAPK8	MAPK8	full-splice_match	YES	42.49	51.36	54.97
PB.24083.4	Protein_PB.24083.4	MAPK8	MAPK8	full-splice_match	YES	116.09	116.91	128.17
PB.24083.6	Protein_PB.24083.6	MAPK8	MAPK8	full-splice_match	YES	121.31	133.4	97.27
PB.24084.2	Protein_PB.24084.2	WDFY4	WDFY4	full-splice_match	YES	14.83	18.83	7.44
PB.24085.1	Protein_PB.24085.1	CUNH10orf71	CUNH10orf71	genic	YES	40.52	26.82	24.33
PB.24085.2	Protein_PB.24085.2	CUNH10orf71	CUNH10orf71	genic	YES	1298.96	1087.25	976.77
PB.24085.4	Protein_PB.24085.4	CUNH10orf71	CUNH10orf71	genic	YES	686.22	456.59	597.32
PB.24085.5	Protein_PB.24085.5	CUNH10orf71	CUNH10orf71	full-splice_match	YES	140.85	69.38	137.07
PB.2409.1	Protein_PB.2409.1	FAM110C	FAM110C	full-splice_match	YES	18.13	21.97	27.26
PB.2409.2	Protein_PB.2409.2	FAM110C	FAM110C	full-splice_match	YES	79.01	32.04	55.65
PB.24090.1	Protein_PB.24090.1	LOC113243118	LOC113243118	full-splice_match	YES	730.87	831.87	495.75
PB.24090.3		LOC113243192	LOC113243192	full-splice_match	NO	40.97	46.22	19.41
PB.24091.10	Protein_PB.24091.10	LOC113243115	LOC113243115	full-splice_match	YES	56.55	84.4	40.34
PB.24091.20	Protein_PB.24091.20	LOC113243115	LOC113243115	incomplete-splice_match	YES	30.36	26.92	57.24
PB.24091.21	Protein_PB.24091.21	LOC113243115	LOC113243115	incomplete-splice_match	YES	113.37	93.81	101.73
PB.24091.22	Protein_PB.24091.22	LOC113243115	LOC113243115	incomplete-splice_match	YES	73.9	40.04	78.59
PB.24091.24	Protein_PB.24091.24	LOC113243115	LOC113243115	incomplete-splice_match	YES	39.38	53.47	79.71
PB.24091.3	Protein_PB.24091.3	LOC113243115	LOC113243115	incomplete-splice_match	YES	20.81	22.87	30.42
PB.24091.5	Protein_PB.24091.5	LOC113243115	LOC113243115	incomplete-splice_match	YES	86.15	112.9	71.46
PB.24092.1	Protein_PB.24092.1	ZFAND4	ZFAND4	full-splice_match	YES	14.5	21.15	23.88
PB.24093.2	Protein_PB.24093.2	MARCH8	MARCH8	novel_in_catalog	YES	6.69	15.23	18.53
PB.24093.6	Protein_PB.24093.6	MARCH8	MARCH8	novel_not_in_catalog	YES	14.69	26.53	26.3
PB.24093.7	Protein_PB.24093.7	MARCH8	MARCH8	full-splice_match	YES	54.34	38.98	49.39
PB.24093.8	Protein_PB.24093.8	MARCH8	MARCH8	full-splice_match	YES	6.21	10.6	26.84
PB.24098.1	Protein_PB.24098.1	DEPP1	DEPP1	full-splice_match	YES	132.6	102.52	117.63
PB.241.1	Protein_PB.241.1	TFG	TFG	full-splice_match	YES	62.07	29.74	51.55
PB.241.4	Protein_PB.241.4	TFG	TFG	novel_in_catalog	YES	97.99	119.86	114.83
PB.241.9	Protein_PB.241.9	TFG	TFG	full-splice_match	YES	43.48	56.1	27.41
PB.24102.2		CXCL12	CXCL12	incomplete-splice_match	NO	569.11	884.83	853.24
PB.24102.3	Protein_PB.24102.3	CXCL12	CXCL12	novel_not_in_catalog	YES	12.99	12.18	33.97
PB.24102.5	Protein_PB.24102.5	CXCL12	CXCL12	full-splice_match	YES	146.53	189.61	134.69
PB.24102.6	Protein_PB.24102.6	CXCL12	CXCL12	full-splice_match	YES	77.99	103.63	116.37
PB.24103.1	Protein_PB.24103.1	ZNF32	ZNF32	full-splice_match	YES	134.52	142.57	108.33
PB.24103.2	Protein_PB.24103.2	ZNF32	ZNF32	full-splice_match	YES	13.15	9.61	17.12
PB.24103.3	Protein_PB.24103.3	ZNF32	ZNF32	full-splice_match	YES	27.71	32.21	15.64
PB.24106.10	Protein_PB.24106.10	HNRNPF	HNRNPF	full-splice_match	YES	20.35	7.05	5.32
PB.24106.12	Protein_PB.24106.12	HNRNPF	HNRNPF	full-splice_match	YES	29.04	40.7	27.07
PB.24106.13	Protein_PB.24106.13	HNRNPF	HNRNPF	full-splice_match	YES	190.18	212.2	220.53
PB.24106.14	Protein_PB.24106.14	HNRNPF	HNRNPF	full-splice_match	YES	86.99	118.3	93.8
PB.24106.5	Protein_PB.24106.5	HNRNPF	HNRNPF	full-splice_match	YES	54.98	37.75	61.53
PB.24106.7	Protein_PB.24106.7	HNRNPF	HNRNPF	novel_in_catalog	YES	78.94	77.47	35.62
PB.24106.9	Protein_PB.24106.9	HNRNPF	HNRNPF	novel_in_catalog	YES	23.56	17.74	14.97
PB.24109.1	Protein_PB.24109.1	IFIT5	IFIT5	full-splice_match	YES	49.23	42.95	70.46
PB.24110.3	Protein_PB.24110.3	KIF20B	KIF20B	full-splice_match	YES	4.08	0.95	17.47
PB.24112.3	Protein_PB.24112.3	RPP30	RPP30	full-splice_match	YES	137.23	148.38	116.48
PB.24115.1	Protein_PB.24115.1	PCGF5	PCGF5	full-splice_match	YES	122.74	94.17	68.14
PB.24115.2	Protein_PB.24115.2	PCGF5	PCGF5	full-splice_match	YES	401.99	473.0	505.99
PB.24115.3	Protein_PB.24115.3	PCGF5	PCGF5	novel_not_in_catalog	YES	6.84	10.56	35.06
PB.24115.4	Protein_PB.24115.4	PCGF5	PCGF5	full-splice_match	YES	158.15	163.37	306.77
PB.24115.5	Protein_PB.24115.5	PCGF5	PCGF5	novel_in_catalog	YES	50.19	39.83	55.27
PB.24116.1	Protein_PB.24116.1	HECTD2	HECTD2	full-splice_match	YES	24.63	16.02	24.16
PB.24119.1	Protein_PB.24119.1	TNKS2	TNKS2	full-splice_match	YES	982.51	1199.85	1212.23
PB.24119.2	Protein_PB.24119.2	TNKS2	TNKS2	novel_in_catalog	YES	513.17	467.91	470.79
PB.24120.2	Protein_PB.24120.2	BTAF1	BTAF1	full-splice_match	YES	155.7	151.97	132.03
PB.24120.3	Protein_PB.24120.3	BTAF1	BTAF1	incomplete-splice_match	YES	64.49	69.13	51.07
PB.24121.1	Protein_PB.24121.1	MARCH5	MARCH5	full-splice_match	YES	276.2	292.1	288.75
PB.24125.1	Protein_PB.24125.1	EXOC6	EXOC6	novel_not_in_catalog	YES	103.42	122.74	101.11
PB.24125.6	Protein_PB.24125.6	EXOC6	EXOC6	novel_not_in_catalog	YES	25.73	28.62	34.82
PB.24125.8	Protein_PB.24125.8	EXOC6	EXOC6	incomplete-splice_match	YES	20.57	11.39	24.93
PB.24133.1	Protein_PB.24133.1	LGI1	LGI1	full-splice_match	YES	28.14	56.61	42.59
PB.24133.2	Protein_PB.24133.2	LGI1	LGI1	full-splice_match	YES	11.39	15.56	18.06
PB.24133.4	Protein_PB.24133.4	LGI1	LGI1	novel_in_catalog	YES	48.77	77.32	38.41
PB.24135.1	Protein_PB.24135.1	SLC35G1	SLC35G1	full-splice_match	YES	42.0	40.21	20.68
PB.24136.2	Protein_PB.24136.2	PLCE1	PLCE1	full-splice_match	YES	52.15	13.9	51.28
PB.24136.3	Protein_PB.24136.3	PLCE1	PLCE1	full-splice_match	YES	56.01	70.32	60.94
PB.24136.4	Protein_PB.24136.4	PLCE1	PLCE1	full-splice_match	YES	30.82	33.9	17.17
PB.24137.1	Protein_PB.24137.1	TBC1D12	TBC1D12	full-splice_match	YES	39.01	29.05	35.45
PB.24137.3	Protein_PB.24137.3	TBC1D12	TBC1D12	full-splice_match	YES	37.9	30.48	26.43
PB.24137.4	Protein_PB.24137.4	TBC1D12	TBC1D12	full-splice_match	YES	2.59	8.35	23.23
PB.24137.7	Protein_PB.24137.7	TBC1D12	TBC1D12	full-splice_match	YES	19.32	17.34	26.82
PB.24139.1	Protein_PB.24139.1	HELLS	HELLS	full-splice_match	YES	24.08	24.33	22.45
PB.24149.2	Protein_PB.24149.2	ARHGAP22	ARHGAP22	full-splice_match	YES	17.58	10.83	13.02
PB.2415.1	Protein_PB.2415.1	PXDN	PXDN	full-splice_match	YES	193.32	103.72	86.89
PB.2415.3	Protein_PB.2415.3	PXDN	PXDN	novel_not_in_catalog	YES	31.32	50.5	26.75
PB.2415.5	Protein_PB.2415.5	PXDN	PXDN	full-splice_match	YES	48.0	17.18	14.53
PB.24154.1	Protein_PB.24154.1	VSTM4	VSTM4	full-splice_match	YES	99.27	68.84	78.78
PB.24157.2	Protein_PB.24157.2	novelGene_2777	novelGene_2777	intergenic	YES	21.03	13.34	20.43
PB.24159.2	Protein_PB.24159.2	ERCC6	ERCC6	full-splice_match	YES	18.53	22.28	10.39
PB.24159.5	Protein_PB.24159.5	ERCC6	ERCC6	novel_not_in_catalog	YES	11.9	9.98	23.18
PB.24161.3	Protein_PB.24161.3	PARG	PARG	full-splice_match	YES	45.33	56.77	63.54
PB.24161.4	Protein_PB.24161.4	PARG	PARG	full-splice_match	YES	51.01	65.15	55.01
PB.24161.5	Protein_PB.24161.5	PARG	PARG	novel_not_in_catalog	YES	14.59	19.6	16.73
PB.24161.6	Protein_PB.24161.6	PARG	PARG	novel_not_in_catalog	YES	150.88	154.84	145.83
PB.24162.1	Protein_PB.24162.1	NCOA4	NCOA4	novel_in_catalog	YES	148.56	170.67	79.44
PB.24162.11	Protein_PB.24162.11	NCOA4	NCOA4	novel_not_in_catalog	YES	46.65	35.86	78.64
PB.24162.13	Protein_PB.24162.13	NCOA4	NCOA4	novel_not_in_catalog	YES	1762.87	2239.63	1494.02
PB.24162.15	Protein_PB.24162.15	NCOA4	NCOA4	novel_not_in_catalog	YES	12.03	65.01	126.65
PB.24162.17	Protein_PB.24162.17	NCOA4	NCOA4	novel_not_in_catalog	YES	2893.26	3517.0	2492.5
PB.24162.20	Protein_PB.24162.20	NCOA4	NCOA4	full-splice_match	YES	53.92	12.9	157.85
PB.24162.22	Protein_PB.24162.22	NCOA4	NCOA4	full-splice_match	YES	565.64	407.73	361.47
PB.24162.23	Protein_PB.24162.23	NCOA4	NCOA4	novel_not_in_catalog	YES	38.74	84.7	112.65
PB.24162.25	Protein_PB.24162.25	NCOA4	NCOA4	novel_not_in_catalog	YES	210.7	395.22	225.97
PB.24162.27	Protein_PB.24162.27	NCOA4	NCOA4	novel_not_in_catalog	YES	1492.91	1494.34	1613.04
PB.24162.3	Protein_PB.24162.3	NCOA4	NCOA4	full-splice_match	YES	2144.54	2446.95	1823.95
PB.24162.4	Protein_PB.24162.4	NCOA4	NCOA4	novel_not_in_catalog	YES	1497.75	1831.09	2213.76
PB.24162.9	Protein_PB.24162.9	NCOA4	NCOA4	novel_not_in_catalog	YES	9.03	36.63	40.75
PB.24168.2	Protein_PB.24168.2	ZNF22	ZNF22	full-splice_match	YES	149.78	147.02	166.44
PB.24168.4	Protein_PB.24168.4	ZNF22	ZNF22	novel_not_in_catalog	YES	7.73	6.56	24.39
PB.24169.1	Protein_PB.24169.1	RASSF4	RASSF4	full-splice_match	YES	21.92	14.68	20.32
PB.24169.10	Protein_PB.24169.10	RASSF4	RASSF4	novel_not_in_catalog	YES	10.18	22.99	38.71
PB.24169.11	Protein_PB.24169.11	RASSF4	RASSF4	novel_not_in_catalog	YES	40.98	39.1	46.06
PB.24169.14	Protein_PB.24169.14	RASSF4	RASSF4	full-splice_match	YES	112.99	151.47	116.6
PB.24169.2	Protein_PB.24169.2	RASSF4	RASSF4	novel_not_in_catalog	YES	17.05	48.1	41.9
PB.24169.5	Protein_PB.24169.5	RASSF4	RASSF4	novel_not_in_catalog	YES	24.72	26.6	40.67
PB.24169.7	Protein_PB.24169.7	RASSF4	RASSF4	novel_in_catalog	YES	19.33	13.66	77.53
PB.24169.8	Protein_PB.24169.8	RASSF4	RASSF4	full-splice_match	YES	1150.09	1397.13	923.65
PB.24169.9	Protein_PB.24169.9	RASSF4	RASSF4	novel_in_catalog	YES	38.68	52.57	44.3
PB.24174.9		ZNF485	ZNF485	novel_not_in_catalog	NO	17.57	16.91	15.08
PB.24180.2	Protein_PB.24180.2	CSGALNACT2	CSGALNACT2	full-splice_match	YES	201.62	220.61	236.79
PB.24180.5	Protein_PB.24180.5	CSGALNACT2	CSGALNACT2	full-splice_match	YES	19.99	17.13	15.23
PB.24180.8	Protein_PB.24180.8	CSGALNACT2	CSGALNACT2	full-splice_match	YES	14.26	16.82	22.65
PB.24180.9	Protein_PB.24180.9	CSGALNACT2	CSGALNACT2	full-splice_match	YES	17.39	19.99	32.06
PB.24181.1	Protein_PB.24181.1	RET	RET	full-splice_match	YES	26.32	11.63	9.17
PB.24182.3	Protein_PB.24182.3	BMS1	BMS1	full-splice_match	YES	283.47	329.9	260.71
PB.24182.4	Protein_PB.24182.4	BMS1	BMS1	novel_in_catalog	YES	70.94	48.63	46.53
PB.24182.5	Protein_PB.24182.5	BMS1	BMS1	incomplete-splice_match	YES	38.32	36.28	25.84
PB.24182.7	Protein_PB.24182.7	LOC113243133	LOC113243133	full-splice_match	YES	15.51	18.61	18.34
PB.24182.8	Protein_PB.24182.8	LOC113243133_BMS1	LOC113243133_BMS1	fusion	YES	29.69	12.09	28.8
PB.24184.1	Protein_PB.24184.1	PANK1	PANK1	full-splice_match	YES	141.53	282.22	129.78
PB.24184.3	Protein_PB.24184.3	PANK1	PANK1	full-splice_match	YES	71.16	189.3	59.67
PB.24184.4	Protein_PB.24184.4	PANK1	PANK1	incomplete-splice_match	YES	209.84	235.59	277.85
PB.24186.1	Protein_PB.24186.1	ANKRD1	ANKRD1	full-splice_match	YES	18.22	7.89	86.74
PB.24186.2	Protein_PB.24186.2	ANKRD1	ANKRD1	novel_in_catalog	YES	20.01	5.25	29.07
PB.24186.3	Protein_PB.24186.3	ANKRD1	ANKRD1	novel_in_catalog	YES	203.04	129.15	477.2
PB.24186.4	Protein_PB.24186.4	ANKRD1	ANKRD1	novel_in_catalog	YES	1006.93	633.56	2833.18
PB.2419.10	Protein_PB.2419.10	EIPR1	EIPR1	full-splice_match	YES	30.97	25.06	27.04
PB.2419.6	Protein_PB.2419.6	EIPR1	EIPR1	full-splice_match	YES	98.82	118.59	78.68
PB.24190.1	Protein_PB.24190.1	novelGene_LOC113243073_AS	novelGene_LOC113243073_AS	antisense	YES	4.9	3.24	19.01
PB.24191.1	Protein_PB.24191.1	PPP1R3C	PPP1R3C	full-splice_match	YES	2622.07	2173.21	4990.4
PB.24196.4	Protein_PB.24196.4	CPEB3	CPEB3	full-splice_match	YES	201.92	232.97	280.85
PB.24196.5	Protein_PB.24196.5	CPEB3	CPEB3	full-splice_match	YES	19.31	18.26	29.73
PB.24196.6	Protein_PB.24196.6	CPEB3	CPEB3	full-splice_match	YES	17.62	28.47	40.48
PB.24197.1	Protein_PB.24197.1	IDE	IDE	full-splice_match	YES	243.81	293.81	119.61
PB.24197.2	Protein_PB.24197.2	IDE	IDE	full-splice_match	YES	239.04	225.98	266.96
PB.24197.3	Protein_PB.24197.3	IDE	IDE	novel_in_catalog	YES	424.23	504.47	378.13
PB.24197.4	Protein_PB.24197.4	IDE	IDE	novel_not_in_catalog	YES	124.36	127.41	118.94
PB.24200.1	Protein_PB.24200.1	MYOF	MYOF	full-splice_match	YES	186.86	81.3	170.88
PB.24200.7	Protein_PB.24200.7	MYOF	MYOF	incomplete-splice_match	YES	20.66	11.65	14.02
PB.24201.1	Protein_PB.24201.1	RBP4	RBP4	full-splice_match	YES	41.11	17.02	16.06
PB.24204.6	Protein_PB.24204.6	NOC3L	NOC3L	full-splice_match	YES	125.56	102.37	117.57
PB.24205.15	Protein_PB.24205.15	VRK3	VRK3	full-splice_match	YES	76.48	49.85	73.55
PB.24205.21	Protein_PB.24205.21	VRK3	VRK3	full-splice_match	YES	59.68	101.02	20.47
PB.24206.1	Protein_PB.24206.1	NUP62	NUP62	full-splice_match	YES	173.08	185.52	192.07
PB.24207.1	Protein_PB.24207.1	AKT1S1	AKT1S1	full-splice_match	YES	155.28	125.37	59.8
PB.24207.2	Protein_PB.24207.2	AKT1S1	AKT1S1	novel_not_in_catalog	YES	211.48	206.56	173.69
PB.24207.3	Protein_PB.24207.3	AKT1S1	AKT1S1	full-splice_match	YES	25.0	29.19	31.76
PB.24208.1	Protein_PB.24208.1	PNKP	PNKP	full-splice_match	YES	38.38	39.07	30.53
PB.2421.1	Protein_PB.2421.1	ADI1	ADI1	full-splice_match	YES	604.69	581.66	525.79
PB.24210.1	Protein_PB.24210.1	FUZ	FUZ	novel_in_catalog	YES	8.82	8.38	19.6
PB.24210.2	Protein_PB.24210.2	FUZ	FUZ	full-splice_match	YES	122.95	152.78	181.92
PB.24210.3	Protein_PB.24210.3	FUZ	FUZ	novel_in_catalog	YES	14.03	18.31	33.56
PB.24210.4	Protein_PB.24210.4	FUZ	FUZ	novel_in_catalog	YES	8.24	11.53	19.12
PB.24212.13	Protein_PB.24212.13	IRF3	IRF3	novel_in_catalog	YES	34.99	35.69	30.08
PB.24213.1	Protein_PB.24213.1	RRAS	RRAS	full-splice_match	YES	149.15	142.47	176.73
PB.24213.2	Protein_PB.24213.2	RRAS	RRAS	full-splice_match	YES	9.65	6.51	25.48
PB.24214.1	Protein_PB.24214.1	NOSIP	NOSIP	full-splice_match	YES	165.84	172.59	153.76
PB.24215.1	Protein_PB.24215.1	PIH1D1	PIH1D1	novel_not_in_catalog	YES	38.36	46.39	108.93
PB.24215.2	Protein_PB.24215.2	PIH1D1	PIH1D1	novel_in_catalog	YES	34.04	40.18	51.49
PB.24215.8	Protein_PB.24215.8	PIH1D1	PIH1D1	full-splice_match	YES	35.71	58.74	60.23
PB.24218.2	Protein_PB.24218.2	TEAD2	TEAD2	full-splice_match	YES	90.27	78.58	71.69
PB.24218.4	Protein_PB.24218.4	TEAD2	TEAD2	novel_not_in_catalog	YES	37.35	82.87	31.73
PB.24218.6	Protein_PB.24218.6	TEAD2	TEAD2	novel_not_in_catalog	YES	14.81	3.05	24.73
PB.24218.8	Protein_PB.24218.8	TEAD2	TEAD2	full-splice_match	YES	0.0	25.61	0.0
PB.2422.1	Protein_PB.2422.1	RNASEH1	RNASEH1	full-splice_match	YES	70.26	82.79	105.84
PB.2422.2	Protein_PB.2422.2	RNASEH1	RNASEH1	full-splice_match	YES	26.41	29.68	28.23
PB.2422.6	Protein_PB.2422.6	RNASEH1	RNASEH1	novel_not_in_catalog	YES	13.83	20.5	21.01
PB.24223.1	Protein_PB.24223.1	HRC	HRC	full-splice_match	YES	38.39	33.59	34.03
PB.24223.12	Protein_PB.24223.12	HRC	HRC	novel_in_catalog	YES	1437.27	1700.03	1205.74
PB.24223.13		HRC	HRC	incomplete-splice_match	NO	13.82	23.38	20.94
PB.24223.3	Protein_PB.24223.3	HRC	HRC	incomplete-splice_match	YES	249.56	339.63	175.16
PB.24223.4	Protein_PB.24223.4	HRC	HRC	novel_in_catalog	YES	46.35	41.03	45.07
PB.24223.5	Protein_PB.24223.5	HRC	HRC	novel_in_catalog	YES	69.49	87.25	145.21
PB.24223.7	Protein_PB.24223.7	HRC	HRC	novel_in_catalog	YES	1968.04	2405.6	1927.89
PB.24223.8	Protein_PB.24223.8	HRC	HRC	novel_in_catalog	YES	85.71	61.48	64.57
PB.24223.9	Protein_PB.24223.9	HRC	HRC	novel_not_in_catalog	YES	249.0	383.42	542.22
PB.24226.1	Protein_PB.24226.1	KCNA7	KCNA7	full-splice_match	YES	1094.75	1082.56	960.39
PB.24228.1	Protein_PB.24228.1	LHB	LHB	full-splice_match	YES	24.45	22.99	13.52
PB.24229.14	Protein_PB.24229.14	GYS1	GYS1	full-splice_match	YES	1926.39	2020.88	1187.49
PB.24229.22	Protein_PB.24229.22	GYS1	GYS1	novel_not_in_catalog	YES	22.74	39.24	29.46
PB.24229.24	Protein_PB.24229.24	GYS1	GYS1	incomplete-splice_match	YES	16.29	8.93	38.97
PB.24229.28	Protein_PB.24229.28	GYS1	GYS1	novel_not_in_catalog	YES	43.67	35.22	25.42
PB.24231.18	Protein_PB.24231.18	BCAT2	BCAT2	full-splice_match	YES	191.38	285.77	122.75
PB.24231.19	Protein_PB.24231.19	BCAT2	BCAT2	novel_not_in_catalog	YES	33.15	50.21	16.23
PB.24234.1	Protein_PB.24234.1	RASIP1	RASIP1	full-splice_match	YES	23.45	19.95	23.16
PB.24234.2	Protein_PB.24234.2	RASIP1	RASIP1	full-splice_match	YES	15.39	11.13	17.41
PB.24234.3	Protein_PB.24234.3	RASIP1	RASIP1	full-splice_match	YES	43.59	32.52	40.43
PB.24235.1	Protein_PB.24235.1	MAMSTR	MAMSTR	full-splice_match	YES	33.0	21.25	44.65
PB.24237.2	Protein_PB.24237.2	CA11	CA11	full-splice_match	YES	11.38	10.66	16.21
PB.24238.1	Protein_PB.24238.1	DBP	DBP	novel_in_catalog	YES	61.58	55.24	51.17
PB.24238.2	Protein_PB.24238.2	DBP	DBP	novel_not_in_catalog	YES	12.64	14.29	25.12
PB.24239.1	Protein_PB.24239.1	RPL18	RPL18	full-splice_match	YES	3255.23	3200.44	3689.72
PB.24239.2	Protein_PB.24239.2	RPL18	RPL18	novel_in_catalog	YES	5.38	5.47	38.11
PB.24242.1	Protein_PB.24242.1	KDELR1	KDELR1	novel_in_catalog	YES	71.68	79.78	98.55
PB.24242.2	Protein_PB.24242.2	KDELR1	KDELR1	full-splice_match	YES	56.51	49.84	67.35
PB.24243.6	Protein_PB.24243.6	TMEM143	TMEM143	novel_not_in_catalog	YES	92.72	80.98	52.76
PB.24243.8	Protein_PB.24243.8	TMEM143	TMEM143	novel_not_in_catalog	YES	66.74	60.86	42.72
PB.24246.2	Protein_PB.24246.2	LIG1	LIG1	full-splice_match	YES	14.13	10.08	17.09
PB.24252.1	Protein_PB.24252.1	NAPA	NAPA	full-splice_match	YES	907.44	978.24	882.13
PB.24253.1	Protein_PB.24253.1	KPTN	KPTN	full-splice_match	YES	111.62	108.92	65.93
PB.24259.2	Protein_PB.24259.2	ZC3H4	ZC3H4	full-splice_match	YES	39.66	42.74	39.78
PB.24259.4	Protein_PB.24259.4	ZC3H4	ZC3H4	full-splice_match	YES	19.84	13.29	35.68
PB.24259.5	Protein_PB.24259.5	ZC3H4	ZC3H4	full-splice_match	YES	19.25	15.06	25.44
PB.24260.1	Protein_PB.24260.1	TMEM160	TMEM160	full-splice_match	YES	38.29	30.99	16.43
PB.24261.1	Protein_PB.24261.1	AP2S1	AP2S1	full-splice_match	YES	137.72	136.26	117.96
PB.24262.1	Protein_PB.24262.1	SLC1A5	SLC1A5	full-splice_match	YES	41.22	23.02	31.66
PB.24263.1	Protein_PB.24263.1	STRN4	STRN4	full-splice_match	YES	30.68	13.31	22.08
PB.24263.2	Protein_PB.24263.2	STRN4	STRN4	full-splice_match	YES	190.66	193.25	182.98
PB.24270.1		LOC113243401	LOC113243401	full-splice_match	NO	21.19	28.45	20.1
PB.24278.1	Protein_PB.24278.1	MYPOP	MYPOP	full-splice_match	YES	50.55	56.62	44.9
PB.24279.1	Protein_PB.24279.1	IRF2BP1	IRF2BP1	full-splice_match	YES	87.82	97.0	119.47
PB.24280.2	Protein_PB.24280.2	SYMPK	SYMPK	full-splice_match	YES	370.8	334.47	345.53
PB.24282.1	Protein_PB.24282.1	DMWD	DMWD	full-splice_match	YES	127.06	133.28	150.09
PB.24282.2	Protein_PB.24282.2	DMWD	DMWD	full-splice_match	YES	130.63	153.53	87.09
PB.24283.4	Protein_PB.24283.4	DMPK	DMPK	full-splice_match	YES	233.02	315.3	396.3
PB.24283.5	Protein_PB.24283.5	DMPK	DMPK	full-splice_match	YES	139.2	213.24	206.59
PB.24283.6	Protein_PB.24283.6	DMPK	DMPK	full-splice_match	YES	344.93	398.76	365.18
PB.24283.7	Protein_PB.24283.7	DMPK	DMPK	full-splice_match	YES	564.92	589.63	688.2
PB.24283.8	Protein_PB.24283.8	DMPK	DMPK	full-splice_match	YES	29.02	26.81	0.0
PB.24283.9	Protein_PB.24283.9	DMPK	DMPK	novel_not_in_catalog	YES	26.03	28.1	37.8
PB.24284.1	Protein_PB.24284.1	SIX5	SIX5	full-splice_match	YES	22.15	27.33	22.23
PB.24285.1	Protein_PB.24285.1	FBXO46	FBXO46	full-splice_match	YES	19.19	22.13	30.8
PB.24286.1	Protein_PB.24286.1	SNRPD2	SNRPD2	full-splice_match	YES	460.4	531.8	501.96
PB.24288.1	Protein_PB.24288.1	EML2	EML2	full-splice_match	YES	66.92	74.33	65.2
PB.24290.1	Protein_PB.24290.1	OPA3	OPA3	full-splice_match	YES	320.37	333.86	216.61
PB.24292.1	Protein_PB.24292.1	RTN2	RTN2	full-splice_match	YES	148.79	170.72	124.82
PB.24292.2	Protein_PB.24292.2	RTN2	RTN2	novel_not_in_catalog	YES	707.15	655.22	786.22
PB.24292.3	Protein_PB.24292.3	RTN2	RTN2	novel_not_in_catalog	YES	927.83	982.59	1027.31
PB.24293.1	Protein_PB.24293.1	ERCC1	ERCC1	full-splice_match	YES	39.71	37.15	18.75
PB.24293.2	Protein_PB.24293.2	ERCC1	ERCC1	full-splice_match	YES	16.09	15.55	24.97
PB.24296.2	Protein_PB.24296.2	ERCC2	ERCC2	full-splice_match	YES	79.91	63.66	76.89
PB.24297.1	Protein_PB.24297.1	CKM	CKM	novel_not_in_catalog	YES	31612.87	31630.32	38418.98
PB.24297.2	Protein_PB.24297.2	CKM	CKM	novel_not_in_catalog	YES	171984.57	179128.93	167183.72
PB.24297.3	Protein_PB.24297.3	CKM	CKM	novel_in_catalog	YES	109.3	98.8	121.02
PB.24297.4	Protein_PB.24297.4	CKM	CKM	novel_not_in_catalog	YES	2267.88	1904.12	2980.77
PB.24297.5	Protein_PB.24297.5	CKM	CKM	novel_in_catalog	YES	80.3	81.31	72.4
PB.24297.6	Protein_PB.24297.6	CKM	CKM	novel_not_in_catalog	YES	15578.1	15730.73	26163.33
PB.24297.7	Protein_PB.24297.7	CKM	CKM	full-splice_match	YES	577840.41	595627.67	593303.62
PB.24306.2	Protein_PB.24306.2	CEACAM20	CEACAM20	full-splice_match	YES	65.27	57.84	25.91
PB.24307.2	Protein_PB.24307.2	ZNF180	ZNF180	full-splice_match	YES	19.09	17.24	16.94
PB.24310.2	Protein_PB.24310.2	ZNF112	ZNF112	novel_in_catalog	YES	38.12	34.61	35.78
PB.24313.3	Protein_PB.24313.3	ZNF235	ZNF235	novel_not_in_catalog	YES	29.32	20.18	19.69
PB.24320.10	Protein_PB.24320.10	SMG9	SMG9	full-splice_match	YES	45.16	34.31	35.74
PB.24320.5	Protein_PB.24320.5	SMG9	SMG9	novel_in_catalog	YES	23.23	24.57	35.35
PB.24322.1	Protein_PB.24322.1	CADM4	CADM4	full-splice_match	YES	32.61	41.46	46.79
PB.24323.1	Protein_PB.24323.1	ZNF428	ZNF428	incomplete-splice_match	YES	42.41	32.88	19.73
PB.24324.1	Protein_PB.24324.1	IRGQ	IRGQ	full-splice_match	YES	38.01	34.02	66.48
PB.24324.2	Protein_PB.24324.2	IRGQ	IRGQ	full-splice_match	YES	222.56	238.39	218.96
PB.24325.2	Protein_PB.24325.2	XRCC1	XRCC1	full-splice_match	YES	100.89	153.92	204.06
PB.24325.3	Protein_PB.24325.3	XRCC1	XRCC1	full-splice_match	YES	25.03	50.17	57.95
PB.24325.6	Protein_PB.24325.6	XRCC1	XRCC1	incomplete-splice_match	YES	52.99	69.28	102.57
PB.24326.1	Protein_PB.24326.1	ETHE1	ETHE1	full-splice_match	YES	183.36	192.28	156.01
PB.24326.2	Protein_PB.24326.2	ETHE1	ETHE1	full-splice_match	YES	27.16	35.09	33.21
PB.24327.2	Protein_PB.24327.2	PHLDB3	PHLDB3	full-splice_match	YES	35.87	41.71	47.0
PB.24332.1	Protein_PB.24332.1	RPS19	RPS19	full-splice_match	YES	3991.3	4024.78	5391.48
PB.24334.5	Protein_PB.24334.5	ARHGEF1	ARHGEF1	novel_in_catalog	YES	41.1	15.77	23.67
PB.24335.1	Protein_PB.24335.1	ZNF574	ZNF574	full-splice_match	YES	68.05	59.04	87.26
PB.24335.2	Protein_PB.24335.2	ZNF574	ZNF574	full-splice_match	YES	5.81	9.46	17.9
PB.24336.1	Protein_PB.24336.1	ZNF526	ZNF526	full-splice_match	YES	28.26	20.06	22.09
PB.24337.1	Protein_PB.24337.1	CIC	CIC	novel_in_catalog	YES	124.67	98.95	136.75
PB.24339.2	Protein_PB.24339.2	TMEM145	TMEM145	full-splice_match	YES	36.29	45.29	50.72
PB.24340.1	Protein_PB.24340.1	MEGF8	MEGF8	full-splice_match	YES	576.54	531.22	512.81
PB.24346.5	Protein_PB.24346.5	DMAC2	DMAC2	novel_not_in_catalog	YES	221.46	250.23	201.66
PB.24347.1	Protein_PB.24347.1	B3GNT8	B3GNT8	full-splice_match	YES	12.98	9.61	19.55
PB.24348.2	Protein_PB.24348.2	EXOSC5	EXOSC5	full-splice_match	YES	50.09	47.22	63.87
PB.2435.10	Protein_PB.2435.10	KIDINS220	KIDINS220	novel_not_in_catalog	YES	158.76	162.87	153.75
PB.2435.15	Protein_PB.2435.15	KIDINS220	KIDINS220	novel_not_in_catalog	YES	197.67	168.73	150.26
PB.2435.16	Protein_PB.2435.16	KIDINS220	KIDINS220	full-splice_match	YES	120.64	116.78	135.85
PB.2435.18	Protein_PB.2435.18	KIDINS220	KIDINS220	full-splice_match	YES	119.49	85.95	111.54
PB.2435.19	Protein_PB.2435.19	KIDINS220	KIDINS220	full-splice_match	YES	106.24	106.44	94.65
PB.2435.21	Protein_PB.2435.21	KIDINS220	KIDINS220	novel_not_in_catalog	YES	101.74	89.29	142.68
PB.2435.5	Protein_PB.2435.5	KIDINS220	KIDINS220	novel_not_in_catalog	YES	47.88	90.62	65.75
PB.2435.6	Protein_PB.2435.6	KIDINS220	KIDINS220	novel_not_in_catalog	YES	92.06	79.75	98.03
PB.2435.9	Protein_PB.2435.9	KIDINS220	KIDINS220	novel_not_in_catalog	YES	49.75	38.71	53.46
PB.24357.1	Protein_PB.24357.1	COQ8B	COQ8B	novel_not_in_catalog	YES	18.87	15.44	8.56
PB.24357.3	Protein_PB.24357.3	COQ8B	COQ8B	full-splice_match	YES	62.65	69.57	41.25
PB.2436.1	Protein_PB.2436.1	MBOAT2	MBOAT2	full-splice_match	YES	153.92	190.61	366.23
PB.2436.2	Protein_PB.2436.2	MBOAT2	MBOAT2	full-splice_match	YES	20.57	18.65	34.08
PB.24360.2	Protein_PB.24360.2	BLVRB	BLVRB	full-splice_match	YES	257.54	277.06	175.7
PB.24361.1	Protein_PB.24361.1	SERTAD3	SERTAD3	full-splice_match	YES	86.18	94.83	136.41
PB.24362.1	Protein_PB.24362.1	SERTAD1	SERTAD1	full-splice_match	YES	68.85	51.49	84.86
PB.24363.2	Protein_PB.24363.2	PRX	PRX	full-splice_match	YES	16.48	13.56	27.99
PB.24363.3	Protein_PB.24363.3	PRX	PRX	full-splice_match	YES	11.38	5.95	21.35
PB.24365.10	Protein_PB.24365.10	CUNH19orf47	CUNH19orf47	novel_not_in_catalog	YES	237.9	234.79	140.58
PB.24365.11	Protein_PB.24365.11	CUNH19orf47	CUNH19orf47	novel_not_in_catalog	YES	11.5	9.97	20.82
PB.24365.15	Protein_PB.24365.15	CUNH19orf47	CUNH19orf47	novel_not_in_catalog	YES	19.54	14.13	11.14
PB.24365.16	Protein_PB.24365.16	CUNH19orf47	CUNH19orf47	incomplete-splice_match	YES	100.15	83.99	66.06
PB.24365.17	Protein_PB.24365.17	CUNH19orf47	CUNH19orf47	novel_not_in_catalog	YES	247.8	207.25	306.48
PB.24365.2	Protein_PB.24365.2	CUNH19orf47	CUNH19orf47	novel_not_in_catalog	YES	338.31	369.87	288.98
PB.24366.11	Protein_PB.24366.11	AKT2	AKT2	novel_not_in_catalog	YES	30.03	15.01	102.1
PB.24366.17	Protein_PB.24366.17	AKT2	AKT2	novel_not_in_catalog	YES	0.0	39.86	12.72
PB.24366.24	Protein_PB.24366.24	AKT2	AKT2	novel_not_in_catalog	YES	30.74	44.26	51.09
PB.24366.25	Protein_PB.24366.25	AKT2	AKT2	novel_not_in_catalog	YES	32.21	37.85	105.15
PB.24366.26	Protein_PB.24366.26	AKT2	AKT2	novel_not_in_catalog	YES	105.32	83.15	75.27
PB.24366.28	Protein_PB.24366.28	AKT2	AKT2	novel_not_in_catalog	YES	67.9	55.05	88.35
PB.24366.3	Protein_PB.24366.3	AKT2	AKT2	novel_not_in_catalog	YES	100.24	79.34	99.0
PB.24366.4	Protein_PB.24366.4	AKT2	AKT2	novel_not_in_catalog	YES	142.21	132.33	98.81
PB.24366.5	Protein_PB.24366.5	AKT2	AKT2	full-splice_match	YES	47.75	59.2	56.24
PB.24369.2	Protein_PB.24369.2	LOC113243575	LOC113243575	novel_not_in_catalog	YES	37.56	41.86	37.21
PB.24373.2	Protein_PB.24373.2	FBL	FBL	full-splice_match	YES	305.05	318.71	306.52
PB.24374.1	Protein_PB.24374.1	DYRK1B	DYRK1B	full-splice_match	YES	628.42	552.73	474.62
PB.24374.3	Protein_PB.24374.3	DYRK1B	DYRK1B	full-splice_match	YES	29.28	28.43	22.93
PB.24374.6	Protein_PB.24374.6	DYRK1B	DYRK1B	novel_not_in_catalog	YES	624.12	616.39	526.92
PB.24374.7	Protein_PB.24374.7	DYRK1B	DYRK1B	incomplete-splice_match	YES	126.2	85.08	80.77
PB.24375.1	Protein_PB.24375.1	LOC113243581	LOC113243581	full-splice_match	YES	63.48	52.48	52.63
PB.24376.1	Protein_PB.24376.1	LOC113243583	LOC113243583	full-splice_match	YES	60.28	76.99	56.89
PB.24377.1	Protein_PB.24377.1	RPS16	RPS16	novel_not_in_catalog	YES	1408.52	1369.95	1599.43
PB.24377.3	Protein_PB.24377.3	RPS16	RPS16	full-splice_match	YES	595.85	533.36	661.72
PB.24379.1	Protein_PB.24379.1	PAF1	PAF1	full-splice_match	YES	169.75	146.2	125.65
PB.24379.8	Protein_PB.24379.8	PAF1	PAF1	novel_in_catalog	YES	18.82	21.06	32.18
PB.24387.1	Protein_PB.24387.1	SARS2	SARS2	full-splice_match	YES	70.52	77.9	61.63
PB.24389.4	Protein_PB.24389.4	SIRT2	SIRT2	full-splice_match	YES	282.12	294.87	378.57
PB.24389.7	Protein_PB.24389.7	SIRT2	SIRT2	novel_in_catalog	YES	138.21	184.79	89.68
PB.24391.1	Protein_PB.24391.1	HNRNPL	HNRNPL	full-splice_match	YES	279.81	278.12	277.15
PB.24391.11	Protein_PB.24391.11	HNRNPL	HNRNPL	incomplete-splice_match	YES	30.85	17.35	32.31
PB.24391.6	Protein_PB.24391.6	HNRNPL	HNRNPL	novel_not_in_catalog	YES	21.21	13.7	21.84
PB.24391.7	Protein_PB.24391.7	HNRNPL	HNRNPL	full-splice_match	YES	41.28	36.9	66.16
PB.24391.8	Protein_PB.24391.8	HNRNPL	HNRNPL	full-splice_match	YES	37.15	28.58	17.89
PB.24392.1	Protein_PB.24392.1	ECH1	ECH1	full-splice_match	YES	604.21	934.21	1193.36
PB.24399.1	Protein_PB.24399.1	YIF1B	YIF1B	full-splice_match	YES	31.68	27.16	29.41
PB.244.1	Protein_PB.244.1	TRMT10C	TRMT10C	full-splice_match	YES	123.73	141.27	107.29
PB.2440.2		ITGB1BP1	ITGB1BP1	novel_in_catalog	NO	13.01	15.35	34.11
PB.2440.3	Protein_PB.2440.3	ITGB1BP1	ITGB1BP1	full-splice_match	YES	73.39	77.69	95.21
PB.2440.5	Protein_PB.2440.5	ITGB1BP1	ITGB1BP1	full-splice_match	YES	126.57	112.96	64.38
PB.24400.1	Protein_PB.24400.1	PPP1R14A	PPP1R14A	full-splice_match	YES	32.1	24.5	22.36
PB.24405.3	Protein_PB.24405.3	LOC113243636	LOC113243636	novel_not_in_catalog	YES	36.27	31.52	45.37
PB.24405.5	Protein_PB.24405.5	LOC113243636	LOC113243636	novel_in_catalog	YES	32.43	33.15	40.6
PB.24405.6	Protein_PB.24405.6	LOC113243636	LOC113243636	novel_not_in_catalog	YES	2.21	5.9	20.21
PB.24409.4	Protein_PB.24409.4	ZNF527	ZNF527	full-splice_match	YES	16.65	19.74	27.0
PB.2441.8	Protein_PB.2441.8	ADAM17	ADAM17	full-splice_match	YES	146.07	140.38	58.27
PB.24411.1	Protein_PB.24411.1	LOC113243634	LOC113243634	full-splice_match	YES	29.83	25.99	22.76
PB.24411.4	Protein_PB.24411.4	LOC113243634	LOC113243634	novel_not_in_catalog	YES	6.42	25.15	7.59
PB.24413.2	Protein_PB.24413.2	ZNF473	ZNF473	full-splice_match	YES	37.32	33.93	35.82
PB.24415.2	Protein_PB.24415.2	ATF5	ATF5	full-splice_match	YES	31.39	39.15	61.31
PB.24416.8	Protein_PB.24416.8	TBC1D17	TBC1D17	full-splice_match	YES	279.6	330.45	276.72
PB.24417.1	Protein_PB.24417.1	PTOV1	PTOV1	full-splice_match	YES	83.15	87.61	111.3
PB.24417.2	Protein_PB.24417.2	PTOV1	PTOV1	novel_not_in_catalog	YES	273.27	306.28	334.39
PB.24418.1	Protein_PB.24418.1	MED25	MED25	full-splice_match	YES	55.51	38.87	68.32
PB.24418.3	Protein_PB.24418.3	MED25	MED25	full-splice_match	YES	136.07	173.49	179.49
PB.24419.1	Protein_PB.24419.1	AP2A1	AP2A1	full-splice_match	YES	788.3	837.58	812.6
PB.2442.1	Protein_PB.2442.1	YWHAQ	YWHAQ	full-splice_match	YES	58.51	42.61	53.05
PB.2442.2	Protein_PB.2442.2	YWHAQ	YWHAQ	novel_not_in_catalog	YES	316.91	263.52	274.43
PB.24422.1	Protein_PB.24422.1	PRMT1_ADM5	PRMT1_ADM5	full-splice_match	YES	18.9	23.53	22.86
PB.24422.3	Protein_PB.24422.3	PRMT1	PRMT1	full-splice_match	YES	778.69	953.84	1041.93
PB.24422.4	Protein_PB.24422.4	PRMT1	PRMT1	novel_in_catalog	YES	80.76	107.51	134.97
PB.24423.1		novelGene_IRF3_AS	novelGene_IRF3_AS	antisense	NO	24.69	26.76	6.94
PB.24424.1	Protein_PB.24424.1	SCAF1	SCAF1	full-splice_match	YES	15.25	17.53	31.63
PB.24424.2	Protein_PB.24424.2	SCAF1	SCAF1	full-splice_match	YES	85.63	69.54	86.98
PB.24425.1	Protein_PB.24425.1	PRR12	PRR12	full-splice_match	YES	50.11	31.64	64.94
PB.24427.1	Protein_PB.24427.1	RCN3	RCN3	full-splice_match	YES	34.65	17.73	27.77
PB.24427.3	Protein_PB.24427.3	RCN3	RCN3	novel_in_catalog	YES	38.9	25.28	27.73
PB.24428.1	Protein_PB.24428.1	FCGRT	FCGRT	full-splice_match	YES	61.04	55.41	76.19
PB.24428.2	Protein_PB.24428.2	FCGRT	FCGRT	full-splice_match	YES	463.57	432.68	772.83
PB.24428.3	Protein_PB.24428.3	FCGRT	FCGRT	novel_not_in_catalog	YES	37.06	44.01	87.29
PB.24429.1	Protein_PB.24429.1	RPS11	RPS11	full-splice_match	YES	5935.99	6245.34	8016.29
PB.24431.1	Protein_PB.24431.1	RPL13A	RPL13A	novel_in_catalog	YES	709.01	688.0	1394.04
PB.24431.10	Protein_PB.24431.10	FLT3LG	FLT3LG	novel_not_in_catalog	YES	20.69	12.63	15.92
PB.24431.2	Protein_PB.24431.2	RPL13A	RPL13A	novel_not_in_catalog	YES	2579.32	2332.75	1802.34
PB.24431.4	Protein_PB.24431.4	RPL13A	RPL13A	full-splice_match	YES	7495.09	7540.75	12475.55
PB.24431.6	Protein_PB.24431.6	FLT3LG	FLT3LG	full-splice_match	YES	8.04	16.27	19.83
PB.2444.1	Protein_PB.2444.1	CYS1	CYS1	full-splice_match	YES	42.39	26.18	25.58
PB.24441.1	Protein_PB.24441.1	TRPM4	TRPM4	novel_in_catalog	YES	42.26	42.32	51.04
PB.24444.1	Protein_PB.24444.1	LIN7B	LIN7B	full-splice_match	YES	61.67	65.49	93.39
PB.24445.1	Protein_PB.24445.1	SNRNP70	SNRNP70	full-splice_match	YES	36.37	35.56	41.41
PB.24445.2	Protein_PB.24445.2	SNRNP70	SNRNP70	full-splice_match	YES	44.18	35.0	28.28
PB.24445.3	Protein_PB.24445.3	SNRNP70	SNRNP70	full-splice_match	YES	83.73	84.35	87.43
PB.24445.4	Protein_PB.24445.4	SNRNP70	SNRNP70	novel_in_catalog	YES	16.11	13.28	19.62
PB.24445.5	Protein_PB.24445.5	SNRNP70	SNRNP70	novel_not_in_catalog	YES	26.19	17.56	19.34
PB.24445.6	Protein_PB.24445.6	SNRNP70	SNRNP70	novel_not_in_catalog	YES	41.19	26.35	42.51
PB.24445.7	Protein_PB.24445.7	SNRNP70	SNRNP70	novel_not_in_catalog	YES	77.92	60.88	59.09
PB.24446.2	Protein_PB.24446.2	RUVBL2	RUVBL2	full-splice_match	YES	124.69	141.73	137.46
PB.24447.2	Protein_PB.24447.2	FTL	FTL	incomplete-splice_match	YES	32.81	55.31	25.65
PB.24447.4	Protein_PB.24447.4	FTL	FTL	full-splice_match	YES	2813.21	3923.01	3028.71
PB.24449.1	Protein_PB.24449.1	DHDH	DHDH	full-splice_match	YES	48.94	71.65	39.69
PB.24450.11	Protein_PB.24450.11	NUCB1	NUCB1	novel_in_catalog	YES	122.95	187.46	144.74
PB.24450.3	Protein_PB.24450.3	NUCB1	NUCB1	full-splice_match	YES	152.02	141.67	178.4
PB.24450.7	Protein_PB.24450.7	NUCB1	NUCB1	novel_not_in_catalog	YES	387.91	365.75	349.14
PB.24450.8	Protein_PB.24450.8	NUCB1	NUCB1	novel_in_catalog	YES	5.25	28.8	0.02
PB.24450.9	Protein_PB.24450.9	NUCB1	NUCB1	novel_in_catalog	YES	257.44	203.79	326.75
PB.24451.1	Protein_PB.24451.1	PPP1R15A	PPP1R15A	full-splice_match	YES	141.15	102.04	172.39
PB.24451.2	Protein_PB.24451.2	PPP1R15A	PPP1R15A	novel_not_in_catalog	YES	44.1	51.9	91.03
PB.24459.2	Protein_PB.24459.2	CYTH2	CYTH2	full-splice_match	YES	67.02	62.62	92.18
PB.24461.1	Protein_PB.24461.1	GRWD1	GRWD1	full-splice_match	YES	107.36	99.07	78.78
PB.24464.4	Protein_PB.24464.4	EMP3	EMP3	full-splice_match	YES	30.49	12.68	27.17
PB.2447.1	Protein_PB.2447.1	ODC1	ODC1	full-splice_match	YES	80.99	55.24	74.73
PB.24471.1		SELENOW	SELENOW	full-splice_match	NO	652.73	673.57	488.41
PB.24472.1	Protein_PB.24472.1	NOP53	NOP53	full-splice_match	YES	1059.77	1008.18	2115.61
PB.24472.3	Protein_PB.24472.3	NOP53	NOP53	full-splice_match	YES	44.2	37.93	17.84
PB.24475.2	Protein_PB.24475.2	EHD2	EHD2	novel_not_in_catalog	YES	47.84	29.31	44.29
PB.24475.4	Protein_PB.24475.4	EHD2	EHD2	novel_not_in_catalog	YES	124.86	107.51	95.42
PB.24475.8	Protein_PB.24475.8	EHD2	EHD2	novel_in_catalog	YES	89.26	44.37	53.49
PB.24475.9	Protein_PB.24475.9	EHD2	EHD2	novel_in_catalog	YES	96.93	31.19	33.16
PB.24477.1	Protein_PB.24477.1	DHX34	DHX34	full-splice_match	YES	19.65	13.11	18.95
PB.24477.2	Protein_PB.24477.2	DHX34	DHX34	full-splice_match	YES	13.75	18.06	13.4
PB.24480.1	Protein_PB.24480.1	INAFM1	INAFM1	full-splice_match	YES	19.42	11.96	21.74
PB.24481.1	Protein_PB.24481.1	CCDC9	CCDC9	full-splice_match	YES	45.03	36.51	46.01
PB.24483.1	Protein_PB.24483.1	SAE1	SAE1	full-splice_match	YES	158.43	140.47	160.41
PB.24486.1	Protein_PB.24486.1	ARHGAP35	ARHGAP35	full-splice_match	YES	635.55	538.83	743.18
PB.24486.2	Protein_PB.24486.2	ARHGAP35	ARHGAP35	incomplete-splice_match	YES	54.77	123.1	132.09
PB.24487.1	Protein_PB.24487.1	FKRP	FKRP	full-splice_match	YES	182.74	184.77	163.8
PB.24489.6	Protein_PB.24489.6	CALM3	CALM3	full-splice_match	YES	1487.24	1170.27	1366.87
PB.24489.7	Protein_PB.24489.7	CALM3	CALM3	novel_not_in_catalog	YES	408.41	265.79	332.4
PB.2449.2	Protein_PB.2449.2	NOL10	NOL10	full-splice_match	YES	44.79	44.9	50.69
PB.2449.4	Protein_PB.2449.4	NOL10	NOL10	full-splice_match	YES	26.09	7.85	9.9
PB.2449.6	Protein_PB.2449.6	NOL10	NOL10	full-splice_match	YES	11.63	24.76	16.28
PB.24491.1	Protein_PB.24491.1	CCDC8	CCDC8	full-splice_match	YES	131.97	113.84	137.83
PB.24493.1	Protein_PB.24493.1	LOC113243236	LOC113243236	novel_not_in_catalog	YES	221.72	229.59	353.72
PB.24494.1	Protein_PB.24494.1	PPP5C	PPP5C	full-splice_match	YES	350.13	375.38	292.32
PB.24499.1	Protein_PB.24499.1	BHMG1	BHMG1	full-splice_match	YES	30.06	26.73	33.92
PB.245.11	Protein_PB.245.11	PCNP	PCNP	novel_in_catalog	YES	99.85	93.84	111.2
PB.245.13	Protein_PB.245.13	PCNP	PCNP	full-splice_match	YES	23.33	32.67	29.17
PB.245.2		PCNP	PCNP	novel_in_catalog	NO	83.04	93.49	125.1
PB.245.7	Protein_PB.245.7	PCNP	PCNP	full-splice_match	YES	53.76	58.6	52.71
PB.2450.3	Protein_PB.2450.3	PDIA6	PDIA6	full-splice_match	YES	362.52	370.17	365.5
PB.2450.9	Protein_PB.2450.9	PDIA6	PDIA6	novel_not_in_catalog	YES	11.9	8.24	21.22
PB.24500.1	Protein_PB.24500.1	QPCTL	QPCTL	full-splice_match	YES	31.76	35.34	24.03
PB.24502.1	Protein_PB.24502.1	VASP	VASP	full-splice_match	YES	57.13	24.44	49.99
PB.24502.2	Protein_PB.24502.2	VASP	VASP	full-splice_match	YES	47.25	37.36	46.67
PB.24505.1	Protein_PB.24505.1	CD3EAP	CD3EAP	full-splice_match	YES	45.09	44.51	51.25
PB.24507.1	Protein_PB.24507.1	MARK4	MARK4	full-splice_match	YES	29.12	26.16	27.66
PB.24507.2	Protein_PB.24507.2	MARK4	MARK4	full-splice_match	YES	19.04	17.01	16.2
PB.24510.1	Protein_PB.24510.1	PPP1R37	PPP1R37	full-splice_match	YES	213.54	267.88	231.77
PB.24510.2	Protein_PB.24510.2	PPP1R37	PPP1R37	novel_not_in_catalog	YES	55.78	20.94	23.11
PB.24511.13	Protein_PB.24511.13	GEMIN7	GEMIN7	novel_in_catalog	YES	34.12	36.49	32.61
PB.24512.1	Protein_PB.24512.1	CLASRP	CLASRP	full-splice_match	YES	43.6	43.24	47.91
PB.24513.3	Protein_PB.24513.3	RELB	RELB	full-splice_match	YES	48.02	44.57	68.79
PB.24514.1	Protein_PB.24514.1	CLPTM1	CLPTM1	full-splice_match	YES	870.59	973.0	964.73
PB.24518.1	Protein_PB.24518.1	APOE	APOE	full-splice_match	YES	35.07	44.42	29.08
PB.24519.1	Protein_PB.24519.1	TOMM40	TOMM40	full-splice_match	YES	318.73	424.48	336.49
PB.2452.1	Protein_PB.2452.1	ROCK2	ROCK2	full-splice_match	YES	2152.67	2483.12	1858.04
PB.24520.1	Protein_PB.24520.1	NECTIN2	NECTIN2	full-splice_match	YES	17.92	14.5	5.85
PB.24520.2	Protein_PB.24520.2	NECTIN2	NECTIN2	full-splice_match	YES	52.32	52.74	57.27
PB.24521.1	Protein_PB.24521.1	BCAM	BCAM	full-splice_match	YES	245.7	225.94	255.84
PB.24526.1	Protein_PB.24526.1	PVR	PVR	full-splice_match	YES	84.65	63.78	173.56
PB.24528.1	Protein_PB.24528.1	IGSF23	IGSF23	full-splice_match	YES	55.16	21.48	14.7
PB.24528.3	Protein_PB.24528.3	IGSF23	IGSF23	full-splice_match	YES	29.91	28.11	6.56
PB.24528.5	Protein_PB.24528.5	IGSF23	IGSF23	full-splice_match	YES	31.25	13.21	12.2
PB.24528.7	Protein_PB.24528.7	IGSF23	IGSF23	novel_not_in_catalog	YES	271.35	142.18	74.54
PB.24531.1	Protein_PB.24531.1	ZNF227	ZNF227	full-splice_match	YES	12.85	34.52	41.51
PB.24533.1	Protein_PB.24533.1	LOC113243476	LOC113243476	full-splice_match	YES	69.67	63.36	85.09
PB.24534.1	Protein_PB.24534.1	LOC113243479	LOC113243479	full-splice_match	YES	32.11	33.07	35.31
PB.24535.3	Protein_PB.24535.3	ZNF45	ZNF45	full-splice_match	YES	26.55	21.4	1.17
PB.24535.4	Protein_PB.24535.4	ZNF45	ZNF45	novel_not_in_catalog	YES	35.44	27.23	60.7
PB.24537.4	Protein_PB.24537.4	ZNF283	ZNF283	novel_not_in_catalog	YES	36.18	25.01	20.87
PB.24537.5	Protein_PB.24537.5	ZNF283	ZNF283	novel_not_in_catalog	YES	11.88	9.13	22.01
PB.24537.7	Protein_PB.24537.7	ZNF283	ZNF283	novel_not_in_catalog	YES	31.42	31.27	39.91
PB.24537.8	Protein_PB.24537.8	ZNF283	ZNF283	novel_not_in_catalog	YES	12.63	12.05	20.47
PB.24545.8	Protein_PB.24545.8	ZNF576	ZNF576	full-splice_match	YES	44.91	53.65	34.98
PB.24553.2	Protein_PB.24553.2	RABAC1	RABAC1	full-splice_match	YES	299.34	269.3	319.95
PB.24553.3	Protein_PB.24553.3	RABAC1	RABAC1	novel_in_catalog	YES	50.24	52.51	61.96
PB.24556.1	Protein_PB.24556.1	DEDD2	DEDD2	full-splice_match	YES	39.8	40.45	43.96
PB.24557.1	Protein_PB.24557.1	GSK3A	GSK3A	full-splice_match	YES	117.59	111.35	124.82
PB.24558.2	Protein_PB.24558.2	ERF	ERF	full-splice_match	YES	24.47	15.78	21.27
PB.24559.2	Protein_PB.24559.2	PAFAH1B3	PAFAH1B3	full-splice_match	YES	26.96	22.07	17.83
PB.2456.1	Protein_PB.2456.1	E2F6	E2F6	full-splice_match	YES	148.46	160.08	164.95
PB.2456.3	Protein_PB.2456.3	E2F6	E2F6	novel_not_in_catalog	YES	26.04	26.57	30.64
PB.24561.1	Protein_PB.24561.1	LIPE	LIPE	full-splice_match	YES	118.9	98.75	69.02
PB.24561.2	Protein_PB.24561.2	LIPE	LIPE	full-splice_match	YES	53.97	67.55	80.27
PB.24561.3	Protein_PB.24561.3	LIPE	LIPE	full-splice_match	YES	41.2	59.83	14.96
PB.24568.2	Protein_PB.24568.2	BCKDHA	BCKDHA	full-splice_match	YES	433.92	594.51	469.93
PB.24568.8	Protein_PB.24568.8	BCKDHA	BCKDHA	novel_not_in_catalog	YES	8.59	10.67	17.17
PB.2457.1	Protein_PB.2457.1	novelGene_GREB1_AS	novelGene_GREB1_AS	antisense	YES	25.19	26.14	20.55
PB.24570.1	Protein_PB.24570.1	CCDC97	CCDC97	full-splice_match	YES	30.21	21.63	30.9
PB.24570.5	Protein_PB.24570.5	CCDC97	CCDC97	novel_not_in_catalog	YES	11.85	13.03	16.49
PB.24571.1	Protein_PB.24571.1	HNRNPUL1	HNRNPUL1	novel_in_catalog	YES	829.66	750.86	738.77
PB.24573.1	Protein_PB.24573.1	AXL	AXL	full-splice_match	YES	105.47	64.76	131.62
PB.24573.2	Protein_PB.24573.2	AXL	AXL	novel_in_catalog	YES	85.31	14.29	51.42
PB.24573.7	Protein_PB.24573.7	AXL	AXL	novel_not_in_catalog	YES	163.63	98.71	101.2
PB.24576.1	Protein_PB.24576.1	LOC113243251	LOC113243251	full-splice_match	YES	27.36	34.65	8.43
PB.24578.4	Protein_PB.24578.4	EGLN2	EGLN2	novel_not_in_catalog	YES	92.7	87.93	91.12
PB.24578.5	Protein_PB.24578.5	EGLN2_RAB4B	EGLN2_RAB4B	fusion	YES	72.94	61.31	61.42
PB.24578.6	Protein_PB.24578.6	EGLN2	EGLN2	novel_in_catalog	YES	6.59	28.86	29.77
PB.24578.8	Protein_PB.24578.8	RAB4B	RAB4B	full-splice_match	YES	51.48	45.45	42.7
PB.24579.8	Protein_PB.24579.8	SNRPA	SNRPA	full-splice_match	YES	29.32	32.31	38.16
PB.24579.9	Protein_PB.24579.9	SNRPA	SNRPA	full-splice_match	YES	50.64	44.54	38.88
PB.24580.1	Protein_PB.24580.1	ITPKC	ITPKC	full-splice_match	YES	68.39	79.38	86.67
PB.24581.4	Protein_PB.24581.4	LTBP4	LTBP4	full-splice_match	YES	62.65	49.55	100.66
PB.24581.7	Protein_PB.24581.7	LTBP4	LTBP4	incomplete-splice_match	YES	19.92	0.0	24.46
PB.24581.8	Protein_PB.24581.8	LTBP4	LTBP4	full-splice_match	YES	851.05	601.61	957.5
PB.24582.2	Protein_PB.24582.2	SHKBP1	SHKBP1	full-splice_match	YES	38.9	36.88	36.42
PB.24585.2	Protein_PB.24585.2	PLD3	PLD3	full-splice_match	YES	37.12	40.1	36.47
PB.24585.4	Protein_PB.24585.4	PLD3	PLD3	full-splice_match	YES	47.43	53.84	91.89
PB.24585.5	Protein_PB.24585.5	PLD3	PLD3	novel_not_in_catalog	YES	10.75	14.49	23.12
PB.24586.1	Protein_PB.24586.1	MAP3K10	MAP3K10	full-splice_match	YES	136.91	137.06	113.71
PB.24588.1	Protein_PB.24588.1	PSMC4	PSMC4	full-splice_match	YES	739.73	783.23	747.64
PB.24593.1	Protein_PB.24593.1	TIMM50	TIMM50	full-splice_match	YES	370.52	432.02	262.26
PB.24594.1	Protein_PB.24594.1	SUPT5H	SUPT5H	full-splice_match	YES	73.47	78.67	13.44
PB.24594.3	Protein_PB.24594.3	SUPT5H	SUPT5H	full-splice_match	YES	137.06	118.48	182.1
PB.24594.4	Protein_PB.24594.4	SUPT5H	SUPT5H	full-splice_match	YES	109.62	109.23	168.37
PB.24597.1	Protein_PB.24597.1	ZFP36	ZFP36	full-splice_match	YES	53.39	49.73	88.07
PB.24598.1	Protein_PB.24598.1	MED29	MED29	full-splice_match	YES	76.05	80.08	68.58
PB.24598.2	Protein_PB.24598.2	MED29	MED29	novel_not_in_catalog	YES	73.08	68.47	76.74
PB.24599.1	Protein_PB.24599.1	SAMD4B	SAMD4B	full-splice_match	YES	18.94	20.77	40.84
PB.24599.2	Protein_PB.24599.2	SAMD4B	SAMD4B	full-splice_match	YES	50.31	40.81	37.18
PB.246.1	Protein_PB.246.1	CEP97	CEP97	full-splice_match	YES	27.2	33.88	13.88
PB.246.2	Protein_PB.246.2	CEP97	CEP97	novel_in_catalog	YES	21.28	17.7	4.01
PB.246.4	Protein_PB.246.4	CEP97	CEP97	incomplete-splice_match	YES	69.82	85.43	71.83
PB.246.7	Protein_PB.246.7	CEP97	CEP97	incomplete-splice_match	YES	59.61	61.35	108.92
PB.2460.1	Protein_PB.2460.1	NBAS	NBAS	full-splice_match	YES	488.72	543.9	518.86
PB.24602.4	Protein_PB.24602.4	PAK4	PAK4	full-splice_match	YES	103.21	116.52	112.04
PB.24604.1	Protein_PB.24604.1	MRPS12	MRPS12	full-splice_match	YES	174.13	189.84	125.74
PB.24604.2	Protein_PB.24604.2	MRPS12	MRPS12	novel_not_in_catalog	YES	62.33	84.96	76.48
PB.24605.1	Protein_PB.24605.1	NFKBIB	NFKBIB	full-splice_match	YES	58.14	65.05	85.56
PB.24605.2	Protein_PB.24605.2	NFKBIB	NFKBIB	full-splice_match	YES	10.09	11.27	17.07
PB.24607.1	Protein_PB.24607.1	novelGene_CAPN12_AS	novelGene_CAPN12_AS	antisense	YES	181.18	193.83	113.66
PB.24608.3	Protein_PB.24608.3	ACTN4	ACTN4	full-splice_match	YES	312.12	199.88	292.56
PB.24608.5	Protein_PB.24608.5	ACTN4	ACTN4	incomplete-splice_match	YES	125.67	86.68	104.93
PB.24609.2	Protein_PB.24609.2	EIF3K	EIF3K	full-splice_match	YES	2802.59	2819.71	3901.82
PB.24610.1	Protein_PB.24610.1	RYR1	RYR1	full-splice_match	YES	40118.43	30631.29	37636.85
PB.24610.2	Protein_PB.24610.2	RYR1	RYR1	incomplete-splice_match	YES	2720.96	2228.96	2656.91
PB.24611.1	Protein_PB.24611.1	FAM98C	FAM98C	full-splice_match	YES	73.39	71.07	88.31
PB.24613.2	Protein_PB.24613.2	PSMD8	PSMD8	full-splice_match	YES	881.82	997.26	672.91
PB.24617.1	Protein_PB.24617.1	SPINT2	SPINT2	full-splice_match	YES	28.51	11.56	26.54
PB.24617.4	Protein_PB.24617.4	SPINT2	SPINT2	novel_in_catalog	YES	20.15	13.56	18.33
PB.24617.5	Protein_PB.24617.5	SPINT2	SPINT2	full-splice_match	YES	18.7	19.14	18.57
PB.24618.4	Protein_PB.24618.4	SIPA1L3	SIPA1L3	full-splice_match	YES	14.27	8.37	22.03
PB.24619.1	Protein_PB.24619.1	ZNF573	ZNF573	full-splice_match	YES	17.17	21.05	25.58
PB.24619.2	Protein_PB.24619.2	ZNF573	ZNF573	novel_not_in_catalog	YES	34.35	34.53	38.19
PB.24619.3	Protein_PB.24619.3	ZNF573	ZNF573	novel_not_in_catalog	YES	32.08	36.55	26.99
PB.24619.7	Protein_PB.24619.7	ZNF573	ZNF573	novel_not_in_catalog	YES	15.95	17.78	16.6
PB.24621.3	Protein_PB.24621.3	LOC113243639_LOC113243630	LOC113243639_LOC113243630	fusion	YES	19.45	17.93	27.99
PB.24624.3	Protein_PB.24624.3	LOC113243631	LOC113243631	novel_in_catalog	YES	13.48	19.66	29.08
PB.24624.4	Protein_PB.24624.4	LOC113243631	LOC113243631	full-splice_match	YES	36.59	44.03	56.38
PB.24624.5	Protein_PB.24624.5	LOC113243631	LOC113243631	novel_not_in_catalog	YES	16.58	11.04	34.5
PB.24624.6	Protein_PB.24624.6	LOC113243631	LOC113243631	novel_not_in_catalog	YES	16.8	23.64	11.04
PB.24624.7	Protein_PB.24624.7	LOC113243631	LOC113243631	novel_not_in_catalog	YES	26.0	12.36	11.24
PB.24625.1	Protein_PB.24625.1	LOC113243704	LOC113243704	full-splice_match	YES	1115.69	747.39	1422.2
PB.24625.4	Protein_PB.24625.4	LOC113243704	LOC113243704	incomplete-splice_match	YES	236.68	146.67	311.05
PB.24628.1	Protein_PB.24628.1	NFKBIL1	NFKBIL1	full-splice_match	YES	400.55	375.07	485.21
PB.24628.2	Protein_PB.24628.2	NFKBIL1	NFKBIL1	full-splice_match	YES	12.7	15.1	31.83
PB.24634.2	Protein_PB.24634.2	PRRC2A	PRRC2A	full-splice_match	YES	409.47	357.06	437.86
PB.24635.1		novelGene_2811	novelGene_2811	intergenic	NO	21.87	22.05	19.09
PB.24637.1	Protein_PB.24637.1	CSNK2B	CSNK2B	full-splice_match	YES	446.37	469.85	437.85
PB.24637.5	Protein_PB.24637.5	LY6G5B	LY6G5B	full-splice_match	YES	7.4	9.08	16.58
PB.24642.1		LOC113243766	LOC113243766	full-splice_match	NO	38.83	38.64	70.74
PB.24646.1	Protein_PB.24646.1	SKIV2L	SKIV2L	full-splice_match	YES	216.06	231.49	229.88
PB.24647.4	Protein_PB.24647.4	STK19	STK19	incomplete-splice_match	YES	27.67	32.26	32.85
PB.24648.29	Protein_PB.24648.29	LOC113243734	LOC113243734	novel_not_in_catalog	YES	20.02	20.9	2.09
PB.24650.16	Protein_PB.24650.16	PPT2	PPT2	novel_not_in_catalog	YES	200.45	206.5	199.3
PB.24650.3	Protein_PB.24650.3	PPT2	PPT2	full-splice_match	YES	43.03	44.9	47.19
PB.24650.6	Protein_PB.24650.6	PPT2	PPT2	full-splice_match	YES	17.89	21.28	19.5
PB.24651.1	Protein_PB.24651.1	RNF5	RNF5	full-splice_match	YES	216.25	216.95	221.45
PB.24658.2	Protein_PB.24658.2	LOC113243774	LOC113243774	full-splice_match	YES	227.8	182.6	326.25
PB.24660.1	Protein_PB.24660.1	LOC113243776	LOC113243776	full-splice_match	YES	38.1	36.1	72.91
PB.24660.2	Protein_PB.24660.2	LOC113243776	LOC113243776	incomplete-splice_match	YES	33.18	24.51	52.76
PB.24662.1	Protein_PB.24662.1	LOC113243778	LOC113243778	full-splice_match	YES	32.04	23.54	32.84
PB.24665.1	Protein_PB.24665.1	BRD2	BRD2	incomplete-splice_match	YES	16.17	11.05	28.42
PB.24665.11	Protein_PB.24665.11	BRD2	BRD2	full-splice_match	YES	47.11	33.81	84.98
PB.24665.14	Protein_PB.24665.14	BRD2	BRD2	incomplete-splice_match	YES	19.98	27.22	10.63
PB.24665.15	Protein_PB.24665.15	BRD2	BRD2	full-splice_match	YES	77.53	62.12	90.67
PB.24665.16	Protein_PB.24665.16	BRD2	BRD2	incomplete-splice_match	YES	150.45	155.75	179.68
PB.24665.4	Protein_PB.24665.4	BRD2	BRD2	full-splice_match	YES	96.32	64.23	42.07
PB.24665.5	Protein_PB.24665.5	BRD2	BRD2	novel_not_in_catalog	YES	115.1	70.75	145.54
PB.24665.6	Protein_PB.24665.6	BRD2	BRD2	novel_not_in_catalog	YES	30.93	22.47	50.78
PB.24665.8	Protein_PB.24665.8	BRD2	BRD2	novel_not_in_catalog	YES	62.06	74.83	73.23
PB.24669.1	Protein_PB.24669.1	SLC39A7	SLC39A7	full-splice_match	YES	58.65	20.92	47.44
PB.24669.9	Protein_PB.24669.9	SLC39A7	SLC39A7	novel_in_catalog	YES	33.16	27.15	34.5
PB.24670.1	Protein_PB.24670.1	HSD17B8	HSD17B8	full-splice_match	YES	37.29	38.22	26.48
PB.24670.2	Protein_PB.24670.2	HSD17B8	HSD17B8	novel_in_catalog	YES	66.75	57.9	170.49
PB.24670.3	Protein_PB.24670.3	HSD17B8	HSD17B8	full-splice_match	YES	218.29	327.8	325.64
PB.24670.4	Protein_PB.24670.4	HSD17B8	HSD17B8	novel_in_catalog	YES	75.9	87.77	0.19
PB.24671.3	Protein_PB.24671.3	RING1	RING1	full-splice_match	YES	97.54	93.62	87.57
PB.24672.2	Protein_PB.24672.2	RPS18	RPS18	full-splice_match	YES	8035.38	8350.06	9198.39
PB.24672.3	Protein_PB.24672.3	B3GALT4_RPS18	B3GALT4_RPS18	fusion	YES	45.8	48.46	164.07
PB.24672.4	Protein_PB.24672.4	B3GALT4	B3GALT4	full-splice_match	YES	19.29	17.16	27.83
PB.24673.1	Protein_PB.24673.1	PFDN6	PFDN6	full-splice_match	YES	110.14	123.04	121.3
PB.24675.23	Protein_PB.24675.23	PHF1	PHF1	novel_not_in_catalog	YES	21.17	36.85	37.35
PB.24675.6	Protein_PB.24675.6	PHF1	PHF1	novel_in_catalog	YES	27.2	34.77	43.72
PB.24675.7	Protein_PB.24675.7	PHF1	PHF1	novel_in_catalog	YES	19.85	28.4	13.22
PB.24677.1	Protein_PB.24677.1	ZBTB9	ZBTB9	full-splice_match	YES	34.52	30.5	36.21
PB.2468.1	Protein_PB.2468.1	SMC6	SMC6	full-splice_match	YES	59.3	63.09	66.19
PB.2468.3	Protein_PB.2468.3	SMC6	SMC6	incomplete-splice_match	YES	62.23	54.9	49.93
PB.24682.1	Protein_PB.24682.1	ITPR3	ITPR3	full-splice_match	YES	61.92	50.27	53.53
PB.24684.1	Protein_PB.24684.1	HMGA1	HMGA1	full-splice_match	YES	27.62	30.51	25.25
PB.24684.2	Protein_PB.24684.2	HMGA1	HMGA1	full-splice_match	YES	46.22	36.41	52.18
PB.24688.1	Protein_PB.24688.1	SNRPC	SNRPC	full-splice_match	YES	321.59	359.31	322.49
PB.24689.1	Protein_PB.24689.1	UHRF1BP1	UHRF1BP1	full-splice_match	YES	1016.89	1184.42	1217.13
PB.24690.2	Protein_PB.24690.2	ANKS1A	ANKS1A	full-splice_match	YES	102.48	93.76	94.76
PB.24690.5	Protein_PB.24690.5	ANKS1A	ANKS1A	full-splice_match	YES	49.08	19.95	46.06
PB.24693.1	Protein_PB.24693.1	ZNF76	ZNF76	novel_not_in_catalog	YES	22.88	30.94	66.1
PB.24693.3	Protein_PB.24693.3	ZNF76	ZNF76	full-splice_match	YES	249.84	236.5	293.35
PB.24693.4	Protein_PB.24693.4	ZNF76	ZNF76	full-splice_match	YES	21.68	14.25	29.18
PB.24695.5	Protein_PB.24695.5	PPARD	PPARD	full-splice_match	YES	32.85	21.07	18.14
PB.24698.1	Protein_PB.24698.1	RPL10A	RPL10A	full-splice_match	YES	6898.78	6976.05	9744.61
PB.24698.2	Protein_PB.24698.2	RPL10A	RPL10A	novel_not_in_catalog	YES	49.32	43.54	169.1
PB.24698.3	Protein_PB.24698.3	RPL10A	RPL10A	novel_in_catalog	YES	30.54	18.94	76.22
PB.247.1	Protein_PB.247.1	NXPE3	NXPE3	full-splice_match	YES	43.53	87.75	45.46
PB.247.3	Protein_PB.247.3	NXPE3	NXPE3	full-splice_match	YES	41.97	33.17	14.76
PB.247.4	Protein_PB.247.4	NXPE3	NXPE3	full-splice_match	YES	268.14	410.33	184.29
PB.2470.1	Protein_PB.2470.1	RDH14	RDH14	full-splice_match	YES	160.1	169.97	175.32
PB.24706.1	Protein_PB.24706.1	MAPK14	MAPK14	novel_in_catalog	YES	94.81	104.75	59.25
PB.24706.15	Protein_PB.24706.15	MAPK14	MAPK14	incomplete-splice_match	YES	22.81	13.54	26.16
PB.24706.5	Protein_PB.24706.5	MAPK14	MAPK14	full-splice_match	YES	479.92	461.76	392.08
PB.24708.2	Protein_PB.24708.2	BRPF3	BRPF3	full-splice_match	YES	133.07	122.65	156.72
PB.24710.10	Protein_PB.24710.10	KCTD20	KCTD20	full-splice_match	YES	42.92	52.25	69.85
PB.24710.2	Protein_PB.24710.2	KCTD20	KCTD20	full-splice_match	YES	14.78	23.08	63.41
PB.24710.3	Protein_PB.24710.3	KCTD20	KCTD20	full-splice_match	YES	212.1	197.74	150.85
PB.24710.4	Protein_PB.24710.4	KCTD20	KCTD20	full-splice_match	YES	57.13	48.22	49.96
PB.24710.8	Protein_PB.24710.8	KCTD20	KCTD20	novel_in_catalog	YES	154.23	131.6	187.66
PB.24711.2	Protein_PB.24711.2	SRSF3	SRSF3	novel_not_in_catalog	YES	128.11	118.87	152.77
PB.24711.6	Protein_PB.24711.6	SRSF3	SRSF3	novel_not_in_catalog	YES	9.66	4.96	26.18
PB.24711.9	Protein_PB.24711.9	SRSF3	SRSF3	full-splice_match	YES	170.09	155.8	201.96
PB.24715.2	Protein_PB.24715.2	CUNH6orf89	CUNH6orf89	full-splice_match	YES	31.27	31.6	28.13
PB.24715.3	Protein_PB.24715.3	CUNH6orf89	CUNH6orf89	novel_in_catalog	YES	322.29	374.82	357.85
PB.24715.4	Protein_PB.24715.4	CUNH6orf89	CUNH6orf89	novel_in_catalog	YES	13.71	16.97	36.85
PB.24715.6	Protein_PB.24715.6	CUNH6orf89	CUNH6orf89	full-splice_match	YES	209.79	256.48	252.17
PB.24716.1	Protein_PB.24716.1	PI16	PI16	full-splice_match	YES	32.27	29.31	23.83
PB.24716.8	Protein_PB.24716.8	PI16	PI16	full-splice_match	YES	30.78	28.65	31.06
PB.24716.9	Protein_PB.24716.9	PI16	PI16	incomplete-splice_match	YES	46.29	12.82	19.75
PB.24718.1	Protein_PB.24718.1	PIM1	PIM1	full-splice_match	YES	27.96	20.67	33.45
PB.24720.3	Protein_PB.24720.3	TBC1D22B	TBC1D22B	full-splice_match	YES	21.03	32.29	25.3
PB.24721.2	Protein_PB.24721.2	RNF8	RNF8	full-splice_match	YES	70.15	112.23	106.21
PB.24721.4	Protein_PB.24721.4	RNF8	RNF8	full-splice_match	YES	260.5	210.09	210.21
PB.24721.7	Protein_PB.24721.7	RNF8	RNF8	novel_in_catalog	YES	22.36	39.63	23.33
PB.24722.2	Protein_PB.24722.2	CMTR1	CMTR1	full-splice_match	YES	264.14	278.46	328.47
PB.24724.1	Protein_PB.24724.1	ZFAND3	ZFAND3	full-splice_match	YES	565.51	608.69	464.7
PB.2473.2	Protein_PB.2473.2	OSR1	OSR1	novel_not_in_catalog	YES	21.37	13.62	19.07
PB.24732.1	Protein_PB.24732.1	DAAM2	DAAM2	full-splice_match	YES	80.62	64.61	78.35
PB.24733.1	Protein_PB.24733.1	LOC113243706	LOC113243706	full-splice_match	YES	78.48	64.88	131.47
PB.24734.1	Protein_PB.24734.1	DDX39B	DDX39B	full-splice_match	YES	250.34	262.67	329.9
PB.24734.3	Protein_PB.24734.3	DDX39B	DDX39B	novel_not_in_catalog	YES	113.43	87.71	135.66
PB.24734.9	Protein_PB.24734.9	DDX39B	DDX39B	novel_not_in_catalog	YES	41.96	15.19	24.6
PB.2474.1	Protein_PB.2474.1	TTC32	TTC32	full-splice_match	YES	12.11	18.25	15.75
PB.24740.10	Protein_PB.24740.10	BAG6	BAG6	full-splice_match	YES	75.89	48.52	110.54
PB.24740.2	Protein_PB.24740.2	BAG6	BAG6	full-splice_match	YES	24.85	12.56	13.65
PB.24740.21	Protein_PB.24740.21	BAG6	BAG6	novel_in_catalog	YES	5.29	33.92	18.41
PB.24740.23	Protein_PB.24740.23	BAG6	BAG6	novel_in_catalog	YES	49.1	90.71	69.56
PB.24740.24	Protein_PB.24740.24	BAG6	BAG6	novel_in_catalog	YES	23.38	68.61	3.12
PB.24740.25	Protein_PB.24740.25	BAG6	BAG6	novel_in_catalog	YES	162.31	185.27	170.99
PB.24740.27	Protein_PB.24740.27	BAG6	BAG6	novel_in_catalog	YES	42.64	24.21	45.47
PB.24740.28	Protein_PB.24740.28	BAG6	BAG6	novel_in_catalog	YES	18.91	5.99	42.35
PB.24740.3	Protein_PB.24740.3	BAG6	BAG6	full-splice_match	YES	110.46	107.63	94.21
PB.24740.30	Protein_PB.24740.30	BAG6	BAG6	novel_in_catalog	YES	32.34	33.7	73.58
PB.24740.4	Protein_PB.24740.4	BAG6	BAG6	full-splice_match	YES	341.5	210.76	201.57
PB.24740.5	Protein_PB.24740.5	BAG6	BAG6	full-splice_match	YES	200.74	318.77	150.72
PB.24740.6	Protein_PB.24740.6	BAG6	BAG6	full-splice_match	YES	75.92	147.64	103.36
PB.24740.7	Protein_PB.24740.7	BAG6	BAG6	full-splice_match	YES	66.58	68.87	2.52
PB.24740.9	Protein_PB.24740.9	BAG6	BAG6	full-splice_match	YES	96.84	154.19	316.35
PB.24741.1	Protein_PB.24741.1	CUNH6orf47	CUNH6orf47	full-splice_match	YES	193.86	195.34	204.76
PB.24742.2	Protein_PB.24742.2	GPANK1	GPANK1	full-splice_match	YES	35.5	62.28	52.96
PB.24742.3	Protein_PB.24742.3	GPANK1	GPANK1	full-splice_match	YES	96.4	101.85	83.71
PB.24744.2	Protein_PB.24744.2	ABHD16A	ABHD16A	full-splice_match	YES	386.33	536.91	445.39
PB.24747.3	Protein_PB.24747.3	DDAH2	DDAH2	full-splice_match	YES	69.6	44.1	75.24
PB.24748.1	Protein_PB.24748.1	CLIC1	CLIC1	full-splice_match	YES	164.11	98.61	94.82
PB.24749.1	Protein_PB.24749.1	VWA7	VWA7	full-splice_match	YES	255.53	249.24	138.22
PB.24749.2	Protein_PB.24749.2	VWA7	VWA7	novel_in_catalog	YES	9.68	11.81	21.71
PB.24750.1	Protein_PB.24750.1	VARS	VARS	novel_in_catalog	YES	497.43	462.96	533.12
PB.24751.1	Protein_PB.24751.1	LSM2	LSM2	full-splice_match	YES	140.07	141.35	126.82
PB.24752.2	Protein_PB.24752.2	LOC113243744	LOC113243744	full-splice_match	YES	78.15	41.79	57.16
PB.24753.1	Protein_PB.24753.1	NEU1	NEU1	full-splice_match	YES	87.22	82.58	76.27
PB.24755.6	Protein_PB.24755.6	EHMT2	EHMT2	full-splice_match	YES	36.92	53.19	52.15
PB.24756.1	Protein_PB.24756.1	ZBTB12	ZBTB12	full-splice_match	YES	24.58	23.77	30.36
PB.24757.2	Protein_PB.24757.2	NELFE	NELFE	full-splice_match	YES	84.29	79.26	81.81
PB.24758.4	Protein_PB.24758.4	DXO	DXO	full-splice_match	YES	28.73	23.02	14.54
PB.24759.4	Protein_PB.24759.4	TNXB	TNXB	novel_in_catalog	YES	2999.93	1792.14	2219.35
PB.2476.1	Protein_PB.2476.1	WDR35	WDR35	full-splice_match	YES	42.12	34.35	33.58
PB.24760.2	Protein_PB.24760.2	ATF6B	ATF6B	full-splice_match	YES	59.68	51.82	53.82
PB.24761.1	Protein_PB.24761.1	FKBPL	FKBPL	full-splice_match	YES	28.87	30.98	43.56
PB.24763.5	Protein_PB.24763.5	AGPAT1	AGPAT1	full-splice_match	YES	149.79	213.4	82.77
PB.24763.8	Protein_PB.24763.8	AGPAT1	AGPAT1	full-splice_match	YES	26.99	11.27	21.49
PB.24765.1	Protein_PB.24765.1	PBX2	PBX2	full-splice_match	YES	134.42	136.19	185.47
PB.24767.1	Protein_PB.24767.1	NOTCH4	NOTCH4	full-splice_match	YES	72.23	11.85	19.53
PB.24767.2	Protein_PB.24767.2	NOTCH4	NOTCH4	full-splice_match	YES	80.83	87.9	58.68
PB.24771.3	Protein_PB.24771.3	LOC113243775	LOC113243775	full-splice_match	YES	91.56	76.18	149.85
PB.24772.1	Protein_PB.24772.1	LOC113243777	LOC113243777	full-splice_match	YES	57.37	50.32	91.78
PB.24774.1	Protein_PB.24774.1	TAP2	TAP2	full-splice_match	YES	36.5	22.61	56.59
PB.24774.3	Protein_PB.24774.3	TAP2	TAP2	full-splice_match	YES	4.41	19.43	0.97
PB.24774.4	Protein_PB.24774.4	TAP2	TAP2	full-splice_match	YES	19.75	13.56	19.58
PB.24776.1	Protein_PB.24776.1	TAP1	TAP1	full-splice_match	YES	34.46	20.01	49.01
PB.2478.1	Protein_PB.2478.1	LAPTM4A	LAPTM4A	full-splice_match	YES	625.03	530.28	549.57
PB.24785.1	Protein_PB.24785.1	RXRB	RXRB	full-splice_match	YES	47.74	38.47	79.08
PB.24785.2	Protein_PB.24785.2	RXRB	RXRB	full-splice_match	YES	71.72	84.44	76.63
PB.24785.3	Protein_PB.24785.3	RXRB	RXRB	novel_in_catalog	YES	28.86	32.96	27.66
PB.24785.4	Protein_PB.24785.4	RXRB	RXRB	novel_in_catalog	YES	41.62	56.61	54.81
PB.24786.2	Protein_PB.24786.2	VPS52	VPS52	full-splice_match	YES	133.79	124.63	100.39
PB.24786.6	Protein_PB.24786.6	VPS52	VPS52	full-splice_match	YES	8.08	8.2	19.76
PB.24787.1	Protein_PB.24787.1	WDR46	WDR46	full-splice_match	YES	101.66	109.84	119.89
PB.24788.1	Protein_PB.24788.1	RGL2	RGL2	full-splice_match	YES	19.24	25.11	30.22
PB.24788.11	Protein_PB.24788.11	RGL2	RGL2	novel_not_in_catalog	YES	23.8	26.68	48.23
PB.24788.12	Protein_PB.24788.12	RGL2	RGL2	novel_not_in_catalog	YES	113.02	130.96	113.33
PB.24788.14	Protein_PB.24788.14	RGL2	RGL2	novel_not_in_catalog	YES	34.7	34.82	23.72
PB.24788.5	Protein_PB.24788.5	RGL2	RGL2	novel_in_catalog	YES	0.0	10.46	15.67
PB.24788.8	Protein_PB.24788.8	RGL2	RGL2	novel_not_in_catalog	YES	46.74	31.25	31.96
PB.24788.9	Protein_PB.24788.9	RGL2	RGL2	novel_in_catalog	YES	11.48	12.84	28.6
PB.24789.1	Protein_PB.24789.1	TAPBP	TAPBP	full-splice_match	YES	142.45	133.96	165.28
PB.24789.2	Protein_PB.24789.2	TAPBP	TAPBP	novel_in_catalog	YES	25.51	23.76	5.28
PB.24790.1	Protein_PB.24790.1	ZBTB22	ZBTB22	full-splice_match	YES	39.38	48.37	78.29
PB.24791.1	Protein_PB.24791.1	DAXX	DAXX	full-splice_match	YES	5.28	25.73	37.49
PB.24791.10	Protein_PB.24791.10	DAXX	DAXX	novel_in_catalog	YES	30.59	30.49	41.64
PB.24791.6	Protein_PB.24791.6	DAXX	DAXX	full-splice_match	YES	72.65	64.05	33.39
PB.24793.1	Protein_PB.24793.1	CUTA	CUTA	novel_not_in_catalog	YES	122.73	131.99	134.48
PB.24795.1	Protein_PB.24795.1	BAK1	BAK1	full-splice_match	YES	31.35	51.08	39.5
PB.24795.4	Protein_PB.24795.4	BAK1	BAK1	novel_not_in_catalog	YES	37.19	9.67	51.28
PB.24795.5	Protein_PB.24795.5	BAK1	BAK1	novel_not_in_catalog	YES	75.72	69.54	99.1
PB.24796.1	Protein_PB.24796.1	LOC113243815	LOC113243815	full-splice_match	YES	609.04	735.22	490.46
PB.24797.1	Protein_PB.24797.1	IP6K3	IP6K3	full-splice_match	YES	19.01	19.2	6.62
PB.24797.3	Protein_PB.24797.3	IP6K3	IP6K3	novel_not_in_catalog	YES	86.22	116.05	95.8
PB.24797.5	Protein_PB.24797.5	IP6K3	IP6K3	novel_not_in_catalog	YES	49.56	71.96	58.45
PB.24797.6	Protein_PB.24797.6	IP6K3	IP6K3	novel_not_in_catalog	YES	592.25	518.95	351.8
PB.24797.7	Protein_PB.24797.7	IP6K3	IP6K3	novel_not_in_catalog	YES	23.48	55.9	28.15
PB.24798.1	Protein_PB.24798.1	LEMD2	LEMD2	full-splice_match	YES	237.2	292.61	269.66
PB.248.1	Protein_PB.248.1	NFKBIZ	NFKBIZ	full-splice_match	YES	6.6	9.87	16.6
PB.24801.2	Protein_PB.24801.2	LOC113243824	LOC113243824	full-splice_match	YES	45.19	53.08	45.87
PB.24803.1	Protein_PB.24803.1	NUDT3	NUDT3	full-splice_match	YES	1766.49	1853.55	2312.57
PB.24804.1	Protein_PB.24804.1	RPS10	RPS10	full-splice_match	YES	3313.49	3677.63	3487.4
PB.24804.2	Protein_PB.24804.2	RPS10	RPS10	full-splice_match	YES	9.15	14.69	56.06
PB.24806.1	Protein_PB.24806.1	CUNH6orf106	CUNH6orf106	full-splice_match	YES	449.05	295.25	814.54
PB.24806.2	Protein_PB.24806.2	CUNH6orf106	CUNH6orf106	full-splice_match	YES	1102.41	1150.71	689.96
PB.24806.3	Protein_PB.24806.3	CUNH6orf106	CUNH6orf106	novel_not_in_catalog	YES	46.49	31.55	117.46
PB.24806.4	Protein_PB.24806.4	CUNH6orf106	CUNH6orf106	novel_not_in_catalog	YES	1192.15	1160.64	953.31
PB.24809.2	Protein_PB.24809.2	TAF11	TAF11	full-splice_match	YES	73.08	69.11	67.07
PB.24809.3	Protein_PB.24809.3	TAF11	TAF11	novel_not_in_catalog	YES	89.7	91.31	98.04
PB.24813.1	Protein_PB.24813.1	TEAD3	TEAD3	full-splice_match	YES	68.95	79.0	89.3
PB.24814.1	Protein_PB.24814.1	FKBP5	FKBP5	full-splice_match	YES	185.6	221.66	154.46
PB.24814.10	Protein_PB.24814.10	FKBP5	FKBP5	novel_in_catalog	YES	40.74	21.34	13.15
PB.24814.11	Protein_PB.24814.11	FKBP5	FKBP5	novel_in_catalog	YES	24.08	25.01	49.58
PB.24814.3	Protein_PB.24814.3	FKBP5	FKBP5	full-splice_match	YES	35.35	38.63	15.65
PB.24814.4	Protein_PB.24814.4	FKBP5	FKBP5	full-splice_match	YES	112.53	111.16	22.1
PB.24814.6	Protein_PB.24814.6	FKBP5	FKBP5	full-splice_match	YES	83.02	76.72	48.37
PB.24814.7	Protein_PB.24814.7	FKBP5	FKBP5	full-splice_match	YES	2.91	0.46	57.85
PB.24814.8	Protein_PB.24814.8	FKBP5	FKBP5	full-splice_match	YES	267.51	144.96	58.08
PB.24818.1	Protein_PB.24818.1	SRPK1	SRPK1	novel_not_in_catalog	YES	7.93	17.94	42.58
PB.24818.2	Protein_PB.24818.2	SRPK1	SRPK1	novel_not_in_catalog	YES	372.93	346.19	346.81
PB.24818.3	Protein_PB.24818.3	SRPK1	SRPK1	novel_not_in_catalog	YES	10.37	33.92	9.18
PB.24818.6	Protein_PB.24818.6	SRPK1	SRPK1	novel_not_in_catalog	YES	21.96	35.05	7.5
PB.2482.1	Protein_PB.2482.1	PUM2	PUM2	full-splice_match	YES	95.84	117.68	93.72
PB.2482.2	Protein_PB.2482.2	PUM2	PUM2	full-splice_match	YES	156.59	127.67	182.66
PB.2482.7	Protein_PB.2482.7	PUM2	PUM2	novel_not_in_catalog	YES	212.8	227.78	232.71
PB.24823.2	Protein_PB.24823.2	STK38	STK38	full-splice_match	YES	33.39	14.02	18.17
PB.24823.3	Protein_PB.24823.3	STK38	STK38	full-splice_match	YES	60.84	60.65	85.03
PB.24827.1	Protein_PB.24827.1	PPIL1	PPIL1	full-splice_match	YES	40.92	37.4	37.05
PB.24828.1	Protein_PB.24828.1	MTCH1	MTCH1	full-splice_match	YES	466.98	461.77	350.56
PB.24828.2	Protein_PB.24828.2	MTCH1	MTCH1	full-splice_match	YES	278.32	280.39	338.0
PB.24833.1	Protein_PB.24833.1	CCDC167	CCDC167	full-splice_match	YES	42.45	38.42	36.32
PB.24836.1	Protein_PB.24836.1	BTBD9	BTBD9	full-splice_match	YES	56.64	20.72	74.12
PB.24836.2	Protein_PB.24836.2	BTBD9	BTBD9	full-splice_match	YES	67.89	110.35	77.21
PB.24837.7	Protein_PB.24837.7	GLO1	GLO1	full-splice_match	YES	1317.4	1327.41	1053.79
PB.24837.8	Protein_PB.24837.8	GLO1	GLO1	novel_not_in_catalog	YES	20.94	12.51	49.0
PB.2484.2	Protein_PB.2484.2	HS1BP3	HS1BP3	full-splice_match	YES	92.28	85.2	57.19
PB.24845.3	Protein_PB.24845.3	MOCS1	MOCS1	novel_in_catalog	YES	3.83	28.88	16.41
PB.24845.5	Protein_PB.24845.5	MOCS1	MOCS1	full-splice_match	YES	88.03	87.63	51.48
PB.24845.6	Protein_PB.24845.6	MOCS1	MOCS1	full-splice_match	YES	6.84	19.76	15.74
PB.24845.7	Protein_PB.24845.7	MOCS1	MOCS1	novel_in_catalog	YES	24.39	20.44	17.78
PB.24845.8	Protein_PB.24845.8	MOCS1	MOCS1	novel_not_in_catalog	YES	18.55	14.52	13.34
PB.24846.1	Protein_PB.24846.1	AP2A2	AP2A2	incomplete-splice_match	YES	43.67	23.61	27.5
PB.24846.4	Protein_PB.24846.4	AP2A2	AP2A2	full-splice_match	YES	291.68	334.93	271.92
PB.24846.7	Protein_PB.24846.7	AP2A2	AP2A2	full-splice_match	YES	181.38	172.19	173.61
PB.24854.1	Protein_PB.24854.1	TNNI2	TNNI2	novel_not_in_catalog	YES	2099.88	842.5	1042.86
PB.24854.3	Protein_PB.24854.3	TNNI2	TNNI2	full-splice_match	YES	14700.84	6167.91	8460.06
PB.24855.2	Protein_PB.24855.2	LSP1	LSP1	novel_in_catalog	YES	53.09	43.61	64.32
PB.24855.8	Protein_PB.24855.8	LSP1	LSP1	full-splice_match	YES	126.62	84.68	117.22
PB.24855.9	Protein_PB.24855.9	LSP1	LSP1	novel_in_catalog	YES	304.46	181.5	257.84
PB.24856.1	Protein_PB.24856.1	TNNT3	TNNT3	full-splice_match	YES	45644.02	20764.64	24961.95
PB.24856.10	Protein_PB.24856.10	TNNT3	TNNT3	novel_not_in_catalog	YES	33.11	16.06	46.02
PB.24856.13	Protein_PB.24856.13	TNNT3	TNNT3	incomplete-splice_match	YES	47.87	10.43	41.87
PB.24856.14	Protein_PB.24856.14	TNNT3	TNNT3	full-splice_match	YES	31.44	14.64	12.62
PB.24856.15	Protein_PB.24856.15	TNNT3	TNNT3	incomplete-splice_match	YES	39.57	12.5	20.8
PB.24856.5	Protein_PB.24856.5	TNNT3	TNNT3	novel_not_in_catalog	YES	7305.33	4140.7	4401.88
PB.24856.6	Protein_PB.24856.6	TNNT3	TNNT3	novel_not_in_catalog	YES	37.52	16.77	24.73
PB.24856.7	Protein_PB.24856.7	TNNT3	TNNT3	novel_in_catalog	YES	639.74	275.08	561.67
PB.24857.1	Protein_PB.24857.1	MRPL23	MRPL23	full-splice_match	YES	143.38	180.77	390.35
PB.24857.2	Protein_PB.24857.2	MRPL23	MRPL23	full-splice_match	YES	39.24	24.56	55.07
PB.24857.3	Protein_PB.24857.3	MRPL23	MRPL23	full-splice_match	YES	8.25	9.02	24.72
PB.24859.1	Protein_PB.24859.1	CD81	CD81	full-splice_match	YES	1446.12	1115.93	1862.38
PB.24859.4	Protein_PB.24859.4	CD81	CD81	novel_not_in_catalog	YES	23.06	15.21	30.48
PB.24860.2	Protein_PB.24860.2	TSSC4	TSSC4	full-splice_match	YES	63.96	60.43	71.0
PB.24863.3	Protein_PB.24863.3	DHCR7	DHCR7	full-splice_match	YES	123.11	105.88	50.66
PB.24868.12	Protein_PB.24868.12	LOC113243985_LTO1	LOC113243985_LTO1	fusion	YES	17.11	14.44	24.27
PB.24869.1	Protein_PB.24869.1	novelGene_2821	novelGene_2821	intergenic	YES	52.33	61.08	45.4
PB.24870.2	Protein_PB.24870.2	MRGPRF	MRGPRF	full-splice_match	YES	21.41	4.27	20.86
PB.24872.2	Protein_PB.24872.2	MRPL21	MRPL21	full-splice_match	YES	457.56	547.97	505.07
PB.24873.2	Protein_PB.24873.2	CPT1A	CPT1A	novel_not_in_catalog	YES	40.29	46.54	111.46
PB.24877.1	Protein_PB.24877.1	CUNH11orf24	CUNH11orf24	full-splice_match	YES	28.42	32.68	27.08
PB.24878.11	Protein_PB.24878.11	KMT5B	KMT5B	incomplete-splice_match	YES	71.05	64.62	81.7
PB.24878.12	Protein_PB.24878.12	KMT5B	KMT5B	full-splice_match	YES	115.7	98.62	86.67
PB.24878.13	Protein_PB.24878.13	KMT5B	KMT5B	full-splice_match	YES	19.0	24.15	37.12
PB.24878.3	Protein_PB.24878.3	KMT5B	KMT5B	full-splice_match	YES	70.33	62.6	44.34
PB.24878.4	Protein_PB.24878.4	KMT5B	KMT5B	incomplete-splice_match	YES	104.44	111.13	123.98
PB.24878.5	Protein_PB.24878.5	KMT5B	KMT5B	full-splice_match	YES	38.51	56.15	39.1
PB.2488.1	Protein_PB.2488.1	ATAD2B	ATAD2B	full-splice_match	YES	197.18	172.35	204.15
PB.24880.1		novelGene_LOC113244008_AS	novelGene_LOC113244008_AS	antisense	NO	23.43	30.86	51.13
PB.24882.1	Protein_PB.24882.1	UNC93B1	UNC93B1	full-splice_match	YES	30.53	42.09	63.46
PB.24884.1	Protein_PB.24884.1	NUDT8	NUDT8	full-splice_match	YES	106.49	117.67	60.42
PB.24884.2	Protein_PB.24884.2	NUDT8	NUDT8	full-splice_match	YES	22.13	23.89	9.4
PB.24887.4	Protein_PB.24887.4	CDK2AP2	CDK2AP2	full-splice_match	YES	56.63	67.95	33.07
PB.24887.5		CDK2AP2	CDK2AP2	full-splice_match	NO	42.53	65.62	30.73
PB.24888.1	Protein_PB.24888.1	PITPNM1	PITPNM1	full-splice_match	YES	353.65	398.08	402.37
PB.24889.1	Protein_PB.24889.1	TMEM134	TMEM134	full-splice_match	YES	212.11	235.1	299.54
PB.24889.2	Protein_PB.24889.2	TMEM134	TMEM134	full-splice_match	YES	92.6	116.32	132.84
PB.24891.1	Protein_PB.24891.1	CORO1B	CORO1B	full-splice_match	YES	126.51	91.19	98.68
PB.24893.1	Protein_PB.24893.1	PPP1CA	PPP1CA	full-splice_match	YES	765.12	849.37	969.49
PB.24893.2	Protein_PB.24893.2	PPP1CA	PPP1CA	incomplete-splice_match	YES	11.25	12.69	19.86
PB.24895.2	Protein_PB.24895.2	POLD4	POLD4	novel_in_catalog	YES	17.27	16.56	12.31
PB.24895.3	Protein_PB.24895.3	POLD4	POLD4	full-splice_match	YES	213.07	215.28	260.6
PB.24898.1	Protein_PB.24898.1	PC	PC	full-splice_match	YES	37.51	40.73	2.33
PB.24898.10		PC	PC	novel_not_in_catalog	NO	17.97	15.86	13.59
PB.24898.11		PC	PC	novel_not_in_catalog	NO	19.24	16.29	5.93
PB.24898.24	Protein_PB.24898.24	PC	PC	novel_in_catalog	YES	0.27	10.52	23.35
PB.24898.25	Protein_PB.24898.25	PC	PC	novel_in_catalog	YES	32.49	35.27	23.31
PB.24898.3	Protein_PB.24898.3	PC	PC	novel_not_in_catalog	YES	30.11	73.7	25.71
PB.2490.1	Protein_PB.2490.1	SF3B6	SF3B6	full-splice_match	YES	185.94	217.81	194.91
PB.2490.4	Protein_PB.2490.4	LOC113270440	LOC113270440	incomplete-splice_match	YES	66.08	95.89	25.05
PB.2490.6	Protein_PB.2490.6	LOC113270440	LOC113270440	novel_in_catalog	YES	92.38	148.37	32.87
PB.24900.12	Protein_PB.24900.12	LOC113244053	LOC113244053	full-splice_match	YES	88.49	96.88	100.84
PB.24900.15	Protein_PB.24900.15	LOC113244053	LOC113244053	incomplete-splice_match	YES	4.37	8.86	18.16
PB.24902.1	Protein_PB.24902.1	CTSF	CTSF	full-splice_match	YES	14.59	15.5	22.33
PB.24902.2	Protein_PB.24902.2	CTSF	CTSF	full-splice_match	YES	615.59	633.69	799.21
PB.24903.1	Protein_PB.24903.1	ZDHHC24	ZDHHC24	full-splice_match	YES	31.37	36.62	31.57
PB.24905.1	Protein_PB.24905.1	MRPL11	MRPL11	full-splice_match	YES	15.35	21.91	22.7
PB.24905.2	Protein_PB.24905.2	MRPL11	MRPL11	full-splice_match	YES	574.27	630.51	468.11
PB.24906.1	Protein_PB.24906.1	SLC29A2	SLC29A2	full-splice_match	YES	22.58	19.16	26.44
PB.24907.2	Protein_PB.24907.2	B4GAT1	B4GAT1	full-splice_match	YES	79.64	77.3	82.16
PB.24908.5	Protein_PB.24908.5	BRMS1	BRMS1	novel_not_in_catalog	YES	41.55	41.52	35.97
PB.24910.1	Protein_PB.24910.1	CD248	CD248	full-splice_match	YES	36.11	14.31	23.45
PB.24911.1	Protein_PB.24911.1	YIF1A	YIF1A	full-splice_match	YES	221.29	266.43	186.3
PB.24914.5	Protein_PB.24914.5	EIF1AD	EIF1AD	full-splice_match	YES	16.94	13.74	31.52
PB.24915.1	Protein_PB.24915.1	CUNH11orf68	CUNH11orf68	full-splice_match	YES	77.05	74.72	89.94
PB.24915.2	Protein_PB.24915.2	CUNH11orf68	CUNH11orf68	genic	YES	26.05	19.99	23.62
PB.24917.2	Protein_PB.24917.2	FIBP	FIBP	full-splice_match	YES	321.84	323.49	286.9
PB.24918.3	Protein_PB.24918.3	EFEMP2	EFEMP2	full-splice_match	YES	50.08	25.0	46.12
PB.24919.1	Protein_PB.24919.1	CFL1	CFL1	full-splice_match	YES	338.53	214.9	276.81
PB.2492.1	Protein_PB.2492.1	ITSN2	ITSN2	full-splice_match	YES	250.69	249.63	267.12
PB.2492.7	Protein_PB.2492.7	ITSN2	ITSN2	novel_in_catalog	YES	16.61	28.09	30.05
PB.2492.9	Protein_PB.2492.9	ITSN2	ITSN2	novel_not_in_catalog	YES	58.62	71.14	63.05
PB.24920.13	Protein_PB.24920.13	LOC113244095	LOC113244095	novel_in_catalog	YES	27.74	20.43	46.72
PB.24920.6	Protein_PB.24920.6	LOC113244095	LOC113244095	full-splice_match	YES	14.42	25.15	32.45
PB.24921.2	Protein_PB.24921.2	AP5B1	AP5B1	full-splice_match	YES	58.99	49.41	43.46
PB.24922.2	Protein_PB.24922.2	RNASEH2C	RNASEH2C	full-splice_match	YES	109.18	86.5	120.91
PB.24924.1	Protein_PB.24924.1	RELA	RELA	full-splice_match	YES	224.96	197.53	332.53
PB.24926.1	Protein_PB.24926.1	MAP3K11	MAP3K11	full-splice_match	YES	83.22	70.22	62.19
PB.24927.1	Protein_PB.24927.1	KCNK7	KCNK7	full-splice_match	YES	37.75	40.61	34.76
PB.24928.1	Protein_PB.24928.1	LTBP3	LTBP3	full-splice_match	YES	93.81	41.06	79.56
PB.24928.2	Protein_PB.24928.2	LTBP3	LTBP3	full-splice_match	YES	97.71	46.36	71.63
PB.24928.3	Protein_PB.24928.3	LTBP3	LTBP3	novel_not_in_catalog	YES	61.01	24.52	46.33
PB.24932.1		LOC113244122	LOC113244122	novel_not_in_catalog	NO	8.76	8.64	20.73
PB.24933.1	Protein_PB.24933.1	SYVN1	SYVN1	full-splice_match	YES	17.0	22.73	32.62
PB.24933.2	Protein_PB.24933.2	SYVN1	SYVN1	full-splice_match	YES	18.71	25.59	16.83
PB.24933.5	Protein_PB.24933.5	SYVN1	SYVN1	novel_in_catalog	YES	24.09	10.87	15.82
PB.24934.1	Protein_PB.24934.1	FAU	FAU	full-splice_match	YES	2800.73	2761.35	3975.28
PB.24934.2		FAU	FAU	incomplete-splice_match	NO	528.93	548.97	802.67
PB.24935.1	Protein_PB.24935.1	ZNHIT2	ZNHIT2	full-splice_match	YES	76.24	83.07	82.62
PB.2494.1	Protein_PB.2494.1	PTRHD1	PTRHD1	full-splice_match	YES	30.5	37.41	23.49
PB.2494.2		PTRHD1	PTRHD1	incomplete-splice_match	NO	82.45	69.46	61.62
PB.24943.2	Protein_PB.24943.2	LOC113244149	LOC113244149	full-splice_match	YES	22.87	21.1	14.73
PB.24945.1	Protein_PB.24945.1	ATG2A	ATG2A	full-splice_match	YES	36.07	25.23	73.43
PB.24945.2	Protein_PB.24945.2	ATG2A	ATG2A	full-splice_match	YES	86.61	90.16	60.37
PB.24948.1	Protein_PB.24948.1	EHD1	EHD1	novel_not_in_catalog	YES	450.49	444.4	365.33
PB.24948.2	Protein_PB.24948.2	EHD1	EHD1	full-splice_match	YES	143.62	114.19	105.18
PB.24951.1	Protein_PB.24951.1	MEN1	MEN1	full-splice_match	YES	20.19	21.14	7.14
PB.24953.1	Protein_PB.24953.1	SF1	SF1	incomplete-splice_match	YES	31.31	24.6	26.94
PB.24953.13	Protein_PB.24953.13	SF1	SF1	full-splice_match	YES	46.69	30.62	28.82
PB.24953.20	Protein_PB.24953.20	SF1	SF1	novel_not_in_catalog	YES	125.76	107.5	97.56
PB.24953.22	Protein_PB.24953.22	SF1	SF1	novel_in_catalog	YES	16.7	3.56	53.75
PB.24953.23	Protein_PB.24953.23	SF1	SF1	novel_in_catalog	YES	17.76	16.88	14.91
PB.24953.4	Protein_PB.24953.4	SF1	SF1	full-splice_match	YES	23.41	31.51	52.09
PB.24954.1	Protein_PB.24954.1	PYGM	PYGM	novel_not_in_catalog	YES	439.15	528.97	393.77
PB.24954.10	Protein_PB.24954.10	PYGM	PYGM	novel_not_in_catalog	YES	25.53	16.63	22.66
PB.24954.12	Protein_PB.24954.12	PYGM	PYGM	novel_in_catalog	YES	29.51	11.83	17.85
PB.24954.14	Protein_PB.24954.14	PYGM	PYGM	novel_in_catalog	YES	14.02	24.22	13.62
PB.24954.15	Protein_PB.24954.15	PYGM	PYGM	novel_not_in_catalog	YES	1879.8	1257.33	1631.42
PB.24954.16	Protein_PB.24954.16	PYGM	PYGM	novel_not_in_catalog	YES	123.92	69.75	58.93
PB.24954.17	Protein_PB.24954.17	PYGM	PYGM	novel_not_in_catalog	YES	82.12	65.8	73.02
PB.24954.19	Protein_PB.24954.19	PYGM	PYGM	novel_in_catalog	YES	45.06	25.92	41.65
PB.24954.2	Protein_PB.24954.2	PYGM	PYGM	novel_not_in_catalog	YES	25.79	10.55	19.87
PB.24954.21	Protein_PB.24954.21	PYGM	PYGM	novel_in_catalog	YES	240.41	299.23	338.98
PB.24954.22	Protein_PB.24954.22	PYGM	PYGM	novel_not_in_catalog	YES	3324.61	3457.83	3090.91
PB.24954.24	Protein_PB.24954.24	PYGM	PYGM	novel_not_in_catalog	YES	143.19	78.14	166.56
PB.24954.25	Protein_PB.24954.25	PYGM	PYGM	novel_not_in_catalog	YES	76.15	75.03	44.56
PB.24954.26	Protein_PB.24954.26	PYGM	PYGM	full-splice_match	YES	34702.91	28876.3	25647.67
PB.24954.27	Protein_PB.24954.27	PYGM	PYGM	incomplete-splice_match	YES	59.21	28.27	60.37
PB.24954.28	Protein_PB.24954.28	PYGM	PYGM	incomplete-splice_match	YES	6870.98	5552.33	4787.75
PB.24954.3	Protein_PB.24954.3	PYGM	PYGM	incomplete-splice_match	YES	31.33	24.16	21.05
PB.24954.4	Protein_PB.24954.4	PYGM	PYGM	novel_not_in_catalog	YES	5116.87	3644.89	3131.39
PB.24954.6	Protein_PB.24954.6	PYGM	PYGM	novel_not_in_catalog	YES	40.99	32.17	15.51
PB.24954.7	Protein_PB.24954.7	PYGM	PYGM	novel_in_catalog	YES	7.34	15.0	24.5
PB.24954.8	Protein_PB.24954.8	PYGM	PYGM	novel_in_catalog	YES	138.97	111.14	104.77
PB.24954.9	Protein_PB.24954.9	PYGM	PYGM	novel_not_in_catalog	YES	304.5	236.68	101.26
PB.24955.6	Protein_PB.24955.6	RASGRP2	RASGRP2	full-splice_match	YES	11.18	15.89	17.18
PB.24958.2	Protein_PB.24958.2	TRMT112	TRMT112	full-splice_match	YES	206.04	196.1	305.51
PB.24959.2	Protein_PB.24959.2	BAD	BAD	full-splice_match	YES	75.83	80.76	67.02
PB.2496.1	Protein_PB.2496.1	DNAJC27	DNAJC27	novel_in_catalog	YES	25.59	21.32	55.77
PB.2496.2	Protein_PB.2496.2	DNAJC27	DNAJC27	full-splice_match	YES	87.76	82.3	70.0
PB.24960.1	Protein_PB.24960.1	PPP1R14B	PPP1R14B	novel_in_catalog	YES	512.64	571.85	509.34
PB.24961.1	Protein_PB.24961.1	TRPT1	TRPT1	full-splice_match	YES	37.67	43.69	13.87
PB.24962.1	Protein_PB.24962.1	MACROD1	MACROD1	novel_in_catalog	YES	3093.67	3324.21	3521.38
PB.24964.1	Protein_PB.24964.1	CUNH11orf95	CUNH11orf95	full-splice_match	YES	51.63	37.0	45.21
PB.24965.1	Protein_PB.24965.1	ATL3	ATL3	full-splice_match	YES	62.88	51.01	78.28
PB.24965.4	Protein_PB.24965.4	ATL3	ATL3	incomplete-splice_match	YES	26.49	10.5	6.47
PB.24965.7	Protein_PB.24965.7	ATL3	ATL3	novel_not_in_catalog	YES	134.47	112.17	153.14
PB.24965.9	Protein_PB.24965.9	ATL3	ATL3	incomplete-splice_match	YES	17.58	5.79	12.48
PB.24966.1	Protein_PB.24966.1	PLA2G16	PLA2G16	full-splice_match	YES	65.15	80.24	63.03
PB.24966.2	Protein_PB.24966.2	PLA2G16	PLA2G16	full-splice_match	YES	10.36	10.85	20.28
PB.24966.5	Protein_PB.24966.5	PLA2G16	PLA2G16	full-splice_match	YES	14.63	14.7	18.71
PB.24966.6	Protein_PB.24966.6	PLA2G16	PLA2G16	incomplete-splice_match	YES	37.78	42.44	42.42
PB.24969.1	Protein_PB.24969.1	TOLLIP	TOLLIP	full-splice_match	YES	475.23	537.88	471.8
PB.24970.3	Protein_PB.24970.3	MOB2	MOB2	full-splice_match	YES	36.9	33.54	20.85
PB.24970.5	Protein_PB.24970.5	MOB2	MOB2	full-splice_match	YES	251.44	296.99	306.1
PB.24971.1	Protein_PB.24971.1	DUSP8	DUSP8	full-splice_match	YES	82.58	77.02	75.83
PB.24973.1	Protein_PB.24973.1	CTSD	CTSD	full-splice_match	YES	1528.27	2147.54	2674.31
PB.24974.1	Protein_PB.24974.1	novelGene_LSP1_AS	novelGene_LSP1_AS	antisense	YES	276.22	210.93	232.6
PB.24975.1		LOC113243958	LOC113243958	novel_not_in_catalog	NO	2983.28	2760.5	10435.32
PB.24975.3		LOC113243958	LOC113243958	novel_in_catalog	NO	105.5	120.12	660.12
PB.24975.4	Protein_PB.24975.4	LOC113243958	LOC113243958	full-splice_match	YES	1204.7	1254.8	3750.1
PB.24976.1	Protein_PB.24976.1	IGF2	IGF2	novel_not_in_catalog	YES	53.54	38.75	68.03
PB.24982.2	Protein_PB.24982.2	CDKN1C	CDKN1C	full-splice_match	YES	41.43	34.67	44.85
PB.24984.15	Protein_PB.24984.15	NAP1L4	NAP1L4	novel_in_catalog	YES	138.71	110.54	118.12
PB.24984.16	Protein_PB.24984.16	NAP1L4	NAP1L4	novel_in_catalog	YES	57.25	140.64	56.6
PB.24984.2	Protein_PB.24984.2	NAP1L4	NAP1L4	full-splice_match	YES	106.09	102.1	78.2
PB.24984.21	Protein_PB.24984.21	NAP1L4	NAP1L4	novel_in_catalog	YES	26.73	38.97	34.64
PB.24984.3	Protein_PB.24984.3	NAP1L4	NAP1L4	full-splice_match	YES	702.47	740.17	717.84
PB.24984.8	Protein_PB.24984.8	NAP1L4	NAP1L4	novel_not_in_catalog	YES	39.96	20.49	47.19
PB.24986.1	Protein_PB.24986.1	CARS	CARS	full-splice_match	YES	76.58	60.25	84.89
PB.24986.2	Protein_PB.24986.2	CARS	CARS	full-splice_match	YES	245.55	217.21	161.98
PB.24987.2	Protein_PB.24987.2	OSBPL5	OSBPL5	full-splice_match	YES	77.08	58.43	60.58
PB.24989.4	Protein_PB.24989.4	NADSYN1	NADSYN1	full-splice_match	YES	79.59	77.91	80.95
PB.2499.3	Protein_PB.2499.3	DNMT3A	DNMT3A	full-splice_match	YES	153.76	132.9	97.04
PB.24990.1	Protein_PB.24990.1	CTTN	CTTN	full-splice_match	YES	43.69	22.35	22.04
PB.24990.2	Protein_PB.24990.2	CTTN	CTTN	full-splice_match	YES	60.93	27.27	75.86
PB.24990.3	Protein_PB.24990.3	CTTN	CTTN	full-splice_match	YES	25.74	21.5	10.1
PB.24990.4	Protein_PB.24990.4	CTTN	CTTN	novel_not_in_catalog	YES	294.37	304.46	272.63
PB.24991.1	Protein_PB.24991.1	PPFIA1	PPFIA1	full-splice_match	YES	61.86	36.25	47.22
PB.24991.2	Protein_PB.24991.2	PPFIA1	PPFIA1	full-splice_match	YES	118.91	135.93	118.2
PB.24992.1	Protein_PB.24992.1	FADD	FADD	full-splice_match	YES	130.93	124.83	146.02
PB.24993.1	Protein_PB.24993.1	ANO1	ANO1	full-splice_match	YES	55.35	50.03	43.08
PB.24994.2	Protein_PB.24994.2	CCND1	CCND1	full-splice_match	YES	19.3	15.15	7.8
PB.24998.1	Protein_PB.24998.1	IGHMBP2	IGHMBP2	full-splice_match	YES	168.32	196.35	184.69
PB.25.3	Protein_PB.25.3	ITGB2	ITGB2	incomplete-splice_match	YES	18.78	15.72	11.56
PB.25000.1	Protein_PB.25000.1	PPP6R3	PPP6R3	full-splice_match	YES	16.0	18.35	11.46
PB.25000.12	Protein_PB.25000.12	PPP6R3	PPP6R3	novel_not_in_catalog	YES	17.79	25.26	28.16
PB.25000.15	Protein_PB.25000.15	PPP6R3	PPP6R3	novel_in_catalog	YES	19.53	26.96	3.49
PB.25000.16	Protein_PB.25000.16	PPP6R3	PPP6R3	novel_not_in_catalog	YES	11.48	14.03	21.23
PB.25000.2	Protein_PB.25000.2	PPP6R3	PPP6R3	full-splice_match	YES	50.62	43.5	15.29
PB.25000.30	Protein_PB.25000.30	PPP6R3	PPP6R3	full-splice_match	YES	67.52	65.42	42.66
PB.25000.38	Protein_PB.25000.38	PPP6R3	PPP6R3	novel_in_catalog	YES	75.86	94.95	49.07
PB.25000.39	Protein_PB.25000.39	PPP6R3	PPP6R3	incomplete-splice_match	YES	18.38	10.33	17.85
PB.25000.4	Protein_PB.25000.4	PPP6R3	PPP6R3	full-splice_match	YES	14.8	54.86	8.26
PB.25000.6	Protein_PB.25000.6	PPP6R3	PPP6R3	full-splice_match	YES	24.11	21.44	18.74
PB.25000.8	Protein_PB.25000.8	PPP6R3	PPP6R3	novel_in_catalog	YES	22.03	49.28	33.79
PB.25000.9	Protein_PB.25000.9	PPP6R3	PPP6R3	novel_in_catalog	YES	20.67	38.5	53.3
PB.25001.1	Protein_PB.25001.1	LRP5	LRP5	full-splice_match	YES	33.62	21.66	134.83
PB.25001.2	Protein_PB.25001.2	LRP5	LRP5	full-splice_match	YES	135.56	117.38	21.58
PB.25003.1	Protein_PB.25003.1	NDUFS8	NDUFS8	full-splice_match	YES	58.13	54.67	62.77
PB.25003.2	Protein_PB.25003.2	NDUFS8	NDUFS8	full-splice_match	YES	30.26	20.69	21.61
PB.25003.3	Protein_PB.25003.3	NDUFS8	NDUFS8	full-splice_match	YES	435.73	458.99	327.81
PB.25003.4	Protein_PB.25003.4	NDUFS8	NDUFS8	full-splice_match	YES	1367.85	1538.53	1008.57
PB.25004.1	Protein_PB.25004.1	LOC113244008	LOC113244008	full-splice_match	YES	103.82	152.15	125.51
PB.25006.1	Protein_PB.25006.1	NDUFV1	NDUFV1	full-splice_match	YES	3001.42	3411.2	1968.51
PB.25006.12	Protein_PB.25006.12	NDUFV1	NDUFV1	novel_not_in_catalog	YES	34.18	33.06	19.89
PB.25006.5	Protein_PB.25006.5	NDUFV1	NDUFV1	novel_not_in_catalog	YES	21.49	28.82	13.13
PB.25007.1	Protein_PB.25007.1	LOC113244018	LOC113244018	full-splice_match	YES	35.73	47.58	18.46
PB.25007.2	Protein_PB.25007.2	LOC113244018	LOC113244018	full-splice_match	YES	881.64	1130.71	656.27
PB.25007.3	Protein_PB.25007.3	LOC113244018	LOC113244018	full-splice_match	YES	736.21	929.62	573.28
PB.25007.4	Protein_PB.25007.4	LOC113244018	LOC113244018	full-splice_match	YES	1332.7	1826.39	840.0
PB.25007.5	Protein_PB.25007.5	LOC113244018	LOC113244018	novel_in_catalog	YES	16.41	24.2	20.24
PB.25008.1	Protein_PB.25008.1	LOC113244019	LOC113244019	full-splice_match	YES	774.9	1060.41	433.34
PB.25008.2	Protein_PB.25008.2	LOC113244019	LOC113244019	novel_in_catalog	YES	53.96	73.02	46.72
PB.25009.1	Protein_PB.25009.1	AIP	AIP	full-splice_match	YES	89.7	86.94	59.67
PB.25009.2	Protein_PB.25009.2	AIP	AIP	full-splice_match	YES	150.52	133.46	103.43
PB.2501.1	Protein_PB.2501.1	ASXL2	ASXL2	full-splice_match	YES	264.22	270.0	302.72
PB.25011.16	Protein_PB.25011.16	RPS6KB2	RPS6KB2	novel_not_in_catalog	YES	23.75	24.05	29.45
PB.25011.2	Protein_PB.25011.2	RPS6KB2	RPS6KB2	full-splice_match	YES	100.89	95.39	101.69
PB.25011.3	Protein_PB.25011.3	RPS6KB2	RPS6KB2	full-splice_match	YES	18.91	18.47	11.29
PB.25011.9	Protein_PB.25011.9	RPS6KB2	RPS6KB2	full-splice_match	YES	216.39	234.13	118.48
PB.25012.1	Protein_PB.25012.1	CARNS1	CARNS1	novel_not_in_catalog	YES	101.73	101.74	72.32
PB.25012.2	Protein_PB.25012.2	CARNS1	CARNS1	novel_in_catalog	YES	76.37	48.19	30.82
PB.25012.3	Protein_PB.25012.3	CARNS1	CARNS1	novel_in_catalog	YES	72.51	78.52	34.95
PB.25012.4	Protein_PB.25012.4	CARNS1	CARNS1	full-splice_match	YES	261.55	211.3	160.61
PB.25014.1	Protein_PB.25014.1	RAD9A	RAD9A	full-splice_match	YES	21.74	16.46	9.45
PB.25016.8	Protein_PB.25016.8	SSH3	SSH3	full-splice_match	YES	11.22	18.45	17.63
PB.25017.1	Protein_PB.25017.1	ANKRD13D	ANKRD13D	full-splice_match	YES	35.31	32.56	31.17
PB.25018.1	Protein_PB.25018.1	GRK2	GRK2	full-splice_match	YES	498.41	505.84	522.21
PB.25019.2	Protein_PB.25019.2	KDM2A	KDM2A	full-splice_match	YES	496.05	517.6	498.34
PB.25019.4	Protein_PB.25019.4	KDM2A	KDM2A	novel_not_in_catalog	YES	36.67	37.88	41.42
PB.2502.1	Protein_PB.2502.1	KIF3C	KIF3C	full-splice_match	YES	24.09	20.75	34.37
PB.2502.3	Protein_PB.2502.3	KIF3C	KIF3C	full-splice_match	YES	53.14	28.2	57.56
PB.2502.4	Protein_PB.2502.4	KIF3C	KIF3C	full-splice_match	YES	17.45	20.66	34.58
PB.2502.5	Protein_PB.2502.5	KIF3C	KIF3C	novel_not_in_catalog	YES	18.67	28.61	28.22
PB.25025.4	Protein_PB.25025.4	RCE1	RCE1	full-splice_match	YES	15.75	13.03	19.64
PB.25027.12	Protein_PB.25027.12	RBM14	RBM14	full-splice_match	YES	5.74	11.56	21.32
PB.25027.13	Protein_PB.25027.13	RBM14	RBM14	novel_not_in_catalog	YES	57.78	62.45	64.06
PB.25027.14	Protein_PB.25027.14	RBM14	RBM14	novel_in_catalog	YES	20.21	22.14	20.14
PB.25027.2	Protein_PB.25027.2	LOC113244055	LOC113244055	full-splice_match	YES	206.96	225.34	143.91
PB.25027.3	Protein_PB.25027.3	LOC113244055_RBM14	LOC113244055_RBM14	fusion	YES	17.86	6.47	34.23
PB.25027.4	Protein_PB.25027.4	LOC113244055_RBM14	LOC113244055_RBM14	fusion	YES	64.31	66.96	89.19
PB.25027.5	Protein_PB.25027.5	LOC113244055	LOC113244055	novel_not_in_catalog	YES	27.85	28.92	50.35
PB.25027.6	Protein_PB.25027.6	LOC113244055	LOC113244055	novel_in_catalog	YES	15.13	11.84	39.55
PB.25027.7	Protein_PB.25027.7	LOC113244055_RBM14	LOC113244055_RBM14	fusion	YES	10.49	13.86	50.01
PB.25028.1	Protein_PB.25028.1	CCS	CCS	full-splice_match	YES	91.61	88.28	68.76
PB.25029.1	Protein_PB.25029.1	ACTN3	ACTN3	novel_in_catalog	YES	72.71	30.95	119.51
PB.25029.10	Protein_PB.25029.10	ACTN3	ACTN3	novel_not_in_catalog	YES	401.78	261.19	437.63
PB.25029.12	Protein_PB.25029.12	ACTN3	ACTN3	novel_not_in_catalog	YES	39.12	31.62	18.91
PB.25029.14	Protein_PB.25029.14	ACTN3	ACTN3	novel_not_in_catalog	YES	578.37	276.24	430.35
PB.25029.15	Protein_PB.25029.15	ACTN3	ACTN3	novel_not_in_catalog	YES	279.18	138.95	182.03
PB.25029.17	Protein_PB.25029.17	ACTN3	ACTN3	novel_not_in_catalog	YES	120.13	20.54	72.35
PB.25029.19	Protein_PB.25029.19	ACTN3	ACTN3	novel_not_in_catalog	YES	22.94	13.47	13.96
PB.25029.2	Protein_PB.25029.2	ACTN3	ACTN3	novel_in_catalog	YES	143.64	136.4	62.77
PB.25029.4	Protein_PB.25029.4	ACTN3	ACTN3	full-splice_match	YES	7246.4	3580.98	6651.56
PB.25029.7	Protein_PB.25029.7	ACTN3	ACTN3	novel_in_catalog	YES	18.5	7.34	11.72
PB.25029.9	Protein_PB.25029.9	ACTN3	ACTN3	novel_not_in_catalog	YES	4117.65	2475.6	3982.78
PB.25030.2	Protein_PB.25030.2	BBS1	BBS1	full-splice_match	YES	30.8	23.84	31.36
PB.25031.1	Protein_PB.25031.1	DPP3	DPP3	full-splice_match	YES	186.28	172.29	151.33
PB.25031.2	Protein_PB.25031.2	DPP3	DPP3	full-splice_match	YES	71.73	79.46	85.56
PB.25031.3	Protein_PB.25031.3	DPP3	DPP3	full-splice_match	YES	29.86	29.94	17.9
PB.25031.4	Protein_PB.25031.4	DPP3	DPP3	full-splice_match	YES	192.64	190.08	118.37
PB.25032.1	Protein_PB.25032.1	PELI3	PELI3	full-splice_match	YES	17.85	11.9	37.02
PB.25038.2	Protein_PB.25038.2	RAB1B	RAB1B	full-splice_match	YES	701.07	775.24	648.4
PB.25039.10	Protein_PB.25039.10	KLC2	KLC2	novel_in_catalog	YES	15.9	16.62	27.75
PB.25039.9	Protein_PB.25039.9	KLC2	KLC2	novel_in_catalog	YES	19.38	24.99	8.2
PB.25040.1	Protein_PB.25040.1	PACS1	PACS1	full-splice_match	YES	23.82	24.0	58.14
PB.25040.3	Protein_PB.25040.3	PACS1	PACS1	novel_not_in_catalog	YES	20.28	15.26	34.24
PB.25041.1	Protein_PB.25041.1	SF3B2	SF3B2	full-splice_match	YES	88.77	31.22	114.49
PB.25041.2	Protein_PB.25041.2	SF3B2	SF3B2	full-splice_match	YES	427.2	513.5	511.13
PB.25042.1	Protein_PB.25042.1	CST6	CST6	full-splice_match	YES	58.72	41.52	79.58
PB.25043.1		BANF1	BANF1	novel_not_in_catalog	NO	906.64	892.82	692.67
PB.25045.1	Protein_PB.25045.1	SART1	SART1	full-splice_match	YES	255.05	231.68	293.43
PB.25047.2	Protein_PB.25047.2	DRAP1_LOC113243940	DRAP1_LOC113243940	full-splice_match	YES	197.73	209.09	175.29
PB.25047.3	Protein_PB.25047.3	DRAP1	DRAP1	full-splice_match	YES	231.63	237.83	263.04
PB.25048.1	Protein_PB.25048.1	CCDC85B	CCDC85B	full-splice_match	YES	99.31	79.7	104.86
PB.2505.10	Protein_PB.2505.10	HADHA	HADHA	novel_in_catalog	YES	224.85	355.27	292.67
PB.2505.12	Protein_PB.2505.12	HADHA	HADHA	novel_in_catalog	YES	646.62	785.02	195.4
PB.2505.14	Protein_PB.2505.14	HADHA	HADHA	full-splice_match	YES	463.9	709.48	584.44
PB.2505.15	Protein_PB.2505.15	HADHA	HADHA	novel_not_in_catalog	YES	256.43	446.95	506.42
PB.2505.17	Protein_PB.2505.17	HADHA	HADHA	novel_not_in_catalog	YES	27.74	8.09	39.55
PB.2505.18	Protein_PB.2505.18	HADHA	HADHA	incomplete-splice_match	YES	501.13	650.43	519.72
PB.2505.2	Protein_PB.2505.2	HADHA	HADHA	novel_in_catalog	YES	738.09	920.77	777.48
PB.2505.4	Protein_PB.2505.4	HADHA	HADHA	novel_not_in_catalog	YES	102.44	192.21	620.69
PB.2505.9	Protein_PB.2505.9	HADHA	HADHA	novel_in_catalog	YES	431.85	656.33	648.96
PB.25050.2	Protein_PB.25050.2	MUS81	MUS81	full-splice_match	YES	26.89	31.04	34.33
PB.25050.4	Protein_PB.25050.4	MUS81	MUS81	full-splice_match	YES	245.32	234.6	176.68
PB.25050.6	Protein_PB.25050.6	MUS81	MUS81	novel_in_catalog	YES	34.78	15.55	21.66
PB.25054.1	Protein_PB.25054.1	KAT5	KAT5	full-splice_match	YES	148.55	151.82	152.12
PB.25054.3	Protein_PB.25054.3	KAT5	KAT5	full-splice_match	YES	30.63	13.49	7.45
PB.25054.4	Protein_PB.25054.4	KAT5	KAT5	full-splice_match	YES	250.04	251.27	179.24
PB.25056.1	Protein_PB.25056.1	SIPA1	SIPA1	full-splice_match	YES	54.66	38.5	43.22
PB.25057.1	Protein_PB.25057.1	PCNX3	PCNX3	full-splice_match	YES	28.09	26.89	28.95
PB.25057.4	Protein_PB.25057.4	PCNX3	PCNX3	full-splice_match	YES	25.82	9.65	23.46
PB.25057.5	Protein_PB.25057.5	PCNX3	PCNX3	full-splice_match	YES	25.31	20.19	44.19
PB.25058.1	Protein_PB.25058.1	EHBP1L1	EHBP1L1	full-splice_match	YES	809.61	779.51	873.6
PB.25058.2	Protein_PB.25058.2	EHBP1L1	EHBP1L1	full-splice_match	YES	47.61	48.45	59.81
PB.25058.3	Protein_PB.25058.3	EHBP1L1	EHBP1L1	full-splice_match	YES	667.12	616.92	735.49
PB.25059.1	Protein_PB.25059.1	FAM89B	FAM89B	full-splice_match	YES	290.01	325.11	342.06
PB.25060.1	Protein_PB.25060.1	SSSCA1	SSSCA1	full-splice_match	YES	34.72	37.94	40.48
PB.25060.2	Protein_PB.25060.2	SSSCA1	SSSCA1	full-splice_match	YES	49.83	55.38	68.87
PB.25061.1	Protein_PB.25061.1	SCYL1	SCYL1	full-splice_match	YES	121.48	167.85	156.63
PB.25061.3	Protein_PB.25061.3	SCYL1	SCYL1	novel_in_catalog	YES	8.73	17.96	2.66
PB.25061.5	Protein_PB.25061.5	SCYL1	SCYL1	novel_not_in_catalog	YES	119.22	94.0	97.05
PB.25062.1		novelGene_2825	novelGene_2825	intergenic	NO	2085.67	1490.4	1537.4
PB.25064.12		LOC113244112	LOC113244112	full-splice_match	NO	430.2	328.44	398.33
PB.25064.13		LOC113244112	LOC113244112	novel_not_in_catalog	NO	389.94	333.59	381.39
PB.25064.15		LOC113244112	LOC113244112	novel_not_in_catalog	NO	484.57	355.25	405.57
PB.25064.2		LOC113244112	LOC113244112	genic	NO	120.11	64.57	90.68
PB.25064.3		LOC113244112	LOC113244112	novel_not_in_catalog	NO	515.0	442.66	447.99
PB.25065.3	Protein_PB.25065.3	FRMD8	FRMD8	full-splice_match	YES	37.23	26.01	25.22
PB.25068.1	Protein_PB.25068.1	DPF2	DPF2	full-splice_match	YES	26.09	8.01	14.9
PB.25068.2	Protein_PB.25068.2	DPF2	DPF2	full-splice_match	YES	160.27	182.07	200.51
PB.25068.7	Protein_PB.25068.7	DPF2	DPF2	novel_in_catalog	YES	3.25	7.7	24.62
PB.25069.1	Protein_PB.25069.1	CDC42EP2	CDC42EP2	full-splice_match	YES	54.49	37.08	107.68
PB.25071.2	Protein_PB.25071.2	POLA2	POLA2	full-splice_match	YES	30.25	31.31	40.84
PB.25074.1	Protein_PB.25074.1	CAPN1	CAPN1	full-splice_match	YES	213.14	191.71	181.1
PB.25074.2	Protein_PB.25074.2	CAPN1	CAPN1	full-splice_match	YES	389.22	351.62	309.45
PB.25076.1	Protein_PB.25076.1	MRPL49	MRPL49	full-splice_match	YES	297.14	297.1	250.3
PB.25077.2	Protein_PB.25077.2	TM7SF2	TM7SF2	full-splice_match	YES	37.01	43.57	32.11
PB.25078.1	Protein_PB.25078.1	VPS51	VPS51	full-splice_match	YES	360.88	343.36	441.04
PB.25079.1	Protein_PB.25079.1	ZFPL1	ZFPL1	full-splice_match	YES	56.4	55.19	57.5
PB.25080.1	Protein_PB.25080.1	SAC3D1	SAC3D1	full-splice_match	YES	22.2	17.59	24.7
PB.25081.4	Protein_PB.25081.4	SNX15	SNX15	full-splice_match	YES	42.64	49.64	29.65
PB.25083.1	Protein_PB.25083.1	ARL2	ARL2	full-splice_match	YES	380.07	378.41	320.47
PB.25085.4	Protein_PB.25085.4	PPP2R5B	PPP2R5B	full-splice_match	YES	126.28	125.95	80.66
PB.25091.2	Protein_PB.25091.2	RPS6KA4	RPS6KA4	full-splice_match	YES	100.68	105.69	103.66
PB.25093.1	Protein_PB.25093.1	PRDX5	PRDX5	full-splice_match	YES	255.24	297.93	126.89
PB.25093.6	Protein_PB.25093.6	PRDX5	PRDX5	novel_not_in_catalog	YES	13.88	17.66	28.82
PB.25094.2	Protein_PB.25094.2	ESRRA	ESRRA	full-splice_match	YES	1407.43	1704.04	1259.55
PB.25097.5	Protein_PB.25097.5	GPR137	GPR137	novel_in_catalog	YES	21.12	27.46	15.92
PB.25098.1	Protein_PB.25098.1	PLCB3	PLCB3	full-splice_match	YES	116.42	108.0	107.42
PB.25099.2	Protein_PB.25099.2	FKBP2	FKBP2	full-splice_match	YES	15.47	22.98	18.58
PB.25099.3	Protein_PB.25099.3	FKBP2	FKBP2	full-splice_match	YES	44.4	37.71	36.56
PB.251.3	Protein_PB.251.3	ALCAM	ALCAM	full-splice_match	YES	30.44	10.63	18.52
PB.25100.1	Protein_PB.25100.1	VEGFB	VEGFB	full-splice_match	YES	374.92	450.05	280.19
PB.25100.2	Protein_PB.25100.2	VEGFB	VEGFB	full-splice_match	YES	642.97	737.88	533.4
PB.25101.1	Protein_PB.25101.1	DNAJC4	DNAJC4	full-splice_match	YES	23.26	38.11	49.26
PB.25101.13	Protein_PB.25101.13	DNAJC4	DNAJC4	full-splice_match	YES	239.89	246.07	259.97
PB.25101.14	Protein_PB.25101.14	DNAJC4	DNAJC4	full-splice_match	YES	126.92	133.11	89.14
PB.25101.17	Protein_PB.25101.17	NUDT22	NUDT22	full-splice_match	YES	17.55	21.26	16.89
PB.25101.3	Protein_PB.25101.3	DNAJC4	DNAJC4	novel_not_in_catalog	YES	61.89	70.14	51.89
PB.25102.1	Protein_PB.25102.1	FERMT3	FERMT3	full-splice_match	YES	25.51	20.28	16.7
PB.25103.1	Protein_PB.25103.1	STIP1	STIP1	full-splice_match	YES	962.9	977.05	801.65
PB.25105.2	Protein_PB.25105.2	OTUB1	OTUB1	full-splice_match	YES	87.89	85.9	70.87
PB.25106.1	Protein_PB.25106.1	LOC113244192	LOC113244192	full-splice_match	YES	143.26	173.02	122.54
PB.25107.2	Protein_PB.25107.2	NAA40	NAA40	full-splice_match	YES	77.29	103.85	77.27
PB.25108.6	Protein_PB.25108.6	MARK2	MARK2	full-splice_match	YES	22.35	54.56	33.24
PB.25108.8	Protein_PB.25108.8	MARK2	MARK2	full-splice_match	YES	37.83	23.03	28.88
PB.25109.1		LOC113244197	LOC113244197	full-splice_match	NO	10.07	15.65	34.34
PB.2511.1		OST4	OST4	novel_not_in_catalog	NO	228.21	247.51	236.53
PB.2511.2	Protein_PB.2511.2	OST4	OST4	full-splice_match	YES	164.26	187.53	169.19
PB.25110.1	Protein_PB.25110.1	SPINDOC	SPINDOC	full-splice_match	YES	18.72	14.29	12.27
PB.25111.1	Protein_PB.25111.1	RTN3	RTN3	full-splice_match	YES	172.87	111.13	160.52
PB.25111.4	Protein_PB.25111.4	RTN3	RTN3	novel_not_in_catalog	YES	21.07	33.26	19.8
PB.25112.1	Protein_PB.25112.1	LOC113244204	LOC113244204	full-splice_match	YES	34.27	36.16	30.43
PB.25114.1	Protein_PB.25114.1	FZD8	FZD8	full-splice_match	YES	28.77	11.94	22.61
PB.25116.1	Protein_PB.25116.1	CUL2	CUL2	incomplete-splice_match	YES	119.31	134.88	61.4
PB.25116.2	Protein_PB.25116.2	CUL2	CUL2	full-splice_match	YES	5.6	9.7	49.06
PB.25116.3	Protein_PB.25116.3	CUL2	CUL2	novel_not_in_catalog	YES	288.44	302.12	207.39
PB.25116.4	Protein_PB.25116.4	CUL2	CUL2	incomplete-splice_match	YES	100.4	106.5	114.83
PB.25116.6	Protein_PB.25116.6	CUL2	CUL2	full-splice_match	YES	19.98	20.96	30.81
PB.25118.1	Protein_PB.25118.1	PARD3	PARD3	full-splice_match	YES	22.69	22.55	19.42
PB.25118.13	Protein_PB.25118.13	PARD3	PARD3	full-splice_match	YES	73.3	32.57	50.17
PB.25118.18	Protein_PB.25118.18	PARD3	PARD3	full-splice_match	YES	22.64	35.29	22.6
PB.25118.19	Protein_PB.25118.19	PARD3	PARD3	full-splice_match	YES	105.39	81.99	101.72
PB.25118.22	Protein_PB.25118.22	PARD3	PARD3	novel_not_in_catalog	YES	34.66	31.72	42.41
PB.25118.8	Protein_PB.25118.8	PARD3	PARD3	full-splice_match	YES	106.49	103.14	118.62
PB.25118.9	Protein_PB.25118.9	PARD3	PARD3	full-splice_match	YES	53.11	42.96	44.62
PB.25120.1	Protein_PB.25120.1	NRP1	NRP1	full-splice_match	YES	213.59	195.23	173.2
PB.25120.2	Protein_PB.25120.2	NRP1	NRP1	full-splice_match	YES	207.63	203.61	211.38
PB.25120.3	Protein_PB.25120.3	NRP1	NRP1	full-splice_match	YES	21.02	56.51	48.52
PB.25120.4	Protein_PB.25120.4	NRP1	NRP1	full-splice_match	YES	227.58	46.45	63.25
PB.25120.5	Protein_PB.25120.5	NRP1	NRP1	incomplete-splice_match	YES	88.5	68.61	74.17
PB.25120.8	Protein_PB.25120.8	NRP1	NRP1	novel_in_catalog	YES	22.72	34.34	18.51
PB.25122.1	Protein_PB.25122.1	ITGB1	ITGB1	full-splice_match	YES	780.15	528.81	517.79
PB.25122.4	Protein_PB.25122.4	ITGB1	ITGB1	novel_not_in_catalog	YES	84.61	38.67	58.25
PB.25122.6	Protein_PB.25122.6	ITGB1	ITGB1	novel_not_in_catalog	YES	986.76	903.36	896.59
PB.25124.1	Protein_PB.25124.1	EPC1	EPC1	full-splice_match	YES	18.37	25.74	23.34
PB.25124.3	Protein_PB.25124.3	EPC1	EPC1	full-splice_match	YES	18.78	35.83	26.31
PB.25124.4	Protein_PB.25124.4	EPC1	EPC1	full-splice_match	YES	175.39	143.42	190.48
PB.25124.5	Protein_PB.25124.5	EPC1	EPC1	novel_not_in_catalog	YES	27.72	28.8	18.67
PB.25126.2	Protein_PB.25126.2	KIF5B	KIF5B	incomplete-splice_match	YES	527.23	457.98	401.29
PB.25126.3	Protein_PB.25126.3	KIF5B	KIF5B	full-splice_match	YES	1873.22	1967.71	1646.68
PB.25126.4	Protein_PB.25126.4	KIF5B	KIF5B	incomplete-splice_match	YES	70.25	62.97	78.88
PB.25128.1	Protein_PB.25128.1	ARHGAP12	ARHGAP12	full-splice_match	YES	34.04	35.4	45.03
PB.25128.10	Protein_PB.25128.10	ARHGAP12	ARHGAP12	incomplete-splice_match	YES	38.34	38.46	54.25
PB.25128.6	Protein_PB.25128.6	ARHGAP12	ARHGAP12	incomplete-splice_match	YES	32.03	41.61	49.89
PB.25128.8	Protein_PB.25128.8	ARHGAP12	ARHGAP12	incomplete-splice_match	YES	43.45	45.41	62.15
PB.25128.9	Protein_PB.25128.9	ARHGAP12	ARHGAP12	novel_not_in_catalog	YES	51.83	68.74	61.43
PB.2513.5	Protein_PB.2513.5	PREB	PREB	full-splice_match	YES	234.57	252.29	226.98
PB.25130.1		novelGene_2832	novelGene_2832	intergenic	NO	21.28	15.38	22.5
PB.25131.3	Protein_PB.25131.3	ZNF438	ZNF438	full-splice_match	YES	34.77	57.46	49.3
PB.25131.4	Protein_PB.25131.4	ZNF438	ZNF438	full-splice_match	YES	23.1	26.6	11.16
PB.25131.5	Protein_PB.25131.5	ZNF438	ZNF438	full-splice_match	YES	32.44	28.45	43.96
PB.25139.3	Protein_PB.25139.3	MPP7	MPP7	full-splice_match	YES	179.87	154.79	100.83
PB.25139.7	Protein_PB.25139.7	MPP7	MPP7	full-splice_match	YES	66.79	64.97	70.69
PB.25142.3	Protein_PB.25142.3	MKX	MKX	full-splice_match	YES	21.11	2.76	5.0
PB.25149.1	Protein_PB.25149.1	CCNY	CCNY	full-splice_match	YES	19.31	14.78	30.83
PB.25149.3	Protein_PB.25149.3	CCNY	CCNY	full-splice_match	YES	156.25	151.45	141.94
PB.2515.2	Protein_PB.2515.2	SLC5A6	SLC5A6	full-splice_match	YES	73.99	25.18	77.83
PB.2515.27	Protein_PB.2515.27	SLC5A6	SLC5A6	novel_in_catalog	YES	29.13	11.44	9.53
PB.2515.28	Protein_PB.2515.28	SLC5A6	SLC5A6	novel_in_catalog	YES	27.91	35.16	26.64
PB.25150.11	Protein_PB.25150.11	CREM	CREM	full-splice_match	YES	43.67	67.19	32.33
PB.25150.15	Protein_PB.25150.15	CREM	CREM	full-splice_match	YES	35.21	51.31	28.66
PB.25150.21	Protein_PB.25150.21	CREM	CREM	incomplete-splice_match	YES	12.0	22.58	21.34
PB.25150.8		CREM	CREM	full-splice_match	NO	95.95	143.39	58.02
PB.25154.1	Protein_PB.25154.1	CCDC7	CCDC7	full-splice_match	YES	33.25	36.55	39.43
PB.25158.2	Protein_PB.25158.2	ZEB1	ZEB1	full-splice_match	YES	372.18	319.43	398.91
PB.25158.3	Protein_PB.25158.3	ZEB1	ZEB1	novel_not_in_catalog	YES	80.02	73.39	249.49
PB.25158.4	Protein_PB.25158.4	ZEB1	ZEB1	novel_not_in_catalog	YES	441.17	425.97	341.16
PB.25159.10	Protein_PB.25159.10	SVIL	SVIL	novel_not_in_catalog	YES	546.11	682.7	689.96
PB.25159.11	Protein_PB.25159.11	SVIL	SVIL	novel_not_in_catalog	YES	91.96	109.53	206.53
PB.25159.12	Protein_PB.25159.12	SVIL	SVIL	novel_not_in_catalog	YES	2520.02	2585.83	2139.18
PB.25159.13	Protein_PB.25159.13	SVIL	SVIL	novel_not_in_catalog	YES	96.63	68.41	813.78
PB.25159.14	Protein_PB.25159.14	SVIL	SVIL	novel_not_in_catalog	YES	1358.29	771.21	580.78
PB.25159.15	Protein_PB.25159.15	SVIL	SVIL	novel_not_in_catalog	YES	6716.23	6940.12	2267.82
PB.25159.16	Protein_PB.25159.16	SVIL	SVIL	novel_not_in_catalog	YES	169.41	71.55	76.8
PB.25159.2	Protein_PB.25159.2	SVIL	SVIL	full-splice_match	YES	77.5	93.4	61.43
PB.25159.20	Protein_PB.25159.20	SVIL	SVIL	novel_not_in_catalog	YES	98.2	80.46	207.04
PB.25159.21	Protein_PB.25159.21	SVIL	SVIL	novel_not_in_catalog	YES	856.59	722.76	1058.33
PB.25159.22	Protein_PB.25159.22	SVIL	SVIL	novel_not_in_catalog	YES	666.0	463.4	402.17
PB.25159.25		novelGene_2834	novelGene_2834	intergenic	NO	25.73	22.43	21.3
PB.25159.3	Protein_PB.25159.3	SVIL	SVIL	novel_not_in_catalog	YES	992.16	872.81	543.7
PB.25159.4	Protein_PB.25159.4	SVIL	SVIL	novel_not_in_catalog	YES	427.59	273.17	353.36
PB.25159.5	Protein_PB.25159.5	SVIL	SVIL	novel_not_in_catalog	YES	116.92	168.82	59.12
PB.25159.8	Protein_PB.25159.8	SVIL	SVIL	novel_not_in_catalog	YES	267.94	223.68	253.56
PB.25159.9	Protein_PB.25159.9	SVIL	SVIL	novel_not_in_catalog	YES	902.03	518.44	1285.98
PB.25161.2	Protein_PB.25161.2	JCAD	JCAD	full-splice_match	YES	223.4	144.16	190.04
PB.25161.3	Protein_PB.25161.3	JCAD	JCAD	novel_in_catalog	YES	21.11	25.68	4.45
PB.25164.3	Protein_PB.25164.3	MTPAP	MTPAP	full-splice_match	YES	111.21	119.14	102.52
PB.25169.11	Protein_PB.25169.11	WAC	WAC	novel_in_catalog	YES	65.75	68.84	36.42
PB.25169.2	Protein_PB.25169.2	WAC	WAC	full-splice_match	YES	11.81	23.01	22.72
PB.25169.4	Protein_PB.25169.4	WAC	WAC	full-splice_match	YES	130.93	113.36	118.88
PB.25169.8	Protein_PB.25169.8	WAC	WAC	novel_in_catalog	YES	43.64	50.82	69.0
PB.25169.9	Protein_PB.25169.9	WAC	WAC	novel_in_catalog	YES	368.15	364.47	341.61
PB.25173.2	Protein_PB.25173.2	RAB18	RAB18	full-splice_match	YES	138.11	152.61	179.35
PB.25173.3		RAB18	RAB18	novel_in_catalog	NO	179.41	200.15	202.15
PB.25173.4	Protein_PB.25173.4	RAB18	RAB18	novel_not_in_catalog	YES	176.88	211.74	203.31
PB.25175.1	Protein_PB.25175.1	LOC113244268	LOC113244268	full-splice_match	YES	50.7	50.35	58.15
PB.2518.9	Protein_PB.2518.9	MPV17	MPV17	novel_in_catalog	YES	11.65	12.46	17.89
PB.25182.1	Protein_PB.25182.1	DIAPH2	DIAPH2	full-splice_match	YES	31.22	8.24	50.31
PB.25182.2	Protein_PB.25182.2	DIAPH2	DIAPH2	full-splice_match	YES	48.31	52.73	27.88
PB.25182.4	Protein_PB.25182.4	DIAPH2	DIAPH2	full-splice_match	YES	32.01	25.9	39.13
PB.2519.1	Protein_PB.2519.1	GTF3C2	GTF3C2	novel_in_catalog	YES	17.03	11.5	13.07
PB.2519.2	Protein_PB.2519.2	GTF3C2	GTF3C2	novel_in_catalog	YES	45.52	55.33	75.46
PB.2519.6	Protein_PB.2519.6	GTF3C2	GTF3C2	novel_not_in_catalog	YES	36.27	34.01	26.58
PB.25198.1	Protein_PB.25198.1	TNMD	TNMD	full-splice_match	YES	80.8	37.74	44.41
PB.25199.2	Protein_PB.25199.2	SRPX2	SRPX2	novel_not_in_catalog	YES	33.44	22.32	31.08
PB.2520.1	Protein_PB.2520.1	EIF2B4	EIF2B4	full-splice_match	YES	59.9	107.09	67.74
PB.2520.10	Protein_PB.2520.10	EIF2B4	EIF2B4	novel_in_catalog	YES	25.1	16.08	30.6
PB.2520.27	Protein_PB.2520.27	EIF2B4	EIF2B4	novel_not_in_catalog	YES	73.07	34.49	31.7
PB.2520.3	Protein_PB.2520.3	EIF2B4	EIF2B4	full-splice_match	YES	126.52	150.48	110.71
PB.25200.2	Protein_PB.25200.2	CSTF2	CSTF2	full-splice_match	YES	44.01	28.61	32.14
PB.25200.3	Protein_PB.25200.3	CSTF2	CSTF2	full-splice_match	YES	20.59	12.71	17.21
PB.25206.1	Protein_PB.25206.1	RPL36A	RPL36A	full-splice_match	YES	4409.36	4501.79	6358.11
PB.25207.1	Protein_PB.25207.1	HNRNPH2	HNRNPH2	full-splice_match	YES	99.82	75.87	66.89
PB.25207.2	Protein_PB.25207.2	HNRNPH2	HNRNPH2	full-splice_match	YES	358.84	414.35	395.88
PB.25208.3	Protein_PB.25208.3	LOC113244307	LOC113244307	full-splice_match	YES	32.3	8.9	67.07
PB.25208.4	Protein_PB.25208.4	LOC113244307	LOC113244307	full-splice_match	YES	46.18	14.38	17.71
PB.2521.1	Protein_PB.2521.1	ZNF513	ZNF513	full-splice_match	YES	4.35	18.48	19.5
PB.2521.2	Protein_PB.2521.2	ZNF513	ZNF513	full-splice_match	YES	27.92	9.63	18.15
PB.25211.2	Protein_PB.25211.2	ARMCX3	ARMCX3	full-splice_match	YES	93.27	60.73	92.47
PB.25211.3	Protein_PB.25211.3	ARMCX3	ARMCX3	full-splice_match	YES	325.46	246.55	448.25
PB.25211.4	Protein_PB.25211.4	ARMCX3	ARMCX3	full-splice_match	YES	22.69	12.87	31.22
PB.25214.2	Protein_PB.25214.2	ARMCX5	ARMCX5	genic	YES	34.52	24.46	31.21
PB.25217.10	Protein_PB.25217.10	BHLHB9	BHLHB9	novel_not_in_catalog	YES	53.76	32.27	32.99
PB.25217.14	Protein_PB.25217.14	BHLHB9	BHLHB9	novel_not_in_catalog	YES	18.82	11.05	36.17
PB.25217.17	Protein_PB.25217.17	BHLHB9	BHLHB9	novel_not_in_catalog	YES	21.2	33.43	47.36
PB.25217.2	Protein_PB.25217.2	BHLHB9	BHLHB9	novel_not_in_catalog	YES	69.17	100.62	45.86
PB.25217.4	Protein_PB.25217.4	BHLHB9	BHLHB9	novel_not_in_catalog	YES	7.36	6.57	18.97
PB.2522.1	Protein_PB.2522.1	PPM1G	PPM1G	full-splice_match	YES	169.61	148.79	214.97
PB.2522.2	Protein_PB.2522.2	PPM1G	PPM1G	full-splice_match	YES	278.31	325.12	245.76
PB.2523.2	Protein_PB.2523.2	IFT172	IFT172	full-splice_match	YES	52.69	43.72	59.26
PB.25230.1	Protein_PB.25230.1	TSPAN6	TSPAN6	full-splice_match	YES	60.96	44.34	45.55
PB.25231.1	Protein_PB.25231.1	SYTL4	SYTL4	novel_in_catalog	YES	19.31	15.81	13.41
PB.25232.1		novelGene_2847	novelGene_2847	intergenic	NO	13.48	10.97	18.2
PB.25238.1		TIMM8A	TIMM8A	full-splice_match	NO	88.83	97.02	86.88
PB.2524.1	Protein_PB.2524.1	FNDC4	FNDC4	full-splice_match	YES	17.33	15.4	21.02
PB.25240.2	Protein_PB.25240.2	GLA	GLA	full-splice_match	YES	40.35	38.06	27.08
PB.25243.1	Protein_PB.25243.1	ARMCX2	ARMCX2	full-splice_match	YES	26.42	7.81	17.87
PB.25248.1	Protein_PB.25248.1	NOTCH2NLR	NOTCH2NLR	full-splice_match	YES	40.51	24.25	35.15
PB.25249.1	Protein_PB.25249.1	NOTCH2	NOTCH2	full-splice_match	YES	464.47	311.47	466.43
PB.25253.1	Protein_PB.25253.1	ZNF697	ZNF697	full-splice_match	YES	27.26	33.16	41.6
PB.25254.1	Protein_PB.25254.1	WARS2	WARS2	full-splice_match	YES	37.86	39.13	34.88
PB.25255.1	Protein_PB.25255.1	TBX15	TBX15	full-splice_match	YES	690.18	578.8	770.86
PB.25255.2	Protein_PB.25255.2	TBX15	TBX15	novel_not_in_catalog	YES	1253.11	1076.21	1353.29
PB.25255.3	Protein_PB.25255.3	TBX15	TBX15	full-splice_match	YES	12.19	12.96	26.19
PB.25259.3	Protein_PB.25259.3	GDAP2	GDAP2	full-splice_match	YES	102.06	86.34	113.3
PB.25259.4	Protein_PB.25259.4	GDAP2	GDAP2	full-splice_match	YES	58.78	51.04	52.2
PB.2526.1	Protein_PB.2526.1	CCDC121	CCDC121	full-splice_match	YES	44.87	39.12	31.92
PB.25261.1	Protein_PB.25261.1	TRIM45	TRIM45	full-splice_match	YES	29.83	45.74	17.42
PB.25261.2	Protein_PB.25261.2	TRIM45	TRIM45	full-splice_match	YES	150.67	133.98	111.85
PB.25262.1	Protein_PB.25262.1	IGSF3	IGSF3	full-splice_match	YES	38.92	45.52	39.01
PB.25263.1	Protein_PB.25263.1	CD58	CD58	full-splice_match	YES	42.34	27.74	40.16
PB.25263.2	Protein_PB.25263.2	CD58	CD58	incomplete-splice_match	YES	20.0	15.86	17.47
PB.25266.1	Protein_PB.25266.1	CASQ2	CASQ2	full-splice_match	YES	239.56	139.18	161.93
PB.2527.1	Protein_PB.2527.1	SUPT7L	SUPT7L	full-splice_match	YES	78.49	77.94	45.63
PB.2527.2	Protein_PB.2527.2	SUPT7L	SUPT7L	incomplete-splice_match	YES	21.16	14.27	20.11
PB.2527.3	Protein_PB.2527.3	SUPT7L	SUPT7L	full-splice_match	YES	22.69	15.09	43.92
PB.2527.5	Protein_PB.2527.5	SUPT7L	SUPT7L	full-splice_match	YES	31.81	27.7	30.31
PB.25272.1	Protein_PB.25272.1	SIKE1	SIKE1	novel_in_catalog	YES	76.53	88.12	73.12
PB.25272.3	Protein_PB.25272.3	SIKE1	SIKE1	full-splice_match	YES	44.37	35.34	39.49
PB.25273.1	Protein_PB.25273.1	CSDE1	CSDE1	full-splice_match	YES	512.46	398.45	366.48
PB.25273.10	Protein_PB.25273.10	CSDE1	CSDE1	novel_in_catalog	YES	85.41	110.48	85.26
PB.25273.13	Protein_PB.25273.13	CSDE1	CSDE1	novel_not_in_catalog	YES	3462.77	3593.39	4017.12
PB.25273.14	Protein_PB.25273.14	CSDE1	CSDE1	novel_not_in_catalog	YES	1709.24	1941.12	1757.71
PB.25273.15	Protein_PB.25273.15	CSDE1	CSDE1	novel_not_in_catalog	YES	9240.19	8948.57	11157.76
PB.25273.16	Protein_PB.25273.16	CSDE1	CSDE1	full-splice_match	YES	47.89	0.31	63.11
PB.25273.19	Protein_PB.25273.19	CSDE1	CSDE1	incomplete-splice_match	YES	4401.2	4146.76	4832.01
PB.25273.2	Protein_PB.25273.2	CSDE1	CSDE1	novel_not_in_catalog	YES	14.0	15.23	19.53
PB.25273.20	Protein_PB.25273.20	CSDE1	CSDE1	incomplete-splice_match	YES	802.47	808.91	1031.23
PB.25273.4	Protein_PB.25273.4	CSDE1	CSDE1	novel_in_catalog	YES	25.92	11.5	26.43
PB.25273.5	Protein_PB.25273.5	CSDE1	CSDE1	novel_in_catalog	YES	217.49	254.65	364.1
PB.25273.6	Protein_PB.25273.6	CSDE1	CSDE1	novel_not_in_catalog	YES	421.87	263.39	222.79
PB.25273.7	Protein_PB.25273.7	CSDE1	CSDE1	novel_not_in_catalog	YES	1310.45	1894.69	793.85
PB.25273.8	Protein_PB.25273.8	CSDE1	CSDE1	novel_in_catalog	YES	49.88	55.81	95.52
PB.25274.10	Protein_PB.25274.10	NRAS	NRAS	novel_not_in_catalog	YES	164.23	122.91	195.05
PB.25274.11	Protein_PB.25274.11	NRAS	NRAS	novel_in_catalog	YES	4.46	8.01	39.08
PB.25274.5	Protein_PB.25274.5	NRAS	NRAS	full-splice_match	YES	38.4	40.74	39.77
PB.25274.8	Protein_PB.25274.8	NRAS	NRAS	novel_not_in_catalog	YES	15.28	11.92	25.44
PB.25275.1	Protein_PB.25275.1	AMPD1	AMPD1	novel_not_in_catalog	YES	16.43	64.23	105.83
PB.25275.2	Protein_PB.25275.2	AMPD1	AMPD1	novel_not_in_catalog	YES	24.18	11.41	27.17
PB.25275.4	Protein_PB.25275.4	AMPD1	AMPD1	novel_not_in_catalog	YES	1363.4	1069.85	1190.95
PB.25275.5	Protein_PB.25275.5	AMPD1	AMPD1	novel_not_in_catalog	YES	60.89	45.45	92.46
PB.25275.6	Protein_PB.25275.6	AMPD1	AMPD1	novel_not_in_catalog	YES	2930.34	2262.03	3199.32
PB.25275.7	Protein_PB.25275.7	AMPD1	AMPD1	full-splice_match	YES	151.35	108.24	103.8
PB.25275.9	Protein_PB.25275.9	AMPD1	AMPD1	incomplete-splice_match	YES	20.41	10.46	31.35
PB.25276.2	Protein_PB.25276.2	DENND2C	DENND2C	full-splice_match	YES	105.86	79.9	131.91
PB.25277.1	Protein_PB.25277.1	BCAS2	BCAS2	full-splice_match	YES	179.04	184.21	157.43
PB.25278.1	Protein_PB.25278.1	TRIM33	TRIM33	full-splice_match	YES	66.13	51.88	78.21
PB.25278.2	Protein_PB.25278.2	TRIM33	TRIM33	full-splice_match	YES	225.37	201.48	226.61
PB.2528.8	Protein_PB.2528.8	RBKS	RBKS	full-splice_match	YES	17.81	20.37	23.86
PB.25283.1	Protein_PB.25283.1	AP4B1	AP4B1	full-splice_match	YES	98.84	30.8	52.48
PB.25283.5	Protein_PB.25283.5	AP4B1	AP4B1	full-splice_match	YES	20.36	51.84	30.61
PB.25283.7	Protein_PB.25283.7	AP4B1	AP4B1	full-splice_match	YES	32.55	50.74	38.5
PB.25283.8	Protein_PB.25283.8	AP4B1	AP4B1	full-splice_match	YES	15.87	38.87	20.71
PB.25286.1	Protein_PB.25286.1	RSBN1	RSBN1	full-splice_match	YES	156.59	144.45	187.07
PB.25287.4	Protein_PB.25287.4	PHTF1	PHTF1	full-splice_match	YES	54.88	56.23	40.59
PB.25287.8	Protein_PB.25287.8	PHTF1	PHTF1	novel_not_in_catalog	YES	27.65	28.83	30.83
PB.2529.2	Protein_PB.2529.2	TRMT61B	TRMT61B	novel_not_in_catalog	YES	8.82	21.52	11.63
PB.2529.7	Protein_PB.2529.7	TRMT61B	TRMT61B	full-splice_match	YES	62.61	55.19	46.78
PB.25292.1	Protein_PB.25292.1	LOC113244413	LOC113244413	novel_not_in_catalog	YES	7.77	17.33	5.13
PB.25292.10	Protein_PB.25292.10	LOC113244413	LOC113244413	novel_not_in_catalog	YES	9.89	54.08	7.9
PB.25292.12	Protein_PB.25292.12	LOC113244413	LOC113244413	novel_not_in_catalog	YES	22.58	58.79	29.85
PB.25292.13	Protein_PB.25292.13	LOC113244413	LOC113244413	novel_not_in_catalog	YES	54.52	115.16	0.12
PB.25292.14	Protein_PB.25292.14	LOC113244413	LOC113244413	novel_not_in_catalog	YES	10.95	31.28	28.63
PB.25292.16	Protein_PB.25292.16	LOC113244413	LOC113244413	novel_not_in_catalog	YES	27.26	89.69	57.02
PB.25292.18	Protein_PB.25292.18	LOC113244413	LOC113244413	novel_not_in_catalog	YES	19.92	27.27	6.06
PB.25292.20	Protein_PB.25292.20	LOC113244413	LOC113244413	novel_not_in_catalog	YES	50.43	69.94	47.43
PB.25292.22	Protein_PB.25292.22	LOC113244413	LOC113244413	novel_not_in_catalog	YES	56.64	106.99	51.83
PB.25292.24	Protein_PB.25292.24	LOC113244413	LOC113244413	full-splice_match	YES	63.66	99.06	215.09
PB.25292.25	Protein_PB.25292.25	LOC113244413	LOC113244413	full-splice_match	YES	46.3	47.51	28.66
PB.25292.26	Protein_PB.25292.26	LOC113244413	LOC113244413	full-splice_match	YES	182.26	204.63	124.12
PB.25292.27	Protein_PB.25292.27	LOC113244413	LOC113244413	novel_not_in_catalog	YES	277.08	229.72	214.5
PB.25292.28	Protein_PB.25292.28	LOC113244413	LOC113244413	novel_not_in_catalog	YES	82.91	75.24	55.95
PB.25292.31	Protein_PB.25292.31	LOC113244413	LOC113244413	incomplete-splice_match	YES	443.21	327.57	356.53
PB.25292.7	Protein_PB.25292.7	LOC113244413	LOC113244413	novel_not_in_catalog	YES	45.96	101.11	30.42
PB.25292.8	Protein_PB.25292.8	LOC113244413	LOC113244413	novel_not_in_catalog	YES	68.35	111.4	30.56
PB.25294.1	Protein_PB.25294.1	PPM1J	PPM1J	full-splice_match	YES	339.19	368.56	215.84
PB.25295.1	Protein_PB.25295.1	RHOC	RHOC	full-splice_match	YES	237.91	164.05	176.45
PB.25298.2	Protein_PB.25298.2	ST7L	ST7L	incomplete-splice_match	YES	67.73	77.13	70.33
PB.25298.8	Protein_PB.25298.8	ST7L	ST7L	novel_not_in_catalog	YES	26.78	22.36	19.59
PB.25298.9	Protein_PB.25298.9	ST7L	ST7L	full-splice_match	YES	16.75	13.63	34.14
PB.25300.1	Protein_PB.25300.1	INKA2	INKA2	full-splice_match	YES	61.85	55.43	34.42
PB.25302.1	Protein_PB.25302.1	WDR77	WDR77	full-splice_match	YES	182.03	206.98	219.66
PB.25305.1	Protein_PB.25305.1	PHGDH	PHGDH	full-splice_match	YES	25.88	20.05	25.75
PB.25309.1	Protein_PB.25309.1	WDR3	WDR3	full-splice_match	YES	168.37	210.4	166.92
PB.25310.1	Protein_PB.25310.1	TENT5C	TENT5C	full-splice_match	YES	63.05	64.05	66.81
PB.25311.1	Protein_PB.25311.1	MAN1A2	MAN1A2	full-splice_match	YES	154.51	131.71	150.3
PB.25312.1	Protein_PB.25312.1	LOC113244372	LOC113244372	full-splice_match	YES	22.48	23.38	20.66
PB.25315.1	Protein_PB.25315.1	PTGFRN	PTGFRN	full-splice_match	YES	310.73	152.18	220.71
PB.25317.5	Protein_PB.25317.5	ATP1A1	ATP1A1	full-splice_match	YES	477.53	312.27	386.88
PB.2532.1		LOC113240846	LOC113240846	full-splice_match	NO	371.13	313.81	387.48
PB.25321.1	Protein_PB.25321.1	VANGL1	VANGL1	full-splice_match	YES	53.83	40.05	40.83
PB.25328.2	Protein_PB.25328.2	OLFML3	OLFML3	full-splice_match	YES	64.84	34.01	88.02
PB.25329.1	Protein_PB.25329.1	HIPK1	HIPK1	full-splice_match	YES	63.18	50.55	67.04
PB.25329.2	Protein_PB.25329.2	HIPK1	HIPK1	full-splice_match	YES	48.72	66.88	60.24
PB.25329.3	Protein_PB.25329.3	HIPK1	HIPK1	full-splice_match	YES	207.47	161.32	228.62
PB.25329.4	Protein_PB.25329.4	HIPK1	HIPK1	full-splice_match	YES	98.4	81.91	58.13
PB.25329.5	Protein_PB.25329.5	HIPK1	HIPK1	full-splice_match	YES	89.52	153.16	188.3
PB.25332.1	Protein_PB.25332.1	MAGI3	MAGI3	full-splice_match	YES	17.0	10.53	4.94
PB.25332.3	Protein_PB.25332.3	MAGI3	MAGI3	full-splice_match	YES	82.7	76.66	97.53
PB.25333.1	Protein_PB.25333.1	LRIG2	LRIG2	full-splice_match	YES	35.56	16.43	9.54
PB.25333.2	Protein_PB.25333.2	LRIG2	LRIG2	full-splice_match	YES	39.19	44.58	52.27
PB.25333.3	Protein_PB.25333.3	LRIG2	LRIG2	novel_in_catalog	YES	41.32	75.11	59.01
PB.25333.4	Protein_PB.25333.4	LRIG2	LRIG2	full-splice_match	YES	129.41	108.35	138.16
PB.25334.3	Protein_PB.25334.3	novelGene_2861	novelGene_2861	intergenic	YES	54.63	43.47	40.66
PB.25336.1	Protein_PB.25336.1	MOV10	MOV10	full-splice_match	YES	17.95	5.6	12.57
PB.25337.1	Protein_PB.25337.1	CAPZA1	CAPZA1	novel_in_catalog	YES	48.22	50.03	46.5
PB.25337.2	Protein_PB.25337.2	CAPZA1	CAPZA1	novel_not_in_catalog	YES	125.38	109.43	109.8
PB.25337.3	Protein_PB.25337.3	CAPZA1	CAPZA1	full-splice_match	YES	33.3	26.23	28.43
PB.25337.4	Protein_PB.25337.4	CAPZA1	CAPZA1	novel_not_in_catalog	YES	36.11	32.63	49.25
PB.25339.1	Protein_PB.25339.1	CTTNBP2NL	CTTNBP2NL	full-splice_match	YES	36.4	26.66	43.84
PB.25340.1	Protein_PB.25340.1	DDX20	DDX20	full-splice_match	YES	105.72	119.54	117.31
PB.25340.4	Protein_PB.25340.4	DDX20	DDX20	novel_in_catalog	YES	30.03	20.32	17.09
PB.25341.1	Protein_PB.25341.1	RAP1A	RAP1A	novel_not_in_catalog	YES	77.71	96.36	78.26
PB.25341.2	Protein_PB.25341.2	RAP1A	RAP1A	full-splice_match	YES	247.9	305.73	260.24
PB.25341.3	Protein_PB.25341.3	RAP1A	RAP1A	full-splice_match	YES	61.35	57.42	44.7
PB.25341.4	Protein_PB.25341.4	RAP1A	RAP1A	novel_not_in_catalog	YES	17.48	9.43	12.24
PB.25341.5	Protein_PB.25341.5	RAP1A	RAP1A	novel_not_in_catalog	YES	15.15	26.82	29.71
PB.25341.7	Protein_PB.25341.7	RAP1A	RAP1A	novel_not_in_catalog	YES	29.55	11.41	24.8
PB.25344.1	Protein_PB.25344.1	ATP5PB	ATP5PB	full-splice_match	YES	6053.56	7288.64	4825.58
PB.25344.2		ATP5PB	ATP5PB	novel_in_catalog	NO	1171.64	1150.21	632.22
PB.25346.4	Protein_PB.25346.4	B3GNTL1	B3GNTL1	full-splice_match	YES	36.86	42.81	48.19
PB.25346.6	Protein_PB.25346.6	B3GNTL1	B3GNTL1	full-splice_match	YES	37.35	12.44	49.93
PB.25347.1	Protein_PB.25347.1	ZNF750	ZNF750	novel_not_in_catalog	YES	56.41	72.92	67.56
PB.25350.1	Protein_PB.25350.1	RAB40B	RAB40B	novel_in_catalog	YES	9.84	22.75	10.44
PB.25350.3	Protein_PB.25350.3	RAB40B	RAB40B	full-splice_match	YES	23.58	22.53	40.59
PB.25351.1	Protein_PB.25351.1	WDR45B	WDR45B	full-splice_match	YES	103.0	112.89	118.22
PB.25351.2	Protein_PB.25351.2	WDR45B	WDR45B	novel_not_in_catalog	YES	22.36	11.67	20.31
PB.25352.3	Protein_PB.25352.3	LOC113244469	LOC113244469	novel_not_in_catalog	YES	22.75	17.52	32.01
PB.25356.1	Protein_PB.25356.1	LOC113244473	LOC113244473	full-splice_match	YES	51.5	31.71	41.19
PB.25357.1	Protein_PB.25357.1	OGFOD3	OGFOD3	full-splice_match	YES	54.81	56.25	51.03
PB.25360.1	Protein_PB.25360.1	CSNK1D	CSNK1D	full-splice_match	YES	61.69	42.82	54.65
PB.25360.10	Protein_PB.25360.10	CSNK1D	CSNK1D	novel_not_in_catalog	YES	24.4	22.69	27.74
PB.25360.2	Protein_PB.25360.2	CSNK1D	CSNK1D	full-splice_match	YES	23.33	11.76	22.93
PB.25360.3	Protein_PB.25360.3	CSNK1D	CSNK1D	novel_not_in_catalog	YES	186.15	167.52	189.36
PB.25363.1	Protein_PB.25363.1	FASN	FASN	full-splice_match	YES	513.6	137.33	72.78
PB.25364.2	Protein_PB.25364.2	DUS1L	DUS1L	full-splice_match	YES	277.32	287.08	187.52
PB.25365.1	Protein_PB.25365.1	RFNG	RFNG	full-splice_match	YES	933.06	931.77	846.96
PB.25365.2	Protein_PB.25365.2	RFNG	RFNG	incomplete-splice_match	YES	157.86	156.22	127.55
PB.25367.2	Protein_PB.25367.2	DCXR	DCXR	novel_in_catalog	YES	17.02	39.52	17.83
PB.25367.4	Protein_PB.25367.4	DCXR	DCXR	full-splice_match	YES	312.63	398.84	325.22
PB.25367.5		DCXR	DCXR	novel_in_catalog	NO	7.54	12.42	17.68
PB.25367.6		DCXR	DCXR	novel_in_catalog	NO	43.31	42.27	59.15
PB.25368.1	Protein_PB.25368.1	CENPX	CENPX	full-splice_match	YES	38.14	36.54	34.52
PB.2537.1	Protein_PB.2537.1	XDH	XDH	full-splice_match	YES	1085.23	851.67	806.84
PB.2537.2	Protein_PB.2537.2	XDH	XDH	incomplete-splice_match	YES	138.15	83.62	54.1
PB.25370.1	Protein_PB.25370.1	MYADML2	MYADML2	full-splice_match	YES	222.57	267.86	239.68
PB.25371.1	Protein_PB.25371.1	PYCR1	PYCR1	full-splice_match	YES	23.55	12.34	18.45
PB.25372.2	Protein_PB.25372.2	MAFG	MAFG	full-splice_match	YES	42.65	42.14	25.83
PB.25373.2	Protein_PB.25373.2	SIRT7	SIRT7	full-splice_match	YES	35.56	35.14	41.99
PB.25374.2	Protein_PB.25374.2	PCYT2	PCYT2	full-splice_match	YES	436.18	486.07	289.5
PB.25374.3	Protein_PB.25374.3	PCYT2	PCYT2	novel_not_in_catalog	YES	8.53	11.82	31.6
PB.25375.1	Protein_PB.25375.1	ALYREF	ALYREF	full-splice_match	YES	114.89	135.97	117.2
PB.25376.1	Protein_PB.25376.1	ARHGDIA	ARHGDIA	full-splice_match	YES	173.0	153.62	158.5
PB.25376.2	Protein_PB.25376.2	ARHGDIA	ARHGDIA	novel_not_in_catalog	YES	114.25	107.65	138.05
PB.25377.2	Protein_PB.25377.2	P4HB	P4HB	full-splice_match	YES	1725.85	2155.57	3184.0
PB.25377.6	Protein_PB.25377.6	P4HB	P4HB	incomplete-splice_match	YES	426.76	549.46	691.51
PB.25378.1	Protein_PB.25378.1	PPP1R27	PPP1R27	novel_not_in_catalog	YES	42.54	3.25	9.64
PB.25378.2	Protein_PB.25378.2	PPP1R27	PPP1R27	novel_not_in_catalog	YES	33.22	58.76	63.19
PB.25378.3	Protein_PB.25378.3	PPP1R27	PPP1R27	novel_not_in_catalog	YES	1762.65	2593.59	1454.13
PB.25378.6	Protein_PB.25378.6	PPP1R27	PPP1R27	incomplete-splice_match	YES	2731.55	3851.23	2327.96
PB.25379.1	Protein_PB.25379.1	MCRIP1	MCRIP1	full-splice_match	YES	61.8	49.09	45.66
PB.25381.1	Protein_PB.25381.1	ARL16	ARL16	full-splice_match	YES	61.03	55.4	76.36
PB.25382.1	Protein_PB.25382.1	OXLD1	OXLD1	full-splice_match	YES	74.33	64.65	54.0
PB.25384.1	Protein_PB.25384.1	NPLOC4	NPLOC4	full-splice_match	YES	387.65	432.02	410.55
PB.25384.2	Protein_PB.25384.2	NPLOC4	NPLOC4	novel_not_in_catalog	YES	423.55	507.57	450.98
PB.25385.1	Protein_PB.25385.1	FAAP100	FAAP100	novel_in_catalog	YES	14.64	17.66	10.57
PB.25385.2	Protein_PB.25385.2	FAAP100	FAAP100	full-splice_match	YES	23.12	19.11	13.53
PB.25385.5	Protein_PB.25385.5	FAAP100	FAAP100	full-splice_match	YES	28.66	24.06	17.5
PB.25386.1	Protein_PB.25386.1	ACTG1	ACTG1	full-splice_match	YES	1544.81	966.9	1502.86
PB.25386.3	Protein_PB.25386.3	ACTG1	ACTG1	novel_not_in_catalog	YES	287.96	224.33	146.61
PB.25386.4	Protein_PB.25386.4	ACTG1	ACTG1	novel_in_catalog	YES	11.62	8.8	25.02
PB.25386.5	Protein_PB.25386.5	ACTG1	ACTG1	novel_not_in_catalog	YES	9.92	9.65	20.04
PB.25386.9	Protein_PB.25386.9	ACTG1	ACTG1	novel_in_catalog	YES	24.36	12.09	14.43
PB.25388.2	Protein_PB.25388.2	SLC38A10	SLC38A10	full-splice_match	YES	45.27	11.47	42.52
PB.25388.3	Protein_PB.25388.3	SLC38A10	SLC38A10	full-splice_match	YES	24.86	29.18	25.89
PB.25389.3	Protein_PB.25389.3	TEPSIN	TEPSIN	novel_in_catalog	YES	11.88	10.25	19.65
PB.25389.9	Protein_PB.25389.9	TEPSIN	TEPSIN	novel_not_in_catalog	YES	21.88	26.31	7.9
PB.25390.1	Protein_PB.25390.1	CEP131	CEP131	full-splice_match	YES	37.13	41.09	55.65
PB.25393.1	Protein_PB.25393.1	SGSH	SGSH	full-splice_match	YES	44.86	36.17	48.18
PB.25394.2	Protein_PB.25394.2	EIF4A3	EIF4A3	full-splice_match	YES	310.69	319.14	367.43
PB.25395.1	Protein_PB.25395.1	TBC1D16	TBC1D16	full-splice_match	YES	182.75	274.75	121.38
PB.2540.3	Protein_PB.2540.3	MEMO1	MEMO1	full-splice_match	YES	328.49	340.61	243.9
PB.2540.4	Protein_PB.2540.4	MEMO1	MEMO1	novel_not_in_catalog	YES	89.91	99.24	85.79
PB.25404.11	Protein_PB.25404.11	LOC113244552	LOC113244552	full-splice_match	YES	78.2	53.85	85.01
PB.25404.4	Protein_PB.25404.4	LOC113244552	LOC113244552	full-splice_match	YES	122.14	139.54	126.78
PB.25404.6	Protein_PB.25404.6	LOC113244552	LOC113244552	full-splice_match	YES	28.21	10.78	17.52
PB.25406.1	Protein_PB.25406.1	TIMP2	TIMP2	full-splice_match	YES	880.23	602.75	1140.18
PB.25406.3	Protein_PB.25406.3	TIMP2	TIMP2	incomplete-splice_match	YES	542.15	106.06	407.85
PB.25408.1	Protein_PB.25408.1	USP36	USP36	full-splice_match	YES	13.36	3.14	19.28
PB.25408.2	Protein_PB.25408.2	USP36	USP36	full-splice_match	YES	61.43	52.32	46.79
PB.25409.1	Protein_PB.25409.1	CYTH1	CYTH1	full-splice_match	YES	200.47	183.15	213.94
PB.25409.2	Protein_PB.25409.2	CYTH1	CYTH1	full-splice_match	YES	30.17	22.31	32.48
PB.2541.1	Protein_PB.2541.1	DPY30	DPY30	full-splice_match	YES	225.71	265.12	225.93
PB.2541.2	Protein_PB.2541.2	DPY30	DPY30	full-splice_match	YES	65.24	61.47	62.28
PB.25413.1	Protein_PB.25413.1	SOCS3	SOCS3	full-splice_match	YES	15.2	14.2	41.77
PB.25415.1	Protein_PB.25415.1	LOC113244568	LOC113244568	full-splice_match	YES	20.08	19.69	14.06
PB.25416.2	Protein_PB.25416.2	TK1	TK1	full-splice_match	YES	13.89	7.21	17.89
PB.25420.2	Protein_PB.25420.2	SRSF2	SRSF2	full-splice_match	YES	82.01	65.73	106.09
PB.25420.3	Protein_PB.25420.3	SRSF2	SRSF2	full-splice_match	YES	86.03	80.29	104.82
PB.25420.4	Protein_PB.25420.4	SRSF2	SRSF2	incomplete-splice_match	YES	71.98	74.18	79.83
PB.25420.6		SRSF2	SRSF2	novel_not_in_catalog	NO	28.59	19.7	36.38
PB.25421.2	Protein_PB.25421.2	JMJD6	JMJD6	full-splice_match	YES	56.62	54.5	56.8
PB.25422.2	Protein_PB.25422.2	MXRA7	MXRA7	full-splice_match	YES	131.7	85.41	95.93
PB.25422.3	Protein_PB.25422.3	MXRA7	MXRA7	full-splice_match	YES	63.7	44.68	41.54
PB.25424.10	Protein_PB.25424.10	ST6GALNAC2	ST6GALNAC2	novel_in_catalog	YES	20.3	24.37	20.1
PB.25425.2	Protein_PB.25425.2	CYGB	CYGB	full-splice_match	YES	60.82	48.53	47.1
PB.25426.2	Protein_PB.25426.2	RHBDF2	RHBDF2	full-splice_match	YES	0.0	12.03	19.14
PB.25426.3	Protein_PB.25426.3	RHBDF2	RHBDF2	full-splice_match	YES	34.67	16.66	17.26
PB.25427.1	Protein_PB.25427.1	UBE2O	UBE2O	full-splice_match	YES	246.42	217.54	217.69
PB.25428.2	Protein_PB.25428.2	PRPSAP1	PRPSAP1	full-splice_match	YES	23.33	25.61	27.21
PB.25428.5	Protein_PB.25428.5	PRPSAP1	PRPSAP1	full-splice_match	YES	55.29	59.13	70.67
PB.25430.1	Protein_PB.25430.1	RNF157	RNF157	full-splice_match	YES	291.37	286.62	212.66
PB.25430.2	Protein_PB.25430.2	RNF157	RNF157	novel_not_in_catalog	YES	1618.04	1800.82	974.47
PB.25430.3	Protein_PB.25430.3	RNF157	RNF157	novel_not_in_catalog	YES	118.79	132.93	70.25
PB.25430.4	Protein_PB.25430.4	RNF157	RNF157	incomplete-splice_match	YES	61.29	62.94	64.78
PB.25433.17	Protein_PB.25433.17	EXOC7	EXOC7	novel_not_in_catalog	YES	45.24	58.78	40.29
PB.25433.3	Protein_PB.25433.3	EXOC7	EXOC7	full-splice_match	YES	288.45	336.0	308.87
PB.25433.5	Protein_PB.25433.5	EXOC7	EXOC7	novel_not_in_catalog	YES	73.71	95.89	69.48
PB.25433.7	Protein_PB.25433.7	EXOC7	EXOC7	novel_not_in_catalog	YES	50.1	27.5	51.12
PB.25433.9	Protein_PB.25433.9	EXOC7	EXOC7	novel_in_catalog	YES	11.92	12.71	20.8
PB.25434.1	Protein_PB.25434.1	SRP68	SRP68	full-splice_match	YES	236.86	250.77	264.82
PB.25434.3	Protein_PB.25434.3	SRP68	SRP68	incomplete-splice_match	YES	53.65	45.26	99.89
PB.25437.2	Protein_PB.25437.2	ACOX1	ACOX1	novel_in_catalog	YES	47.83	60.18	29.02
PB.25437.3	Protein_PB.25437.3	ACOX1	ACOX1	full-splice_match	YES	96.19	43.2	55.77
PB.25437.6	Protein_PB.25437.6	ACOX1	ACOX1	full-splice_match	YES	174.45	173.38	128.37
PB.25437.7	Protein_PB.25437.7	ACOX1	ACOX1	novel_in_catalog	YES	84.26	98.61	65.62
PB.25437.9	Protein_PB.25437.9	ACOX1	ACOX1	incomplete-splice_match	YES	9.69	13.5	18.83
PB.25438.7	Protein_PB.25438.7	FBF1	FBF1	novel_in_catalog	YES	20.01	16.39	10.71
PB.25439.1	Protein_PB.25439.1	MRPL38	MRPL38	full-splice_match	YES	500.17	517.13	337.76
PB.25439.2	Protein_PB.25439.2	MRPL38	MRPL38	novel_in_catalog	YES	19.67	27.53	15.27
PB.2544.1	Protein_PB.2544.1	FAM98A	FAM98A	full-splice_match	YES	239.15	237.47	236.0
PB.2544.2	Protein_PB.2544.2	FAM98A	FAM98A	novel_in_catalog	YES	125.54	159.11	135.08
PB.2544.3	Protein_PB.2544.3	FAM98A	FAM98A	novel_in_catalog	YES	58.54	52.66	36.01
PB.25440.1	Protein_PB.25440.1	TRIM65	TRIM65	full-splice_match	YES	18.32	16.14	24.49
PB.25441.1	Protein_PB.25441.1	TRIM47	TRIM47	full-splice_match	YES	68.22	37.76	59.16
PB.25442.2	Protein_PB.25442.2	WBP2	WBP2	full-splice_match	YES	277.53	300.94	336.63
PB.25443.2	Protein_PB.25443.2	UNC13D	UNC13D	full-splice_match	YES	192.29	206.05	157.54
PB.25443.3	Protein_PB.25443.3	UNC13D	UNC13D	novel_not_in_catalog	YES	19.12	31.8	25.46
PB.25444.3	Protein_PB.25444.3	LOC113244625	LOC113244625	full-splice_match	YES	1112.39	1031.98	1434.39
PB.25445.1	Protein_PB.25445.1	GALK1	GALK1	full-splice_match	YES	64.53	62.82	100.06
PB.25446.4	Protein_PB.25446.4	RECQL5	RECQL5	full-splice_match	YES	39.22	46.42	22.93
PB.25447.2	Protein_PB.25447.2	CASKIN2	CASKIN2	full-splice_match	YES	82.42	75.41	68.15
PB.25448.8	Protein_PB.25448.8	GRB2	GRB2	full-splice_match	YES	262.23	170.4	208.3
PB.25448.9	Protein_PB.25448.9	GRB2	GRB2	incomplete-splice_match	YES	105.54	150.98	197.03
PB.25449.2	Protein_PB.25449.2	SLC25A19	SLC25A19	full-splice_match	YES	29.17	22.74	24.65
PB.25449.3	Protein_PB.25449.3	SLC25A19	SLC25A19	full-splice_match	YES	30.65	25.79	20.83
PB.25450.1	Protein_PB.25450.1	MIF4GD	MIF4GD	full-splice_match	YES	73.45	43.86	32.43
PB.25450.5	Protein_PB.25450.5	GGA3	GGA3	full-splice_match	YES	119.25	137.52	170.07
PB.25451.1	Protein_PB.25451.1	SUMO2	SUMO2	incomplete-splice_match	YES	9.53	11.49	17.83
PB.25451.2		SUMO2	SUMO2	novel_in_catalog	NO	21.92	17.44	28.55
PB.25451.3	Protein_PB.25451.3	SUMO2	SUMO2	full-splice_match	YES	539.75	513.61	554.7
PB.25452.2	Protein_PB.25452.2	JPT1	JPT1	full-splice_match	YES	86.11	65.03	43.3
PB.25453.1	Protein_PB.25453.1	NT5C	NT5C	full-splice_match	YES	27.34	25.15	31.17
PB.25454.2	Protein_PB.25454.2	ATP5PD	ATP5PD	full-splice_match	YES	4045.4	4637.96	3621.25
PB.25454.3	Protein_PB.25454.3	ATP5PD	ATP5PD	full-splice_match	YES	128.91	170.51	118.24
PB.25457.1	Protein_PB.25457.1	HID1	HID1	full-splice_match	YES	39.86	27.3	31.12
PB.25460.3	Protein_PB.25460.3	FDXR	FDXR	full-splice_match	YES	13.3	19.81	13.14
PB.25460.5	Protein_PB.25460.5	FDXR	FDXR	novel_in_catalog	YES	22.78	29.41	27.39
PB.25468.1	Protein_PB.25468.1	METRNL	METRNL	full-splice_match	YES	78.81	45.46	81.11
PB.25469.1	Protein_PB.25469.1	TBCD	TBCD	full-splice_match	YES	580.7	568.62	448.17
PB.25470.2	Protein_PB.25470.2	FN3K	FN3K	full-splice_match	YES	140.05	163.17	168.26
PB.25471.1	Protein_PB.25471.1	FN3KRP	FN3KRP	full-splice_match	YES	14.57	15.92	28.29
PB.25472.1	Protein_PB.25472.1	FOXK2	FOXK2	full-splice_match	YES	239.71	222.99	260.5
PB.25472.2	Protein_PB.25472.2	FOXK2	FOXK2	novel_not_in_catalog	YES	136.27	130.81	151.55
PB.25473.1		LOC113244468	LOC113244468	full-splice_match	NO	15.69	15.78	28.6
PB.25474.1	Protein_PB.25474.1	NARF	NARF	full-splice_match	YES	126.2	124.44	108.54
PB.25474.3	Protein_PB.25474.3	NARF	NARF	novel_not_in_catalog	YES	9.83	19.74	23.41
PB.25474.5	Protein_PB.25474.5	NARF	NARF	novel_in_catalog	YES	11.59	7.1	18.81
PB.25475.2	Protein_PB.25475.2	HEXD	HEXD	full-splice_match	YES	40.01	56.21	46.24
PB.25475.8	Protein_PB.25475.8	HEXD	HEXD	full-splice_match	YES	26.4	16.76	18.32
PB.25476.1	Protein_PB.25476.1	novelGene_OGFOD3_AS	novelGene_OGFOD3_AS	antisense	YES	34.49	30.74	6.69
PB.25476.2	Protein_PB.25476.2	novelGene_OGFOD3_AS	novelGene_OGFOD3_AS	antisense	YES	19.74	11.5	9.17
PB.25477.1	Protein_PB.25477.1	UTS2R	UTS2R	full-splice_match	YES	15.17	18.11	17.9
PB.25479.2	Protein_PB.25479.2	SLC16A3	SLC16A3	full-splice_match	YES	230.98	153.75	110.68
PB.2548.2	Protein_PB.2548.2	FEZ2	FEZ2	full-splice_match	YES	29.24	40.9	28.71
PB.2548.4	Protein_PB.2548.4	FEZ2	FEZ2	full-splice_match	YES	138.63	153.36	128.91
PB.25481.5	Protein_PB.25481.5	GPS1	GPS1	full-splice_match	YES	434.86	421.64	341.62
PB.25481.6	Protein_PB.25481.6	GPS1	GPS1	full-splice_match	YES	26.71	50.76	30.15
PB.25483.1	Protein_PB.25483.1	RAC3	RAC3	full-splice_match	YES	27.71	15.73	27.13
PB.25484.1	Protein_PB.25484.1	ASPSCR1	ASPSCR1	novel_not_in_catalog	YES	200.34	262.02	152.24
PB.25484.10	Protein_PB.25484.10	ASPSCR1	ASPSCR1	novel_in_catalog	YES	38.86	39.84	35.14
PB.25484.11	Protein_PB.25484.11	ASPSCR1	ASPSCR1	novel_not_in_catalog	YES	20.7	12.69	20.18
PB.25484.13	Protein_PB.25484.13	ASPSCR1	ASPSCR1	novel_not_in_catalog	YES	126.95	156.36	101.82
PB.25484.16	Protein_PB.25484.16	ASPSCR1	ASPSCR1	novel_not_in_catalog	YES	32.31	20.9	39.27
PB.25484.17	Protein_PB.25484.17	ASPSCR1	ASPSCR1	novel_in_catalog	YES	31.51	32.74	36.38
PB.25484.2	Protein_PB.25484.2	ASPSCR1	ASPSCR1	novel_not_in_catalog	YES	68.11	94.26	138.32
PB.25484.4	Protein_PB.25484.4	ASPSCR1	ASPSCR1	full-splice_match	YES	58.63	90.53	22.63
PB.25484.5	Protein_PB.25484.5	ASPSCR1	ASPSCR1	novel_not_in_catalog	YES	58.0	57.89	40.03
PB.25484.6	Protein_PB.25484.6	ASPSCR1	ASPSCR1	full-splice_match	YES	175.16	251.44	157.59
PB.25484.7	Protein_PB.25484.7	ASPSCR1	ASPSCR1	full-splice_match	YES	69.38	53.48	40.8
PB.25484.8	Protein_PB.25484.8	ASPSCR1	ASPSCR1	novel_not_in_catalog	YES	189.84	143.74	79.16
PB.25484.9	Protein_PB.25484.9	ASPSCR1	ASPSCR1	novel_not_in_catalog	YES	114.97	72.22	113.42
PB.25486.1		ANAPC11	ANAPC11	novel_not_in_catalog	NO	25.38	48.64	31.7
PB.25486.2		ANAPC11	ANAPC11	full-splice_match	NO	280.73	316.41	181.02
PB.25487.1	Protein_PB.25487.1	novelGene_PPP1R27_AS	novelGene_PPP1R27_AS	antisense	YES	51.55	52.52	37.47
PB.25489.1	Protein_PB.25489.1	SLC25A10	SLC25A10	full-splice_match	YES	49.09	41.53	36.76
PB.25490.1	Protein_PB.25490.1	MRPL12	MRPL12	full-splice_match	YES	1232.46	1384.45	795.11
PB.25491.1	Protein_PB.25491.1	HGS	HGS	full-splice_match	YES	98.46	78.71	132.53
PB.25491.3	Protein_PB.25491.3	HGS	HGS	full-splice_match	YES	30.3	50.6	22.12
PB.25492.1	Protein_PB.25492.1	CCDC137	CCDC137	full-splice_match	YES	63.07	65.31	76.67
PB.25495.1	Protein_PB.25495.1	BAHCC1	BAHCC1	full-splice_match	YES	37.4	28.28	40.6
PB.25497.2		NDUFAF8	NDUFAF8	full-splice_match	NO	127.92	149.22	110.41
PB.25497.3	Protein_PB.25497.3	NDUFAF8	NDUFAF8	novel_in_catalog	YES	68.89	62.93	61.0
PB.25501.1	Protein_PB.25501.1	CHMP6	CHMP6	full-splice_match	YES	161.85	135.23	148.85
PB.25501.2	Protein_PB.25501.2	CHMP6	CHMP6	novel_in_catalog	YES	136.48	149.16	136.2
PB.25503.1	Protein_PB.25503.1	RPTOR	RPTOR	full-splice_match	YES	129.45	112.99	115.59
PB.25505.2	Protein_PB.25505.2	RNF213	RNF213	full-splice_match	YES	219.5	128.57	277.59
PB.25506.2	Protein_PB.25506.2	SLC26A11	SLC26A11	full-splice_match	YES	40.63	32.03	26.59
PB.25508.1	Protein_PB.25508.1	GAA	GAA	full-splice_match	YES	13.91	38.32	28.32
PB.25508.2	Protein_PB.25508.2	GAA	GAA	full-splice_match	YES	45.29	31.37	24.52
PB.25508.3	Protein_PB.25508.3	GAA	GAA	full-splice_match	YES	109.47	97.38	41.26
PB.25513.2	Protein_PB.25513.2	ENGASE	ENGASE	full-splice_match	YES	38.14	30.39	33.62
PB.25517.2	Protein_PB.25517.2	PGS1	PGS1	incomplete-splice_match	YES	58.73	61.79	68.55
PB.2552.1	Protein_PB.2552.1	STRN	STRN	full-splice_match	YES	43.41	20.85	60.28
PB.2552.2	Protein_PB.2552.2	STRN	STRN	full-splice_match	YES	100.65	111.28	126.81
PB.25520.1	Protein_PB.25520.1	BIRC5	BIRC5	full-splice_match	YES	44.96	36.03	29.19
PB.25522.1	Protein_PB.25522.1	SYNGR2	SYNGR2	full-splice_match	YES	43.95	37.49	95.39
PB.25522.2	Protein_PB.25522.2	SYNGR2	SYNGR2	full-splice_match	YES	24.11	26.54	24.04
PB.25522.3	Protein_PB.25522.3	SYNGR2	SYNGR2	full-splice_match	YES	610.84	596.07	703.65
PB.25525.3	Protein_PB.25525.3	TNRC6C	TNRC6C	full-splice_match	YES	215.12	215.41	267.12
PB.25526.2	Protein_PB.25526.2	SEPT9	SEPT9	full-splice_match	YES	157.44	215.01	196.06
PB.25526.7	Protein_PB.25526.7	SEPT9	SEPT9	full-splice_match	YES	18.85	10.12	17.7
PB.25527.3	Protein_PB.25527.3	SEC14L1	SEC14L1	full-splice_match	YES	81.43	64.61	69.76
PB.25527.4	Protein_PB.25527.4	SEC14L1	SEC14L1	novel_in_catalog	YES	123.69	86.59	101.85
PB.2553.1	Protein_PB.2553.1	HEATR5B	HEATR5B	full-splice_match	YES	148.2	127.05	102.7
PB.2553.2	Protein_PB.2553.2	HEATR5B	HEATR5B	full-splice_match	YES	146.85	196.9	175.51
PB.25531.3	Protein_PB.25531.3	MFSD11	MFSD11	full-splice_match	YES	86.81	85.5	47.36
PB.25533.1	Protein_PB.25533.1	LOC113244591	LOC113244591	full-splice_match	YES	25.64	18.05	74.21
PB.25533.4	Protein_PB.25533.4	LOC113244591	LOC113244591	novel_not_in_catalog	YES	21.82	11.79	36.27
PB.25536.4	Protein_PB.25536.4	SPHK1	SPHK1	novel_not_in_catalog	YES	17.97	12.48	9.83
PB.25538.1	Protein_PB.25538.1	UBALD2	UBALD2	full-splice_match	YES	668.16	657.94	412.71
PB.2554.2	Protein_PB.2554.2	EIF2AK2	EIF2AK2	full-splice_match	YES	44.87	38.82	26.58
PB.2554.3	Protein_PB.2554.3	EIF2AK2	EIF2AK2	novel_in_catalog	YES	22.19	5.91	20.8
PB.2554.4	Protein_PB.2554.4	EIF2AK2	EIF2AK2	novel_in_catalog	YES	29.81	24.12	40.16
PB.25542.2	Protein_PB.25542.2	TEN1	TEN1	full-splice_match	YES	24.45	35.43	22.42
PB.25542.3	Protein_PB.25542.3	TEN1	TEN1	full-splice_match	YES	101.28	114.18	51.17
PB.25542.4	Protein_PB.25542.4	TEN1	TEN1	full-splice_match	YES	153.07	157.33	102.18
PB.25544.13	Protein_PB.25544.13	UNK	UNK	full-splice_match	YES	15.9	11.92	26.25
PB.25544.21		UNK	UNK	novel_not_in_catalog	NO	15.06	2.76	41.63
PB.25544.4	Protein_PB.25544.4	UNK	UNK	full-splice_match	YES	9.89	14.68	17.61
PB.25545.1	Protein_PB.25545.1	ITGB4	ITGB4	full-splice_match	YES	76.58	44.0	140.84
PB.25546.1	Protein_PB.25546.1	SAP30BP	SAP30BP	full-splice_match	YES	73.59	68.31	62.34
PB.25551.5	Protein_PB.25551.5	TSEN54	TSEN54	full-splice_match	YES	21.97	17.57	20.39
PB.25552.1	Protein_PB.25552.1	TMEM94	TMEM94	novel_in_catalog	YES	100.8	112.63	92.34
PB.25552.10	Protein_PB.25552.10	TMEM94	TMEM94	novel_in_catalog	YES	82.58	85.96	45.49
PB.25552.11	Protein_PB.25552.11	TMEM94	TMEM94	novel_in_catalog	YES	26.91	45.68	129.06
PB.25552.3	Protein_PB.25552.3	TMEM94	TMEM94	full-splice_match	YES	88.36	75.65	63.19
PB.25554.2	Protein_PB.25554.2	MRPS7	MRPS7	full-splice_match	YES	498.13	567.99	445.66
PB.25556.13	Protein_PB.25556.13	NUP85	NUP85	novel_not_in_catalog	YES	33.63	11.38	4.14
PB.25556.2	Protein_PB.25556.2	NUP85	NUP85	full-splice_match	YES	20.67	24.0	22.73
PB.25556.4	Protein_PB.25556.4	NUP85	NUP85	novel_not_in_catalog	YES	30.49	36.62	19.12
PB.25556.6	Protein_PB.25556.6	NUP85	NUP85	novel_not_in_catalog	YES	5.68	37.06	38.26
PB.25556.8	Protein_PB.25556.8	NUP85	NUP85	novel_not_in_catalog	YES	57.12	32.61	48.74
PB.25558.3	Protein_PB.25558.3	ARMC7	ARMC7	full-splice_match	YES	9.99	21.86	23.38
PB.2556.1	Protein_PB.2556.1	CEBPZ	CEBPZ	full-splice_match	YES	423.25	467.47	489.9
PB.2556.2	Protein_PB.2556.2	CEBPZ	CEBPZ	incomplete-splice_match	YES	115.28	87.1	60.93
PB.25561.2	Protein_PB.25561.2	KCTD2	KCTD2	full-splice_match	YES	246.12	246.49	407.84
PB.25566.2	Protein_PB.25566.2	MRPL58	MRPL58	full-splice_match	YES	274.78	292.19	197.33
PB.25567.2	Protein_PB.25567.2	CDR2L	CDR2L	full-splice_match	YES	21.36	9.11	20.25
PB.2557.1	Protein_PB.2557.1	PRKD3	PRKD3	full-splice_match	YES	87.82	82.83	90.38
PB.2557.4	Protein_PB.2557.4	PRKD3	PRKD3	full-splice_match	YES	60.52	75.56	99.84
PB.25570.1	Protein_PB.25570.1	TMEM104	TMEM104	full-splice_match	YES	95.92	100.04	96.5
PB.25575.1	Protein_PB.25575.1	novelGene_2878	novelGene_2878	intergenic	YES	9.64	17.49	15.39
PB.25578.1	Protein_PB.25578.1	URI1	URI1	full-splice_match	YES	279.33	340.79	318.2
PB.2558.1	Protein_PB.2558.1	CDC42EP3	CDC42EP3	full-splice_match	YES	76.39	76.78	78.2
PB.2558.3	Protein_PB.2558.3	CDC42EP3	CDC42EP3	novel_not_in_catalog	YES	105.49	92.07	59.03
PB.25582.12	Protein_PB.25582.12	ZNF507	ZNF507	incomplete-splice_match	YES	60.81	21.98	22.44
PB.25582.15	Protein_PB.25582.15	ZNF507	ZNF507	full-splice_match	YES	57.66	94.5	102.46
PB.25582.3	Protein_PB.25582.3	ZNF507	ZNF507	full-splice_match	YES	30.94	27.62	18.6
PB.25582.6	Protein_PB.25582.6	ZNF507	ZNF507	novel_not_in_catalog	YES	75.48	75.26	61.69
PB.25583.3	Protein_PB.25583.3	DPY19L3	DPY19L3	full-splice_match	YES	10.26	10.49	31.99
PB.25583.5	Protein_PB.25583.5	DPY19L3	DPY19L3	full-splice_match	YES	29.37	32.99	19.46
PB.25584.3	Protein_PB.25584.3	PDCD5	PDCD5	full-splice_match	YES	21.77	23.05	9.75
PB.25584.6	Protein_PB.25584.6	PDCD5	PDCD5	full-splice_match	YES	285.29	345.11	329.1
PB.25586.1	Protein_PB.25586.1	NUDT19	NUDT19	full-splice_match	YES	334.7	443.21	254.5
PB.25589.1	Protein_PB.25589.1	GPATCH1	GPATCH1	full-splice_match	YES	85.57	107.68	96.52
PB.25589.2	Protein_PB.25589.2	GPATCH1	GPATCH1	incomplete-splice_match	YES	24.33	24.53	23.53
PB.25589.7	Protein_PB.25589.7	GPATCH1	GPATCH1	incomplete-splice_match	YES	16.91	27.35	14.32
PB.2559.1	Protein_PB.2559.1	LOC113241453	LOC113241453	full-splice_match	YES	61.06	29.48	44.75
PB.25591.1	Protein_PB.25591.1	LRP3	LRP3	full-splice_match	YES	306.51	322.56	227.52
PB.25594.1	Protein_PB.25594.1	CEBPG	CEBPG	novel_not_in_catalog	YES	181.78	185.42	222.71
PB.25597.1	Protein_PB.25597.1	KCTD15	KCTD15	novel_not_in_catalog	YES	66.3	29.27	48.72
PB.25597.2	Protein_PB.25597.2	KCTD15	KCTD15	full-splice_match	YES	19.29	27.94	45.92
PB.25597.3	Protein_PB.25597.3	KCTD15	KCTD15	full-splice_match	YES	115.66	97.0	66.97
PB.25597.5	Protein_PB.25597.5	KCTD15	KCTD15	novel_not_in_catalog	YES	66.47	31.77	3.47
PB.25597.6	Protein_PB.25597.6	KCTD15	KCTD15	incomplete-splice_match	YES	54.15	86.97	92.52
PB.256.2	Protein_PB.256.2	BBX	BBX	full-splice_match	YES	137.67	167.52	210.64
PB.256.4	Protein_PB.256.4	BBX	BBX	full-splice_match	YES	70.96	50.34	45.2
PB.256.6	Protein_PB.256.6	BBX	BBX	incomplete-splice_match	YES	26.44	34.03	30.33
PB.25600.4	Protein_PB.25600.4	LSM14A	LSM14A	full-splice_match	YES	154.92	153.5	151.7
PB.25600.6	Protein_PB.25600.6	LSM14A	LSM14A	full-splice_match	YES	299.41	324.1	291.23
PB.25600.8	Protein_PB.25600.8	LSM14A	LSM14A	novel_in_catalog	YES	46.78	38.96	87.76
PB.25601.1	Protein_PB.25601.1	KIAA0355	KIAA0355	full-splice_match	YES	247.42	187.94	194.79
PB.25601.2	Protein_PB.25601.2	KIAA0355	KIAA0355	full-splice_match	YES	13.25	7.91	29.3
PB.25601.3	Protein_PB.25601.3	KIAA0355	KIAA0355	full-splice_match	YES	8.27	14.26	82.07
PB.25601.5	Protein_PB.25601.5	KIAA0355	KIAA0355	incomplete-splice_match	YES	11.83	24.73	8.02
PB.25602.10	Protein_PB.25602.10	GPI	GPI	incomplete-splice_match	YES	3171.8	2534.32	2983.33
PB.25602.2	Protein_PB.25602.2	GPI	GPI	novel_in_catalog	YES	1460.92	1220.82	1363.19
PB.25602.4	Protein_PB.25602.4	GPI	GPI	novel_in_catalog	YES	2398.61	1940.78	2253.13
PB.25602.5	Protein_PB.25602.5	GPI	GPI	novel_not_in_catalog	YES	26.35	11.89	20.91
PB.25602.7	Protein_PB.25602.7	GPI	GPI	novel_not_in_catalog	YES	52.16	38.14	31.65
PB.25602.8	Protein_PB.25602.8	GPI	GPI	full-splice_match	YES	22.27	12.88	30.71
PB.25602.9	Protein_PB.25602.9	GPI	GPI	novel_in_catalog	YES	120.98	86.8	171.74
PB.25603.2	Protein_PB.25603.2	PDCD2L	PDCD2L	incomplete-splice_match	YES	50.1	54.88	51.18
PB.25604.2	Protein_PB.25604.2	UBA2	UBA2	full-splice_match	YES	392.6	377.81	377.21
PB.25605.1	Protein_PB.25605.1	WTIP	WTIP	full-splice_match	YES	82.51	77.29	66.69
PB.25606.3	Protein_PB.25606.3	LOC113244747	LOC113244747	novel_not_in_catalog	YES	44.32	31.59	27.37
PB.25607.3	Protein_PB.25607.3	ZNF599	ZNF599	full-splice_match	YES	31.81	28.04	36.6
PB.25609.1	Protein_PB.25609.1	GRAMD1A	GRAMD1A	novel_not_in_catalog	YES	49.05	53.7	66.86
PB.25609.2	Protein_PB.25609.2	GRAMD1A	GRAMD1A	full-splice_match	YES	78.51	78.01	105.12
PB.25610.1	Protein_PB.25610.1	SCN1B	SCN1B	full-splice_match	YES	483.93	458.8	479.15
PB.25610.2	Protein_PB.25610.2	SCN1B	SCN1B	full-splice_match	YES	252.96	228.03	267.58
PB.25610.3	Protein_PB.25610.3	SCN1B	SCN1B	full-splice_match	YES	19.72	12.57	24.57
PB.25613.1		FXYD1	FXYD1	novel_not_in_catalog	NO	20.17	14.19	19.99
PB.25613.2		FXYD1	FXYD1	full-splice_match	NO	1626.12	1634.12	2786.8
PB.25613.3		FXYD1	FXYD1	incomplete-splice_match	NO	393.45	416.74	431.59
PB.25613.4	Protein_PB.25613.4	FXYD1	FXYD1	full-splice_match	YES	22.99	27.8	36.47
PB.25613.5	Protein_PB.25613.5	FXYD1	FXYD1	full-splice_match	YES	42.22	64.43	76.96
PB.25614.1	Protein_PB.25614.1	FXYD5	FXYD5	full-splice_match	YES	23.85	13.84	16.4
PB.25616.1	Protein_PB.25616.1	USF2	USF2	full-splice_match	YES	827.56	829.75	734.38
PB.2562.1	Protein_PB.2562.1	ATL2	ATL2	full-splice_match	YES	361.54	316.79	429.14
PB.2562.16	Protein_PB.2562.16	ATL2	ATL2	full-splice_match	YES	169.7	160.83	112.28
PB.2562.2	Protein_PB.2562.2	ATL2	ATL2	novel_in_catalog	YES	69.63	63.48	44.78
PB.2562.4	Protein_PB.2562.4	ATL2	ATL2	novel_not_in_catalog	YES	102.98	123.45	86.43
PB.2562.8	Protein_PB.2562.8	ATL2	ATL2	full-splice_match	YES	128.84	171.41	96.61
PB.25624.1	Protein_PB.25624.1	TMEM147	TMEM147	full-splice_match	YES	1597.61	1665.06	1515.81
PB.25626.1	Protein_PB.25626.1	RBM42	RBM42	full-splice_match	YES	7.18	26.27	24.11
PB.25626.2	Protein_PB.25626.2	RBM42	RBM42	full-splice_match	YES	108.26	122.84	179.07
PB.25626.3	Protein_PB.25626.3	RBM42	RBM42	full-splice_match	YES	117.67	84.07	92.23
PB.25628.1		LOC113244843	LOC113244843	full-splice_match	NO	1813.95	1965.76	1148.97
PB.25628.2		LOC113244843	LOC113244843	novel_not_in_catalog	NO	22.33	6.16	39.56
PB.25628.3		LOC113244843	LOC113244843	full-splice_match	NO	1249.1	1458.33	786.63
PB.25628.4		LOC113244843	LOC113244843	novel_not_in_catalog	NO	72.17	102.17	104.81
PB.25631.1	Protein_PB.25631.1	KMT2B	KMT2B	full-splice_match	YES	62.33	49.3	65.85
PB.25632.1	Protein_PB.25632.1	PSENEN	PSENEN	full-splice_match	YES	235.52	254.2	212.34
PB.25632.2	Protein_PB.25632.2	PSENEN	PSENEN	full-splice_match	YES	22.13	42.11	43.3
PB.25633.6	Protein_PB.25633.6	LIN37	LIN37	full-splice_match	YES	54.38	45.2	49.38
PB.25639.1	Protein_PB.25639.1	LRFN3	LRFN3	full-splice_match	YES	18.18	16.14	21.08
PB.25640.1	Protein_PB.25640.1	LOC113244798	LOC113244798	full-splice_match	YES	24.34	17.56	27.9
PB.25641.1	Protein_PB.25641.1	SDHAF1	SDHAF1	full-splice_match	YES	111.87	124.21	121.56
PB.25644.1	Protein_PB.25644.1	TBCB	TBCB	full-splice_match	YES	131.83	135.99	154.3
PB.25644.2	Protein_PB.25644.2	TBCB	TBCB	full-splice_match	YES	72.9	45.84	50.27
PB.25645.1	Protein_PB.25645.1	CAPNS1	CAPNS1	full-splice_match	YES	417.15	531.85	407.28
PB.25645.2	Protein_PB.25645.2	CAPNS1	CAPNS1	novel_not_in_catalog	YES	293.58	250.4	337.51
PB.25646.1	Protein_PB.25646.1	ZNF146	ZNF146	full-splice_match	YES	17.64	70.08	64.94
PB.25646.2	Protein_PB.25646.2	ZNF146	ZNF146	full-splice_match	YES	180.44	136.24	190.88
PB.25646.4	Protein_PB.25646.4	ZNF146	ZNF146	full-splice_match	YES	58.56	25.94	36.24
PB.25648.10	Protein_PB.25648.10	ZNF529	ZNF529	full-splice_match	YES	12.94	16.9	12.99
PB.25648.4	Protein_PB.25648.4	ZNF461	ZNF461	full-splice_match	YES	53.22	49.64	46.16
PB.25648.6		ZNF461	ZNF461	novel_not_in_catalog	NO	36.52	33.27	36.07
PB.25648.7	Protein_PB.25648.7	ZNF461_ZNF529	ZNF461_ZNF529	fusion	YES	40.83	24.72	28.03
PB.25649.2	Protein_PB.25649.2	LOC113244807	LOC113244807	full-splice_match	YES	116.66	128.31	143.61
PB.25651.1	Protein_PB.25651.1	ZFP82	ZFP82	full-splice_match	YES	50.95	59.23	50.41
PB.25652.1	Protein_PB.25652.1	ZFP14	ZFP14	novel_not_in_catalog	YES	18.6	14.78	16.5
PB.25652.5	Protein_PB.25652.5	ZFP14	ZFP14	full-splice_match	YES	12.28	24.36	12.15
PB.25654.2	Protein_PB.25654.2	ZNF829	ZNF829	novel_in_catalog	YES	17.64	18.09	15.51
PB.25654.4	Protein_PB.25654.4	ZNF829	ZNF829	full-splice_match	YES	17.74	23.66	15.59
PB.25654.7	Protein_PB.25654.7	ZNF829	ZNF829	novel_in_catalog	YES	30.03	16.58	28.69
PB.25656.10	Protein_PB.25656.10	ZFP30	ZFP30	novel_in_catalog	YES	14.16	21.55	14.91
PB.25656.14	Protein_PB.25656.14	ZFP30	ZFP30	novel_in_catalog	YES	29.39	25.33	24.91
PB.2566.1	Protein_PB.2566.1	HNRNPLL	HNRNPLL	full-splice_match	YES	139.57	120.87	134.55
PB.2566.2	Protein_PB.2566.2	HNRNPLL	HNRNPLL	full-splice_match	YES	15.4	25.26	7.94
PB.25660.4	Protein_PB.25660.4	LOC113244778	LOC113244778	novel_not_in_catalog	YES	20.5	17.85	11.35
PB.25663.3	Protein_PB.25663.3	CUNH19orf12	CUNH19orf12	full-splice_match	YES	106.1	111.36	104.37
PB.25663.4	Protein_PB.25663.4	CUNH19orf12	CUNH19orf12	full-splice_match	YES	134.67	150.0	112.17
PB.25666.1	Protein_PB.25666.1	TSHZ3	TSHZ3	full-splice_match	YES	18.08	8.62	17.58
PB.25672.7	Protein_PB.25672.7	CEP89	CEP89	novel_not_in_catalog	YES	21.85	20.38	9.53
PB.25676.1	Protein_PB.25676.1	CEBPA	CEBPA	full-splice_match	YES	25.14	11.02	16.92
PB.25677.2	Protein_PB.25677.2	PEPD	PEPD	full-splice_match	YES	167.47	153.11	164.86
PB.2568.5	Protein_PB.2568.5	SRSF7	SRSF7	full-splice_match	YES	44.59	50.14	61.05
PB.2568.9	Protein_PB.2568.9	SRSF7	SRSF7	novel_not_in_catalog	YES	35.18	31.54	49.75
PB.25689.19	Protein_PB.25689.19	IGFLR1_U2AF1L4	IGFLR1_U2AF1L4	fusion	YES	13.8	17.0	21.45
PB.25689.54	Protein_PB.25689.54	U2AF1L4	U2AF1L4	full-splice_match	YES	39.96	40.1	16.84
PB.2569.3	Protein_PB.2569.3	DHX57	DHX57	full-splice_match	YES	134.41	170.85	156.61
PB.25690.1	Protein_PB.25690.1	HSPB6	HSPB6	full-splice_match	YES	437.53	492.67	460.74
PB.25690.2	Protein_PB.25690.2	HSPB6	HSPB6	novel_not_in_catalog	YES	50.98	51.94	79.98
PB.25691.1		LOC113244855	LOC113244855	full-splice_match	NO	18.86	23.84	46.19
PB.25698.4	Protein_PB.25698.4	ALKBH6	ALKBH6	full-splice_match	YES	13.08	14.33	17.21
PB.25699.1	Protein_PB.25699.1	CLIP3	CLIP3	full-splice_match	YES	30.16	17.33	32.27
PB.25700.1	Protein_PB.25700.1	THAP8	THAP8	full-splice_match	YES	24.0	23.76	25.21
PB.25700.2	Protein_PB.25700.2	THAP8	THAP8	full-splice_match	YES	11.03	19.59	22.19
PB.25701.3	Protein_PB.25701.3	POLR2I	POLR2I	full-splice_match	YES	102.46	122.27	140.82
PB.25702.1	Protein_PB.25702.1	LOC113244847	LOC113244847	full-splice_match	YES	3223.09	3511.8	2461.54
PB.25702.2		LOC113244847	LOC113244847	novel_not_in_catalog	NO	37.8	45.46	41.01
PB.25702.3		LOC113244847	LOC113244847	novel_in_catalog	NO	164.07	169.84	281.73
PB.25703.3	Protein_PB.25703.3	ZNF565	ZNF565	full-splice_match	YES	49.25	48.1	46.91
PB.25703.6	Protein_PB.25703.6	ZNF565	ZNF565	full-splice_match	YES	22.73	14.16	13.74
PB.25705.7	Protein_PB.25705.7	ZNF567	ZNF567	full-splice_match	YES	10.64	22.75	21.25
PB.25706.10	Protein_PB.25706.10	ZNF382	ZNF382	novel_in_catalog	YES	17.39	50.19	52.01
PB.25706.9	Protein_PB.25706.9	ZNF382	ZNF382	full-splice_match	YES	18.0	3.74	11.72
PB.25708.1		novelGene_LOC113244807_AS	novelGene_LOC113244807_AS	antisense	NO	45.42	40.57	49.02
PB.25711.2	Protein_PB.25711.2	ZNF568	ZNF568	full-splice_match	YES	12.09	14.07	24.18
PB.25711.4	Protein_PB.25711.4	ZNF568	ZNF568	full-splice_match	YES	25.54	13.03	22.76
PB.25711.9	Protein_PB.25711.9	ZNF568	ZNF568	novel_not_in_catalog	YES	22.59	32.43	14.08
PB.25712.2	Protein_PB.25712.2	ZNF793	ZNF793	full-splice_match	YES	26.35	19.71	18.43
PB.25714.1	Protein_PB.25714.1	ZNF790	ZNF790	full-splice_match	YES	61.24	44.92	66.83
PB.25714.2	Protein_PB.25714.2	ZNF790	ZNF790	full-splice_match	YES	18.99	35.4	3.8
PB.25716.15	Protein_PB.25716.15	DENND2D	DENND2D	incomplete-splice_match	YES	53.71	36.52	70.79
PB.25716.16	Protein_PB.25716.16	DENND2D	DENND2D	novel_not_in_catalog	YES	388.81	434.17	333.83
PB.25716.21	Protein_PB.25716.21	DENND2D	DENND2D	novel_in_catalog	YES	36.14	35.92	20.35
PB.25716.24	Protein_PB.25716.24	DENND2D	DENND2D	incomplete-splice_match	YES	43.23	13.6	16.31
PB.25716.5	Protein_PB.25716.5	DENND2D	DENND2D	novel_not_in_catalog	YES	310.82	291.41	237.58
PB.25716.7	Protein_PB.25716.7	DENND2D	DENND2D	full-splice_match	YES	28.35	111.83	87.59
PB.25717.1	Protein_PB.25717.1	DRAM2	DRAM2	novel_not_in_catalog	YES	50.53	54.53	51.33
PB.25717.14	Protein_PB.25717.14	DRAM2	DRAM2	novel_in_catalog	YES	56.09	33.04	68.07
PB.25717.16	Protein_PB.25717.16	DRAM2	DRAM2	novel_in_catalog	YES	3.87	6.24	16.49
PB.25717.24	Protein_PB.25717.24	DRAM2	DRAM2	incomplete-splice_match	YES	30.06	12.76	10.16
PB.25717.25	Protein_PB.25717.25	DRAM2	DRAM2	novel_not_in_catalog	YES	27.67	42.53	25.92
PB.25718.2	Protein_PB.25718.2	LRIF1	LRIF1	full-splice_match	YES	163.08	158.86	200.48
PB.2572.1	Protein_PB.2572.1	SOS1	SOS1	full-splice_match	YES	133.93	112.16	145.87
PB.2572.3	Protein_PB.2572.3	SOS1	SOS1	novel_not_in_catalog	YES	56.21	46.88	40.97
PB.25724.2		LAMTOR5	LAMTOR5	incomplete-splice_match	NO	438.96	470.42	335.16
PB.25730.1	Protein_PB.25730.1	LOC113244917	LOC113244917	full-splice_match	YES	19.51	17.74	39.53
PB.25733.1	Protein_PB.25733.1	AMIGO1	AMIGO1	novel_not_in_catalog	YES	272.71	252.77	281.17
PB.25733.2	Protein_PB.25733.2	AMIGO1	AMIGO1	full-splice_match	YES	430.97	418.77	509.33
PB.25733.3	Protein_PB.25733.3	AMIGO1	AMIGO1	full-splice_match	YES	31.53	28.33	39.68
PB.25734.4	Protein_PB.25734.4	PSMA5	PSMA5	full-splice_match	YES	516.72	622.77	519.27
PB.25735.1	Protein_PB.25735.1	SORT1	SORT1	full-splice_match	YES	375.81	314.65	381.7
PB.25735.2	Protein_PB.25735.2	SORT1	SORT1	full-splice_match	YES	72.14	174.86	97.86
PB.25735.3	Protein_PB.25735.3	SORT1	SORT1	novel_not_in_catalog	YES	453.9	340.05	488.43
PB.2574.1	Protein_PB.2574.1	MAP4K3	MAP4K3	full-splice_match	YES	50.03	59.71	80.13
PB.2574.3	Protein_PB.2574.3	MAP4K3	MAP4K3	incomplete-splice_match	YES	110.16	124.72	133.63
PB.2574.4	Protein_PB.2574.4	MAP4K3	MAP4K3	full-splice_match	YES	106.69	111.87	148.89
PB.25740.1	Protein_PB.25740.1	TAF13	TAF13	full-splice_match	YES	63.96	74.98	54.51
PB.25741.1	Protein_PB.25741.1	WDR47	WDR47	full-splice_match	YES	130.18	152.02	114.26
PB.25741.2	Protein_PB.25741.2	WDR47	WDR47	full-splice_match	YES	41.88	65.81	50.68
PB.25743.1	Protein_PB.25743.1	CLCC1	CLCC1	full-splice_match	YES	31.78	37.75	6.18
PB.25743.14	Protein_PB.25743.14	CLCC1	CLCC1	novel_not_in_catalog	YES	33.53	10.24	44.87
PB.25743.16	Protein_PB.25743.16	CLCC1	CLCC1	novel_not_in_catalog	YES	22.7	24.25	31.99
PB.25743.4	Protein_PB.25743.4	CLCC1	CLCC1	novel_not_in_catalog	YES	17.45	7.49	17.6
PB.25743.6	Protein_PB.25743.6	CLCC1	CLCC1	novel_not_in_catalog	YES	26.48	47.72	25.74
PB.25751.1	Protein_PB.25751.1	LOC113244953	LOC113244953	full-splice_match	YES	44.14	45.07	65.54
PB.25751.3	Protein_PB.25751.3	LOC113244953	LOC113244953	full-splice_match	YES	27.35	8.87	21.26
PB.25753.1	Protein_PB.25753.1	VAV3	VAV3	full-splice_match	YES	49.76	32.52	29.69
PB.25759.15	Protein_PB.25759.15	CEPT1	CEPT1	novel_in_catalog	YES	32.68	31.43	26.55
PB.25766.2	Protein_PB.25766.2	RBM15	RBM15	full-splice_match	YES	133.22	119.26	115.28
PB.25767.1	Protein_PB.25767.1	KCNC4	KCNC4	full-splice_match	YES	29.75	12.04	9.76
PB.25767.3	Protein_PB.25767.3	KCNC4	KCNC4	full-splice_match	YES	47.61	18.11	20.57
PB.2577.3	Protein_PB.2577.3	SLC8A1	SLC8A1	full-splice_match	YES	25.92	34.45	18.06
PB.2577.4	Protein_PB.2577.4	SLC8A1	SLC8A1	full-splice_match	YES	26.81	24.04	37.69
PB.25770.2	Protein_PB.25770.2	STRIP1	STRIP1	full-splice_match	YES	219.25	202.91	207.31
PB.25771.1	Protein_PB.25771.1	AHCYL1	AHCYL1	full-splice_match	YES	379.97	320.69	340.83
PB.25771.2	Protein_PB.25771.2	AHCYL1	AHCYL1	novel_not_in_catalog	YES	163.43	66.01	76.1
PB.25771.3	Protein_PB.25771.3	AHCYL1	AHCYL1	full-splice_match	YES	11.06	21.81	4.47
PB.25773.1	Protein_PB.25773.1	CSF1	CSF1	incomplete-splice_match	YES	49.39	31.3	42.06
PB.25774.1	Protein_PB.25774.1	LOC113244886	LOC113244886	full-splice_match	YES	715.95	669.49	481.34
PB.25776.1	Protein_PB.25776.1	GNAI3	GNAI3	full-splice_match	YES	41.95	29.94	54.37
PB.25776.2	Protein_PB.25776.2	GNAI3	GNAI3	novel_not_in_catalog	YES	43.71	27.94	51.04
PB.25776.3	Protein_PB.25776.3	GNAI3	GNAI3	novel_not_in_catalog	YES	70.39	46.57	65.98
PB.25778.1	Protein_PB.25778.1	LOC113244925	LOC113244925	full-splice_match	YES	28.75	15.7	59.55
PB.25778.4	Protein_PB.25778.4	LOC113244925	LOC113244925	full-splice_match	YES	22.11	17.59	20.9
PB.25780.1	Protein_PB.25780.1	SYPL2	SYPL2	full-splice_match	YES	1780.0	1562.06	1565.18
PB.25782.2	Protein_PB.25782.2	CELSR2	CELSR2	full-splice_match	YES	18.27	17.31	16.35
PB.25783.1	Protein_PB.25783.1	SARS	SARS	novel_in_catalog	YES	20.16	19.21	23.21
PB.25783.3	Protein_PB.25783.3	SARS	SARS	full-splice_match	YES	908.42	937.11	1236.98
PB.25784.1	Protein_PB.25784.1	KIAA1324	KIAA1324	incomplete-splice_match	YES	54.76	78.11	57.42
PB.25784.4	Protein_PB.25784.4	KIAA1324	KIAA1324	novel_in_catalog	YES	18.28	18.33	19.29
PB.25785.1		LOC113244964	LOC113244964	full-splice_match	NO	786.9	644.22	701.93
PB.25786.1	Protein_PB.25786.1	TMEM167B	TMEM167B	full-splice_match	YES	132.3	119.87	165.23
PB.25787.10	Protein_PB.25787.10	GPSM2	GPSM2	novel_not_in_catalog	YES	15.93	21.73	18.32
PB.25787.3	Protein_PB.25787.3	GPSM2	GPSM2	full-splice_match	YES	18.48	21.84	26.99
PB.25787.7	Protein_PB.25787.7	GPSM2	GPSM2	full-splice_match	YES	17.05	4.07	3.68
PB.25787.8	Protein_PB.25787.8	GPSM2	GPSM2	novel_not_in_catalog	YES	39.35	68.11	33.67
PB.25788.1	Protein_PB.25788.1	STXBP3	STXBP3	full-splice_match	YES	95.62	72.61	77.85
PB.25788.4	Protein_PB.25788.4	STXBP3	STXBP3	novel_in_catalog	YES	48.43	30.99	60.22
PB.25788.5	Protein_PB.25788.5	STXBP3	STXBP3	novel_in_catalog	YES	28.65	37.96	34.68
PB.25790.2	Protein_PB.25790.2	PRPF38B	PRPF38B	full-splice_match	YES	31.36	37.54	53.18
PB.25790.5	Protein_PB.25790.5	PRPF38B	PRPF38B	full-splice_match	YES	20.68	11.74	19.77
PB.25790.9	Protein_PB.25790.9	PRPF38B	PRPF38B	novel_not_in_catalog	YES	33.05	30.72	39.43
PB.25791.1	Protein_PB.25791.1	LOC113244945	LOC113244945	full-splice_match	YES	41.33	43.17	57.34
PB.25792.1	Protein_PB.25792.1	FAM102B	FAM102B	full-splice_match	YES	97.96	57.0	86.26
PB.25802.1	Protein_PB.25802.1	KIAA1671	KIAA1671	novel_in_catalog	YES	40.54	24.58	32.08
PB.25802.2	Protein_PB.25802.2	KIAA1671	KIAA1671	novel_not_in_catalog	YES	82.41	57.16	136.8
PB.25805.1	Protein_PB.25805.1	GRK3	GRK3	full-splice_match	YES	64.62	48.07	67.29
PB.25807.1	Protein_PB.25807.1	LOC113244985	LOC113244985	full-splice_match	YES	27.24	16.8	34.32
PB.25808.10	Protein_PB.25808.10	MYO18B	MYO18B	incomplete-splice_match	YES	942.12	676.66	998.47
PB.25808.2	Protein_PB.25808.2	MYO18B	MYO18B	novel_not_in_catalog	YES	8195.34	7266.12	7685.44
PB.25808.3	Protein_PB.25808.3	MYO18B	MYO18B	novel_not_in_catalog	YES	400.73	214.52	360.93
PB.25808.4	Protein_PB.25808.4	MYO18B	MYO18B	full-splice_match	YES	2685.25	1782.44	2245.23
PB.25808.8	Protein_PB.25808.8	MYO18B	MYO18B	incomplete-splice_match	YES	193.7	419.41	253.18
PB.25811.2	Protein_PB.25811.2	SRRD	SRRD	full-splice_match	YES	23.58	23.35	21.95
PB.25811.6	Protein_PB.25811.6	SRRD	SRRD	full-splice_match	YES	15.73	14.27	24.4
PB.25817.1	Protein_PB.25817.1	HSCB	HSCB	full-splice_match	YES	221.2	239.04	265.08
PB.25818.1	Protein_PB.25818.1	CCDC117	CCDC117	full-splice_match	YES	66.81	156.37	113.71
PB.25818.2	Protein_PB.25818.2	CCDC117	CCDC117	full-splice_match	YES	249.97	159.88	119.61
PB.2582.1	Protein_PB.2582.1	LOC113241827	LOC113241827	full-splice_match	YES	569.82	682.77	520.83
PB.25820.1	Protein_PB.25820.1	ZNRF3	ZNRF3	full-splice_match	YES	16.91	13.2	21.57
PB.25821.1	Protein_PB.25821.1	KREMEN1	KREMEN1	full-splice_match	YES	119.93	180.39	204.27
PB.25821.2	Protein_PB.25821.2	KREMEN1	KREMEN1	full-splice_match	YES	252.47	291.68	583.55
PB.25823.10	Protein_PB.25823.10	EWSR1	EWSR1	novel_in_catalog	YES	13.37	14.7	17.78
PB.25823.11	Protein_PB.25823.11	EWSR1	EWSR1	novel_in_catalog	YES	4.45	19.07	18.31
PB.25823.2	Protein_PB.25823.2	EWSR1	EWSR1	full-splice_match	YES	262.04	245.78	316.41
PB.25823.3	Protein_PB.25823.3	EWSR1	EWSR1	full-splice_match	YES	180.86	190.77	200.92
PB.25823.8	Protein_PB.25823.8	EWSR1	EWSR1	novel_in_catalog	YES	19.89	10.71	21.13
PB.25824.2	Protein_PB.25824.2	GAS2L1	GAS2L1	full-splice_match	YES	35.0	24.74	26.71
PB.25826.3	Protein_PB.25826.3	NF2	NF2	full-splice_match	YES	52.81	45.29	106.96
PB.25826.5	Protein_PB.25826.5	NF2	NF2	full-splice_match	YES	428.78	404.9	357.32
PB.25826.7	Protein_PB.25826.7	NF2	NF2	incomplete-splice_match	YES	93.91	101.63	75.96
PB.25828.1		LOC113245020	LOC113245020	full-splice_match	NO	2388.51	2817.68	1680.21
PB.25829.1	Protein_PB.25829.1	MTMR3	MTMR3	full-splice_match	YES	52.98	41.72	18.5
PB.25829.11	Protein_PB.25829.11	MTMR3	MTMR3	novel_not_in_catalog	YES	340.72	366.78	382.38
PB.25829.12	Protein_PB.25829.12	MTMR3	MTMR3	novel_not_in_catalog	YES	101.43	61.45	233.56
PB.25829.13	Protein_PB.25829.13	MTMR3	MTMR3	novel_not_in_catalog	YES	77.62	122.31	211.2
PB.25829.14	Protein_PB.25829.14	MTMR3	MTMR3	novel_not_in_catalog	YES	488.76	346.27	337.54
PB.25829.17	Protein_PB.25829.17	MTMR3	MTMR3	novel_not_in_catalog	YES	22.34	6.44	35.22
PB.25829.4	Protein_PB.25829.4	MTMR3	MTMR3	full-splice_match	YES	42.81	47.01	57.74
PB.25829.6	Protein_PB.25829.6	MTMR3	MTMR3	full-splice_match	YES	142.66	218.13	186.13
PB.25834.15	Protein_PB.25834.15	MTFP1	MTFP1	full-splice_match	YES	58.23	87.73	26.96
PB.25836.1	Protein_PB.25836.1	TCN2	TCN2	full-splice_match	YES	55.15	29.75	30.2
PB.25836.3	Protein_PB.25836.3	TCN2	TCN2	novel_in_catalog	YES	70.57	96.66	59.91
PB.25836.5	Protein_PB.25836.5	TCN2	TCN2	novel_in_catalog	YES	12.54	20.85	34.58
PB.25836.6	Protein_PB.25836.6	TCN2	TCN2	full-splice_match	YES	30.15	29.23	11.51
PB.25836.7	Protein_PB.25836.7	TCN2	TCN2	novel_in_catalog	YES	16.36	21.4	20.07
PB.25837.1	Protein_PB.25837.1	SLC35E4	SLC35E4	full-splice_match	YES	37.96	27.56	39.21
PB.2584.1	Protein_PB.2584.1	ARID5A	ARID5A	full-splice_match	YES	32.62	35.93	15.2
PB.2584.2	Protein_PB.2584.2	ARID5A	ARID5A	full-splice_match	YES	57.27	74.18	50.0
PB.2584.3	Protein_PB.2584.3	ARID5A	ARID5A	novel_in_catalog	YES	15.4	20.64	51.35
PB.25841.3	Protein_PB.25841.3	LOC113245047	LOC113245047	novel_not_in_catalog	YES	82.74	71.57	118.63
PB.25841.4	Protein_PB.25841.4	LOC113245047	LOC113245047	full-splice_match	YES	123.13	81.46	149.91
PB.25841.5	Protein_PB.25841.5	LOC113245047	LOC113245047	full-splice_match	YES	42.23	28.47	51.43
PB.25843.11	Protein_PB.25843.11	SMTN	SMTN	novel_in_catalog	YES	288.14	352.39	497.24
PB.25843.4	Protein_PB.25843.4	SMTN	SMTN	full-splice_match	YES	24.97	29.76	50.15
PB.25843.7	Protein_PB.25843.7	SMTN	SMTN	full-splice_match	YES	44.13	17.63	26.53
PB.25843.8	Protein_PB.25843.8	SMTN	SMTN	full-splice_match	YES	71.91	30.76	39.3
PB.25845.2	Protein_PB.25845.2	RNF185	RNF185	full-splice_match	YES	209.37	212.4	198.14
PB.25846.2	Protein_PB.25846.2	LIMK2	LIMK2	full-splice_match	YES	53.19	40.46	50.51
PB.25846.5	Protein_PB.25846.5	LIMK2	LIMK2	full-splice_match	YES	22.37	16.42	18.88
PB.25847.1	Protein_PB.25847.1	DRG1	DRG1	novel_not_in_catalog	YES	240.21	265.56	264.88
PB.25847.2	Protein_PB.25847.2	DRG1	DRG1	novel_not_in_catalog	YES	24.77	27.45	26.81
PB.25847.5	Protein_PB.25847.5	DRG1	DRG1	novel_not_in_catalog	YES	49.03	34.76	48.96
PB.25847.6	Protein_PB.25847.6	DRG1	DRG1	full-splice_match	YES	102.37	108.67	112.09
PB.25849.2	Protein_PB.25849.2	SFI1	SFI1	full-splice_match	YES	26.23	24.13	26.32
PB.25850.3	Protein_PB.25850.3	DEPDC5	DEPDC5	novel_in_catalog	YES	17.05	32.05	54.06
PB.25851.1	Protein_PB.25851.1	YWHAH	YWHAH	full-splice_match	YES	143.5	129.67	164.18
PB.25851.2	Protein_PB.25851.2	YWHAH	YWHAH	novel_not_in_catalog	YES	160.63	154.36	148.26
PB.25855.4	Protein_PB.25855.4	HPS4	HPS4	full-splice_match	YES	6.99	14.67	31.44
PB.25856.2	Protein_PB.25856.2	TFIP11	TFIP11	full-splice_match	YES	22.33	21.62	12.8
PB.25856.3	Protein_PB.25856.3	TFIP11	TFIP11	full-splice_match	YES	147.88	139.87	148.86
PB.25857.1	Protein_PB.25857.1	TPST2	TPST2	full-splice_match	YES	19.5	7.13	9.35
PB.25859.1	Protein_PB.25859.1	MN1	MN1	full-splice_match	YES	222.58	194.29	240.49
PB.2586.13	Protein_PB.2586.13	CIAO1	CIAO1	novel_not_in_catalog	YES	90.42	98.16	86.17
PB.2586.4	Protein_PB.2586.4	CIAO1	CIAO1	full-splice_match	YES	167.12	136.02	95.55
PB.2586.5	Protein_PB.2586.5	CIAO1	CIAO1	novel_not_in_catalog	YES	106.25	136.46	144.52
PB.25860.2	Protein_PB.25860.2	PITPNB	PITPNB	full-splice_match	YES	51.85	25.39	64.09
PB.25861.1	Protein_PB.25861.1	TTC28	TTC28	full-splice_match	YES	95.25	58.74	108.35
PB.25864.1	Protein_PB.25864.1	XBP1	XBP1	novel_in_catalog	YES	522.36	591.43	601.7
PB.25865.1		LOC113244969	LOC113244969	full-splice_match	NO	15148.12	14229.63	17443.62
PB.25867.10	Protein_PB.25867.10	RHBDD3	RHBDD3	novel_in_catalog	YES	50.18	48.92	50.7
PB.25867.2	Protein_PB.25867.2	RHBDD3	RHBDD3	full-splice_match	YES	49.02	51.47	21.83
PB.25867.3	Protein_PB.25867.3	RHBDD3	RHBDD3	full-splice_match	YES	39.55	35.96	25.67
PB.25869.1	Protein_PB.25869.1	AP1B1	AP1B1	novel_in_catalog	YES	59.12	51.73	10.41
PB.25869.11	Protein_PB.25869.11	AP1B1	AP1B1	full-splice_match	YES	118.21	64.46	108.37
PB.25869.15	Protein_PB.25869.15	AP1B1	AP1B1	novel_in_catalog	YES	26.4	24.29	60.42
PB.25869.2	Protein_PB.25869.2	AP1B1	AP1B1	novel_in_catalog	YES	117.06	188.49	98.11
PB.25869.3	Protein_PB.25869.3	AP1B1	AP1B1	novel_in_catalog	YES	55.95	46.37	72.36
PB.25869.6	Protein_PB.25869.6	AP1B1	AP1B1	full-splice_match	YES	105.74	95.0	99.94
PB.25869.9	Protein_PB.25869.9	AP1B1	AP1B1	full-splice_match	YES	12.94	21.15	23.86
PB.2587.2	Protein_PB.2587.2	LOC113241987	LOC113241987	full-splice_match	YES	242.2	268.13	133.12
PB.25871.1	Protein_PB.25871.1	THOC5	THOC5	full-splice_match	YES	27.89	26.08	19.23
PB.25871.12	Protein_PB.25871.12	THOC5	THOC5	novel_not_in_catalog	YES	0.0	18.65	12.27
PB.25871.14	Protein_PB.25871.14	THOC5	THOC5	novel_not_in_catalog	YES	50.43	41.06	89.88
PB.25871.16	Protein_PB.25871.16	THOC5	THOC5	full-splice_match	YES	140.73	138.13	129.67
PB.25871.3	Protein_PB.25871.3	THOC5	THOC5	full-splice_match	YES	31.59	37.69	42.82
PB.25873.1	Protein_PB.25873.1	ZMAT5	ZMAT5	full-splice_match	YES	192.94	183.71	180.68
PB.25874.16	Protein_PB.25874.16	ASCC2	ASCC2	novel_not_in_catalog	YES	20.52	21.79	33.77
PB.25874.18	Protein_PB.25874.18	ASCC2	ASCC2	novel_not_in_catalog	YES	31.63	31.48	14.67
PB.25874.3	Protein_PB.25874.3	ASCC2	ASCC2	full-splice_match	YES	175.62	216.26	134.59
PB.25874.6	Protein_PB.25874.6	ASCC2	ASCC2	full-splice_match	YES	132.23	108.39	55.73
PB.25874.8	Protein_PB.25874.8	ASCC2	ASCC2	full-splice_match	YES	177.44	211.89	311.62
PB.25878.4	Protein_PB.25878.4	CASTOR1	CASTOR1	full-splice_match	YES	12.33	15.09	19.97
PB.25879.2	Protein_PB.25879.2	TBC1D10A	TBC1D10A	full-splice_match	YES	30.26	19.89	23.68
PB.25880.1	Protein_PB.25880.1	SF3A1	SF3A1	full-splice_match	YES	179.08	158.29	176.68
PB.25880.3	Protein_PB.25880.3	SF3A1	SF3A1	novel_in_catalog	YES	22.28	12.66	30.07
PB.25881.1	Protein_PB.25881.1	RNF215	RNF215	full-splice_match	YES	30.37	39.2	33.51
PB.25885.3	Protein_PB.25885.3	PES1	PES1	full-splice_match	YES	188.97	179.3	169.48
PB.25887.6	Protein_PB.25887.6	MORC2	MORC2	novel_in_catalog	YES	45.03	42.01	76.98
PB.25887.7	Protein_PB.25887.7	MORC2	MORC2	incomplete-splice_match	YES	81.22	87.49	65.03
PB.25890.1		SELENOM	SELENOM	full-splice_match	NO	61.74	48.88	85.67
PB.25892.5	Protein_PB.25892.5	PIK3IP1	PIK3IP1	full-splice_match	YES	94.02	95.28	112.43
PB.25892.8	Protein_PB.25892.8	PIK3IP1	PIK3IP1	novel_in_catalog	YES	19.34	20.35	28.22
PB.25894.1	Protein_PB.25894.1	PATZ1	PATZ1	full-splice_match	YES	49.6	55.47	60.35
PB.25894.2	Protein_PB.25894.2	PATZ1	PATZ1	full-splice_match	YES	27.55	31.8	32.5
PB.25894.4	Protein_PB.25894.4	PATZ1	PATZ1	full-splice_match	YES	31.93	29.85	37.63
PB.25894.5	Protein_PB.25894.5	PATZ1	PATZ1	full-splice_match	YES	28.88	27.42	18.37
PB.25895.2	Protein_PB.25895.2	EIF4ENIF1	EIF4ENIF1	full-splice_match	YES	14.75	43.79	16.44
PB.25895.4	Protein_PB.25895.4	EIF4ENIF1	EIF4ENIF1	full-splice_match	YES	131.89	82.36	122.12
PB.25896.4	Protein_PB.25896.4	PISD	PISD	full-splice_match	YES	57.31	61.54	52.12
PB.25897.4	Protein_PB.25897.4	PRR14L	PRR14L	full-splice_match	YES	55.73	54.86	81.32
PB.25897.6	Protein_PB.25897.6	PRR14L	PRR14L	full-splice_match	YES	173.11	169.97	178.59
PB.2590.1	Protein_PB.2590.1	ZNF2	ZNF2	novel_in_catalog	YES	25.11	25.42	21.77
PB.2590.10	Protein_PB.2590.10	ZNF2	ZNF2	full-splice_match	YES	34.12	29.5	26.5
PB.2590.7	Protein_PB.2590.7	ZNF2	ZNF2	novel_not_in_catalog	YES	20.88	16.61	15.36
PB.25904.2	Protein_PB.25904.2	ETV3	ETV3	full-splice_match	YES	38.06	16.77	18.71
PB.25904.3	Protein_PB.25904.3	ETV3	ETV3	full-splice_match	YES	47.63	58.15	88.07
PB.25905.2	Protein_PB.25905.2	ARHGEF11	ARHGEF11	full-splice_match	YES	31.24	49.52	18.76
PB.25905.5	Protein_PB.25905.5	ARHGEF11	ARHGEF11	full-splice_match	YES	82.91	96.0	132.22
PB.25909.1	Protein_PB.25909.1	HDGF	HDGF	full-splice_match	YES	1002.7	992.1	1063.14
PB.25909.2		HDGF	HDGF	novel_not_in_catalog	NO	73.28	89.47	81.9
PB.25909.3	Protein_PB.25909.3	HDGF	HDGF	full-splice_match	YES	93.24	101.17	78.28
PB.25909.4	Protein_PB.25909.4	HDGF	HDGF	full-splice_match	YES	9.15	11.66	23.22
PB.25909.5	Protein_PB.25909.5	HDGF	HDGF	novel_not_in_catalog	YES	92.7	9.61	133.39
PB.25909.7	Protein_PB.25909.7	HDGF	HDGF	novel_not_in_catalog	YES	9.3	25.49	14.2
PB.25910.1	Protein_PB.25910.1	MRPL24	MRPL24	novel_not_in_catalog	YES	120.69	170.86	151.68
PB.25910.10	Protein_PB.25910.10	MRPL24	MRPL24	novel_not_in_catalog	YES	92.77	105.02	49.76
PB.25910.12	Protein_PB.25910.12	MRPL24	MRPL24	novel_not_in_catalog	YES	10.13	6.31	18.38
PB.25910.4	Protein_PB.25910.4	MRPL24	MRPL24	full-splice_match	YES	319.86	333.88	269.31
PB.25910.5	Protein_PB.25910.5	MRPL24	MRPL24	full-splice_match	YES	541.95	667.04	535.45
PB.25911.1	Protein_PB.25911.1	ISG20L2	ISG20L2	full-splice_match	YES	31.88	36.89	30.52
PB.25911.3	Protein_PB.25911.3	ISG20L2	ISG20L2	novel_in_catalog	YES	20.51	12.49	20.41
PB.25912.1	Protein_PB.25912.1	CRABP2	CRABP2	full-splice_match	YES	27.02	7.97	16.55
PB.25913.1	Protein_PB.25913.1	NES	NES	incomplete-splice_match	YES	671.8	612.46	432.21
PB.25915.1	Protein_PB.25915.1	GPATCH4	GPATCH4	incomplete-splice_match	YES	20.42	8.14	14.5
PB.25915.2	Protein_PB.25915.2	GPATCH4	GPATCH4	novel_in_catalog	YES	36.18	37.3	47.64
PB.25918.1	Protein_PB.25918.1	novelGene_LOC113245231_AS	novelGene_LOC113245231_AS	antisense	YES	27.05	24.37	16.55
PB.25919.1	Protein_PB.25919.1	MEF2D	MEF2D	full-splice_match	YES	47.21	66.25	33.08
PB.25919.2	Protein_PB.25919.2	MEF2D	MEF2D	full-splice_match	YES	15.1	16.04	49.55
PB.25919.4	Protein_PB.25919.4	MEF2D	MEF2D	full-splice_match	YES	166.22	170.28	173.03
PB.25919.5	Protein_PB.25919.5	MEF2D	MEF2D	full-splice_match	YES	30.87	0.0	34.1
PB.25920.1	Protein_PB.25920.1	LOC113245233	LOC113245233	full-splice_match	YES	16.52	15.9	17.96
PB.25922.5	Protein_PB.25922.5	CCT3	CCT3	novel_not_in_catalog	YES	15.9	18.08	12.5
PB.25922.8	Protein_PB.25922.8	CCT3	CCT3	full-splice_match	YES	1480.92	1532.38	1166.25
PB.25923.3	Protein_PB.25923.3	GLMP	GLMP	full-splice_match	YES	17.98	21.76	16.53
PB.25924.1	Protein_PB.25924.1	SMG5	SMG5	full-splice_match	YES	166.23	131.52	53.23
PB.25924.2	Protein_PB.25924.2	SMG5	SMG5	full-splice_match	YES	1310.58	1935.63	798.57
PB.25924.3	Protein_PB.25924.3	SMG5	SMG5	full-splice_match	YES	23.54	25.84	100.12
PB.25924.4	Protein_PB.25924.4	SMG5	SMG5	full-splice_match	YES	26.29	32.66	27.67
PB.25928.1	Protein_PB.25928.1	UBQLN4	UBQLN4	full-splice_match	YES	432.52	471.65	504.77
PB.25929.1		LOC113245251	LOC113245251	full-splice_match	NO	61.51	65.8	62.81
PB.25929.2		LOC113245251	LOC113245251	full-splice_match	NO	16.73	16.43	30.25
PB.25930.1	Protein_PB.25930.1	SSR2	SSR2	full-splice_match	YES	1024.87	1001.41	1509.32
PB.25931.4	Protein_PB.25931.4	ARHGEF2	ARHGEF2	full-splice_match	YES	50.13	45.2	69.77
PB.25931.5	Protein_PB.25931.5	ARHGEF2	ARHGEF2	full-splice_match	YES	4.03	10.73	31.25
PB.25931.7	Protein_PB.25931.7	ARHGEF2	ARHGEF2	full-splice_match	YES	75.68	32.61	32.0
PB.25932.1	Protein_PB.25932.1	KHDC4	KHDC4	novel_in_catalog	YES	36.1	17.31	25.48
PB.25932.2	Protein_PB.25932.2	KHDC4	KHDC4	full-splice_match	YES	50.06	76.63	75.19
PB.25932.7	Protein_PB.25932.7	KHDC4	KHDC4	full-splice_match	YES	17.17	10.75	20.53
PB.25934.1	Protein_PB.25934.1	RIT1	RIT1	full-splice_match	YES	189.15	209.92	170.04
PB.25934.2	Protein_PB.25934.2	RIT1	RIT1	full-splice_match	YES	33.18	30.53	53.6
PB.25937.2	Protein_PB.25937.2	LOC113245263	LOC113245263	full-splice_match	YES	49.1	41.34	37.88
PB.25937.4	Protein_PB.25937.4	LOC113245263	LOC113245263	full-splice_match	YES	86.57	108.53	100.32
PB.25937.8	Protein_PB.25937.8	LOC113245263	LOC113245263	incomplete-splice_match	YES	76.15	66.68	79.4
PB.25938.1	Protein_PB.25938.1	ASH1L	ASH1L	incomplete-splice_match	YES	54.85	31.23	49.51
PB.25938.2	Protein_PB.25938.2	ASH1L	ASH1L	full-splice_match	YES	373.46	319.17	664.77
PB.25938.3	Protein_PB.25938.3	ASH1L	ASH1L	incomplete-splice_match	YES	48.58	53.5	72.22
PB.25938.4	Protein_PB.25938.4	ASH1L	ASH1L	full-splice_match	YES	98.97	78.63	16.81
PB.25938.5	Protein_PB.25938.5	ASH1L	ASH1L	full-splice_match	YES	271.32	320.12	327.29
PB.2594.1	Protein_PB.2594.1	MALL	MALL	full-splice_match	YES	55.32	39.7	29.0
PB.25941.3	Protein_PB.25941.3	CLK2	CLK2	full-splice_match	YES	18.24	27.06	28.12
PB.25941.4	Protein_PB.25941.4	CLK2	CLK2	full-splice_match	YES	46.38	36.58	56.47
PB.25942.1	Protein_PB.25942.1	SCAMP3	SCAMP3	full-splice_match	YES	219.09	218.48	239.32
PB.25943.1	Protein_PB.25943.1	FAM189B	FAM189B	full-splice_match	YES	239.93	264.26	251.83
PB.25943.2	Protein_PB.25943.2	FAM189B	FAM189B	full-splice_match	YES	26.37	32.91	24.67
PB.25943.3	Protein_PB.25943.3	FAM189B	FAM189B	full-splice_match	YES	27.4	20.19	27.81
PB.25944.1	Protein_PB.25944.1	GBA	GBA	novel_not_in_catalog	YES	13.0	18.72	23.4
PB.25944.3		GBA	GBA	novel_not_in_catalog	NO	9.55	11.89	16.64
PB.25946.10	Protein_PB.25946.10	THBS3	THBS3	full-splice_match	YES	29.0	7.63	0.79
PB.25946.16	Protein_PB.25946.16	THBS3	THBS3	full-splice_match	YES	97.01	32.67	41.77
PB.25948.1	Protein_PB.25948.1	KRTCAP2	KRTCAP2	full-splice_match	YES	104.96	97.27	117.14
PB.25950.2	Protein_PB.25950.2	DPM3	DPM3	novel_not_in_catalog	YES	123.44	129.41	137.21
PB.25952.1	Protein_PB.25952.1	novelGene_DCST1_AS	novelGene_DCST1_AS	antisense	YES	9.31	9.28	25.58
PB.25956.1	Protein_PB.25956.1	SHC1	SHC1	full-splice_match	YES	31.48	21.54	36.0
PB.25956.6	Protein_PB.25956.6	SHC1	SHC1	novel_in_catalog	YES	43.0	22.81	18.15
PB.25956.7	Protein_PB.25956.7	SHC1	SHC1	novel_in_catalog	YES	96.39	106.85	102.93
PB.25956.9	Protein_PB.25956.9	SHC1	SHC1	novel_in_catalog	YES	10.47	26.93	7.82
PB.25957.1	Protein_PB.25957.1	PYGO2	PYGO2	full-splice_match	YES	156.43	157.11	177.89
PB.25958.1	Protein_PB.25958.1	PBXIP1	PBXIP1	full-splice_match	YES	472.25	481.89	543.1
PB.25958.2	Protein_PB.25958.2	PBXIP1	PBXIP1	full-splice_match	YES	94.47	116.67	211.42
PB.25959.1	Protein_PB.25959.1	PMVK	PMVK	full-splice_match	YES	35.65	22.55	35.73
PB.2596.2	Protein_PB.2596.2	MTLN	MTLN	full-splice_match	YES	681.68	716.94	735.52
PB.25961.2	Protein_PB.25961.2	KCNN3	KCNN3	full-splice_match	YES	65.25	127.17	98.46
PB.25962.10	Protein_PB.25962.10	ADAR	ADAR	full-splice_match	YES	53.89	42.78	33.53
PB.25962.11	Protein_PB.25962.11	ADAR	ADAR	incomplete-splice_match	YES	39.21	23.08	36.21
PB.25962.2	Protein_PB.25962.2	ADAR	ADAR	full-splice_match	YES	32.51	16.83	42.76
PB.25963.1	Protein_PB.25963.1	UBE2Q1	UBE2Q1	full-splice_match	YES	216.94	222.56	264.77
PB.25964.1	Protein_PB.25964.1	SHE	SHE	full-splice_match	YES	34.47	18.72	16.9
PB.25964.2	Protein_PB.25964.2	SHE	SHE	incomplete-splice_match	YES	86.66	76.11	71.63
PB.25965.1	Protein_PB.25965.1	CUNH1orf43	CUNH1orf43	full-splice_match	YES	677.54	763.7	660.12
PB.25967.1	Protein_PB.25967.1	LOC113245168	LOC113245168	full-splice_match	YES	558.75	954.21	544.03
PB.25967.11	Protein_PB.25967.11	LOC113245168_LOC113245319	LOC113245168_LOC113245319	fusion	YES	149.84	130.57	239.58
PB.25967.13	Protein_PB.25967.13	LOC113245168_LOC113245319	LOC113245168_LOC113245319	fusion	YES	51.33	55.18	103.17
PB.25967.14	Protein_PB.25967.14	LOC113245168_LOC113245319	LOC113245168_LOC113245319	fusion	YES	75.31	111.21	144.09
PB.25967.15	Protein_PB.25967.15	LOC113245168_LOC113245319	LOC113245168_LOC113245319	fusion	YES	2577.4	3698.84	1656.54
PB.25967.16	Protein_PB.25967.16	LOC113245168_LOC113245319	LOC113245168_LOC113245319	fusion	YES	1053.91	1208.28	688.78
PB.25967.17	Protein_PB.25967.17	LOC113245168_LOC113245319	LOC113245168_LOC113245319	fusion	YES	395.45	485.28	171.48
PB.25967.19	Protein_PB.25967.19	LOC113245168_LOC113245319	LOC113245168_LOC113245319	fusion	YES	192.87	222.27	266.14
PB.25967.2	Protein_PB.25967.2	LOC113245168	LOC113245168	incomplete-splice_match	YES	73.73	61.16	93.31
PB.25967.20	Protein_PB.25967.20	LOC113245168_LOC113245319	LOC113245168_LOC113245319	fusion	YES	32157.76	48736.57	36775.72
PB.25967.32	Protein_PB.25967.32	LOC113245319	LOC113245319	full-splice_match	YES	22.61	6.99	19.69
PB.25967.33	Protein_PB.25967.33	LOC113245319	LOC113245319	full-splice_match	YES	48.17	48.77	44.73
PB.25967.36	Protein_PB.25967.36	LOC113245319	LOC113245319	novel_not_in_catalog	YES	16.14	14.05	48.11
PB.25967.38	Protein_PB.25967.38	LOC113245319	LOC113245319	novel_not_in_catalog	YES	9.0	12.1	21.32
PB.25967.39	Protein_PB.25967.39	LOC113245319	LOC113245319	incomplete-splice_match	YES	100.19	37.83	73.39
PB.25967.4	Protein_PB.25967.4	LOC113245168_LOC113245319	LOC113245168_LOC113245319	fusion	YES	22190.52	33252.97	24053.47
PB.25967.5	Protein_PB.25967.5	LOC113245168_LOC113245319	LOC113245168_LOC113245319	fusion	YES	34.03	22.64	115.55
PB.25967.7	Protein_PB.25967.7	LOC113245168_LOC113245319	LOC113245168_LOC113245319	fusion	YES	46.5	49.64	41.86
PB.25967.9	Protein_PB.25967.9	LOC113245168_LOC113245319	LOC113245168_LOC113245319	fusion	YES	23.38	12.39	35.41
PB.25970.3	Protein_PB.25970.3	RAB13	RAB13	full-splice_match	YES	20.15	15.46	24.67
PB.25971.2	Protein_PB.25971.2	JTB	JTB	full-splice_match	YES	51.92	89.35	112.23
PB.25971.3	Protein_PB.25971.3	JTB	JTB	full-splice_match	YES	1349.9	1481.44	1209.18
PB.25971.5		JTB	JTB	novel_in_catalog	NO	69.89	58.99	145.01
PB.25971.6		JTB	JTB	novel_in_catalog	NO	24.61	21.64	30.37
PB.25971.8		JTB	JTB	novel_in_catalog	NO	200.22	230.53	280.14
PB.25972.2	Protein_PB.25972.2	SLC39A1	SLC39A1	full-splice_match	YES	46.93	49.34	53.14
PB.25972.8	Protein_PB.25972.8	SLC39A1	SLC39A1	novel_in_catalog	YES	80.4	72.17	94.56
PB.25973.2	Protein_PB.25973.2	CRTC2	CRTC2	full-splice_match	YES	22.47	12.58	17.98
PB.25973.4	Protein_PB.25973.4	CRTC2	CRTC2	full-splice_match	YES	25.78	29.15	37.44
PB.25974.1	Protein_PB.25974.1	DENND4B	DENND4B	full-splice_match	YES	17.98	20.42	33.54
PB.25974.2	Protein_PB.25974.2	DENND4B	DENND4B	novel_not_in_catalog	YES	104.79	120.18	44.44
PB.25974.4	Protein_PB.25974.4	DENND4B	DENND4B	full-splice_match	YES	164.55	125.97	115.03
PB.25974.6	Protein_PB.25974.6	DENND4B	DENND4B	incomplete-splice_match	YES	23.32	19.41	28.87
PB.25975.3	Protein_PB.25975.3	GATAD2B	GATAD2B	full-splice_match	YES	88.77	41.18	71.21
PB.25977.2	Protein_PB.25977.2	ILF2	ILF2	full-splice_match	YES	240.62	253.57	272.29
PB.25978.1		S100A13	S100A13	full-splice_match	NO	25.69	19.8	20.61
PB.25978.2	Protein_PB.25978.2	S100A13	S100A13	full-splice_match	YES	195.12	162.97	216.18
PB.25978.3	Protein_PB.25978.3	S100A13	S100A13	full-splice_match	YES	16.07	18.29	19.51
PB.25980.1	Protein_PB.25980.1	S100A16	S100A16	full-splice_match	YES	161.65	169.71	127.0
PB.25980.2	Protein_PB.25980.2	S100A16	S100A16	full-splice_match	YES	107.29	78.86	97.19
PB.25983.1	Protein_PB.25983.1	S100A4	S100A4	full-splice_match	YES	244.96	83.74	268.03
PB.25985.1		S100A6	S100A6	full-splice_match	NO	448.65	263.75	598.31
PB.25992.1	Protein_PB.25992.1	SNRNP25	SNRNP25	full-splice_match	YES	75.59	78.3	63.94
PB.25992.2	Protein_PB.25992.2	SNRNP25	SNRNP25	incomplete-splice_match	YES	286.13	350.13	299.55
PB.25993.2	Protein_PB.25993.2	MPG	MPG	full-splice_match	YES	85.31	79.8	48.5
PB.25993.4	Protein_PB.25993.4	MPG	MPG	novel_in_catalog	YES	17.76	2.11	36.02
PB.25993.5	Protein_PB.25993.5	MPG	MPG	novel_in_catalog	YES	75.21	80.28	73.08
PB.25996.1	Protein_PB.25996.1	HBA1	HBA1	full-splice_match	YES	71.64	95.24	273.59
PB.25998.1	Protein_PB.25998.1	FAM234A	FAM234A	novel_not_in_catalog	YES	10.51	30.34	21.58
PB.25998.12	Protein_PB.25998.12	FAM234A	FAM234A	full-splice_match	YES	9.95	48.61	26.43
PB.25998.6	Protein_PB.25998.6	FAM234A	FAM234A	novel_not_in_catalog	YES	16.19	19.75	13.29
PB.25998.9	Protein_PB.25998.9	FAM234A	FAM234A	full-splice_match	YES	175.52	132.59	125.3
PB.26.1	Protein_PB.26.1	PTTG1IP	PTTG1IP	full-splice_match	YES	135.95	99.23	122.88
PB.260.11	Protein_PB.260.11	DZIP3	DZIP3	incomplete-splice_match	YES	20.23	3.77	8.54
PB.260.12	Protein_PB.260.12	DZIP3	DZIP3	novel_in_catalog	YES	6.57	4.41	19.31
PB.260.22	Protein_PB.260.22	DZIP3	DZIP3	incomplete-splice_match	YES	32.53	31.43	41.2
PB.260.8	Protein_PB.260.8	DZIP3	DZIP3	full-splice_match	YES	41.6	45.42	29.39
PB.26002.1	Protein_PB.26002.1	NME4	NME4	full-splice_match	YES	89.74	93.5	130.96
PB.26003.3	Protein_PB.26003.3	DECR2	DECR2	novel_in_catalog	YES	34.23	34.35	2.23
PB.26003.4	Protein_PB.26003.4	DECR2	DECR2	incomplete-splice_match	YES	56.65	56.38	66.88
PB.26003.5	Protein_PB.26003.5	DECR2	DECR2	novel_in_catalog	YES	2.73	14.19	35.95
PB.26003.8	Protein_PB.26003.8	DECR2	DECR2	novel_not_in_catalog	YES	15.73	9.41	20.87
PB.26004.1	Protein_PB.26004.1	RAB11FIP3	RAB11FIP3	full-splice_match	YES	119.18	123.53	119.17
PB.26004.2	Protein_PB.26004.2	RAB11FIP3	RAB11FIP3	novel_not_in_catalog	YES	306.61	297.73	437.37
PB.26005.3	Protein_PB.26005.3	CAPN15	CAPN15	full-splice_match	YES	30.55	21.44	26.84
PB.26008.1	Protein_PB.26008.1	PIGQ	PIGQ	full-splice_match	YES	122.89	130.54	119.71
PB.26009.2	Protein_PB.26009.2	RAB40C	RAB40C	full-splice_match	YES	82.58	70.85	95.83
PB.2601.7	Protein_PB.2601.7	ANAPC1	ANAPC1	full-splice_match	YES	125.83	126.23	149.3
PB.26011.1	Protein_PB.26011.1	MCRIP2	MCRIP2	full-splice_match	YES	134.56	139.43	33.87
PB.26011.2	Protein_PB.26011.2	MCRIP2	MCRIP2	full-splice_match	YES	751.92	1035.16	461.29
PB.26011.4	Protein_PB.26011.4	MCRIP2	MCRIP2	novel_not_in_catalog	YES	144.15	164.42	227.85
PB.26011.5		MCRIP2	MCRIP2	novel_not_in_catalog	NO	75.0	100.51	103.68
PB.26011.6	Protein_PB.26011.6	MCRIP2	MCRIP2	full-splice_match	YES	34.83	47.26	20.89
PB.26012.10	Protein_PB.26012.10	WDR90	WDR90	novel_in_catalog	YES	23.75	2.87	9.73
PB.26012.11	Protein_PB.26012.11	WDR90	WDR90	novel_in_catalog	YES	18.27	13.4	3.17
PB.26012.14	Protein_PB.26012.14	WDR90	WDR90	incomplete-splice_match	YES	78.7	34.33	34.47
PB.26012.16	Protein_PB.26012.16	WDR90	WDR90	novel_in_catalog	YES	125.5	154.23	26.31
PB.26012.18	Protein_PB.26012.18	WDR90	WDR90	novel_in_catalog	YES	110.97	107.89	17.99
PB.26013.10	Protein_PB.26013.10	RHOT2	RHOT2	novel_in_catalog	YES	2.59	0.0	24.83
PB.26013.3	Protein_PB.26013.3	RHOT2	RHOT2	full-splice_match	YES	152.82	135.3	127.12
PB.26013.34	Protein_PB.26013.34	RHOT2	RHOT2	novel_in_catalog	YES	18.47	14.59	18.92
PB.26014.3	Protein_PB.26014.3	RHBDL1	RHBDL1	full-splice_match	YES	15.34	8.52	21.48
PB.26015.1	Protein_PB.26015.1	STUB1	STUB1	novel_in_catalog	YES	15.71	19.08	32.61
PB.26015.2	Protein_PB.26015.2	STUB1	STUB1	full-splice_match	YES	1129.54	1255.64	968.47
PB.26017.1	Protein_PB.26017.1	FAM173A	FAM173A	full-splice_match	YES	41.69	41.28	21.34
PB.26017.2	Protein_PB.26017.2	FAM173A	FAM173A	full-splice_match	YES	70.85	63.85	61.79
PB.26018.2	Protein_PB.26018.2	HAGHL	HAGHL	incomplete-splice_match	YES	24.09	20.22	58.0
PB.26018.5	Protein_PB.26018.5	HAGHL	HAGHL	novel_in_catalog	YES	10.59	12.15	26.85
PB.2602.1	Protein_PB.2602.1	ZC3H8	ZC3H8	full-splice_match	YES	73.73	88.65	73.54
PB.2602.3	Protein_PB.2602.3	ZC3H8	ZC3H8	full-splice_match	YES	21.27	17.84	4.24
PB.26023.1	Protein_PB.26023.1	CACNA1H	CACNA1H	full-splice_match	YES	38.33	22.96	28.87
PB.26026.1	Protein_PB.26026.1	UBE2I	UBE2I	full-splice_match	YES	139.86	124.9	142.17
PB.26026.2	Protein_PB.26026.2	UBE2I	UBE2I	incomplete-splice_match	YES	34.77	27.48	47.3
PB.26028.4	Protein_PB.26028.4	GNPTG	GNPTG	full-splice_match	YES	63.46	55.56	49.74
PB.26030.1	Protein_PB.26030.1	TELO2	TELO2	full-splice_match	YES	36.92	26.81	27.88
PB.26032.1	Protein_PB.26032.1	TMEM204	TMEM204	full-splice_match	YES	59.35	51.41	37.57
PB.26033.1	Protein_PB.26033.1	CRAMP1	CRAMP1	full-splice_match	YES	16.08	19.21	47.34
PB.26033.2	Protein_PB.26033.2	CRAMP1	CRAMP1	full-splice_match	YES	70.13	62.37	48.15
PB.26034.1	Protein_PB.26034.1	JPT2	JPT2	full-splice_match	YES	670.7	679.3	689.51
PB.26035.7	Protein_PB.26035.7	MAPK8IP3	MAPK8IP3	full-splice_match	YES	51.54	37.72	53.34
PB.26037.8	Protein_PB.26037.8	NUBP2	NUBP2	incomplete-splice_match	YES	56.69	55.68	87.67
PB.26038.1	Protein_PB.26038.1	FAHD1	FAHD1	full-splice_match	YES	73.15	71.62	93.78
PB.26038.2	Protein_PB.26038.2	FAHD1	FAHD1	full-splice_match	YES	203.4	174.45	119.42
PB.26038.3	Protein_PB.26038.3	FAHD1	FAHD1	full-splice_match	YES	581.78	677.66	642.15
PB.26039.1	Protein_PB.26039.1	NDUFB10	NDUFB10	incomplete-splice_match	YES	34.75	41.45	25.12
PB.26039.4	Protein_PB.26039.4	NDUFB10	NDUFB10	full-splice_match	YES	2122.41	2305.46	1885.29
PB.26040.19	Protein_PB.26040.19	TBL3	TBL3	full-splice_match	YES	154.85	119.56	164.11
PB.26042.1	Protein_PB.26042.1	GFER	GFER	full-splice_match	YES	48.41	54.56	49.18
PB.26045.1	Protein_PB.26045.1	SLC9A3R2	SLC9A3R2	full-splice_match	YES	120.42	78.97	74.43
PB.26045.2	Protein_PB.26045.2	SLC9A3R2	SLC9A3R2	full-splice_match	YES	49.61	58.64	31.64
PB.26046.3	Protein_PB.26046.3	TSC2	TSC2	full-splice_match	YES	110.28	117.36	76.64
PB.26046.6	Protein_PB.26046.6	TSC2	TSC2	novel_in_catalog	YES	235.23	193.22	143.22
PB.26046.7	Protein_PB.26046.7	TSC2	TSC2	incomplete-splice_match	YES	18.37	20.66	7.57
PB.26048.2	Protein_PB.26048.2	TRAF7	TRAF7	full-splice_match	YES	475.9	504.0	499.74
PB.26048.5	Protein_PB.26048.5	TRAF7	TRAF7	full-splice_match	YES	34.1	50.38	49.39
PB.26048.7	Protein_PB.26048.7	TRAF7	TRAF7	incomplete-splice_match	YES	24.1	25.54	17.12
PB.26049.1	Protein_PB.26049.1	MLST8	MLST8	full-splice_match	YES	50.52	57.23	49.67
PB.26049.11	Protein_PB.26049.11	MLST8	MLST8	full-splice_match	YES	20.19	19.74	11.55
PB.26049.4	Protein_PB.26049.4	MLST8	MLST8	full-splice_match	YES	84.49	96.15	75.71
PB.26049.6	Protein_PB.26049.6	MLST8	MLST8	novel_in_catalog	YES	12.99	23.45	8.29
PB.26051.1	Protein_PB.26051.1	E4F1	E4F1	full-splice_match	YES	22.38	31.14	8.69
PB.26051.4	Protein_PB.26051.4	E4F1	E4F1	full-splice_match	YES	31.29	16.57	15.76
PB.26051.5	Protein_PB.26051.5	E4F1	E4F1	novel_in_catalog	YES	6.57	6.74	18.02
PB.26058.2	Protein_PB.26058.2	TBC1D24	TBC1D24	full-splice_match	YES	21.34	22.39	29.11
PB.26058.3	Protein_PB.26058.3	TBC1D24	TBC1D24	full-splice_match	YES	30.39	33.39	29.92
PB.26059.1	Protein_PB.26059.1	ATP6V0C	ATP6V0C	full-splice_match	YES	264.21	251.14	217.52
PB.26060.4	Protein_PB.26060.4	AMDHD2	AMDHD2	full-splice_match	YES	31.81	31.53	34.08
PB.26061.1	Protein_PB.26061.1	PDPK1	PDPK1	full-splice_match	YES	428.9	436.8	341.77
PB.26062.1	Protein_PB.26062.1	KCTD5	KCTD5	full-splice_match	YES	104.2	89.09	97.05
PB.26067.1	Protein_PB.26067.1	ELOB	ELOB	novel_not_in_catalog	YES	85.02	104.34	93.34
PB.26067.2	Protein_PB.26067.2	ELOB	ELOB	incomplete-splice_match	YES	24.64	14.89	20.55
PB.26067.3	Protein_PB.26067.3	ELOB	ELOB	novel_not_in_catalog	YES	12.64	17.75	17.5
PB.26067.4	Protein_PB.26067.4	ELOB	ELOB	full-splice_match	YES	1602.57	1740.7	1457.48
PB.26069.9	Protein_PB.26069.9	FLYWCH1	FLYWCH1	novel_in_catalog	YES	42.04	26.35	41.73
PB.26071.1	Protein_PB.26071.1	PAQR4	PAQR4	full-splice_match	YES	61.22	68.83	45.27
PB.26072.1		LOC113245421	LOC113245421	full-splice_match	NO	13.47	18.68	10.2
PB.26075.1	Protein_PB.26075.1	TNFRSF12A	TNFRSF12A	full-splice_match	YES	210.47	129.1	344.27
PB.26076.2	Protein_PB.26076.2	THOC6	THOC6	full-splice_match	YES	10.92	7.2	19.91
PB.26077.4	Protein_PB.26077.4	IL32	IL32	full-splice_match	YES	100.86	88.17	102.96
PB.26077.7		IL32	IL32	novel_in_catalog	NO	9.48	6.69	18.22
PB.26079.3	Protein_PB.26079.3	ZNF205	ZNF205	full-splice_match	YES	80.02	73.83	73.93
PB.26080.1	Protein_PB.26080.1	ZNF213	ZNF213	full-splice_match	YES	34.93	31.7	41.96
PB.26081.3	Protein_PB.26081.3	LOC113245433	LOC113245433	full-splice_match	YES	34.08	33.08	29.88
PB.26089.1	Protein_PB.26089.1	PEAR1	PEAR1	full-splice_match	YES	18.65	8.02	16.54
PB.26092.1	Protein_PB.26092.1	PRCC	PRCC	full-splice_match	YES	60.11	44.67	50.73
PB.26092.2	Protein_PB.26092.2	PRCC	PRCC	novel_not_in_catalog	YES	51.53	48.29	40.87
PB.26093.1	Protein_PB.26093.1	RRNAD1	RRNAD1	full-splice_match	YES	223.29	261.47	199.03
PB.26093.2	Protein_PB.26093.2	RRNAD1	RRNAD1	full-splice_match	YES	99.39	112.95	130.11
PB.26098.1	Protein_PB.26098.1	NAXE	NAXE	novel_in_catalog	YES	797.19	809.09	664.91
PB.26104.4	Protein_PB.26104.4	PMF1	PMF1	full-splice_match	YES	32.01	29.96	37.34
PB.26105.7	Protein_PB.26105.7	SLC25A44	SLC25A44	full-splice_match	YES	43.36	44.3	54.16
PB.26105.8	Protein_PB.26105.8	SLC25A44	SLC25A44	full-splice_match	YES	33.58	24.69	41.83
PB.26107.1	Protein_PB.26107.1	LMNA	LMNA	full-splice_match	YES	510.87	346.68	460.89
PB.26107.8	Protein_PB.26107.8	LMNA	LMNA	novel_in_catalog	YES	322.69	385.99	423.42
PB.26109.1	Protein_PB.26109.1	LAMTOR2	LAMTOR2	full-splice_match	YES	250.99	318.91	221.61
PB.26111.1	Protein_PB.26111.1	SYT11	SYT11	full-splice_match	YES	29.78	23.32	17.81
PB.26112.1	Protein_PB.26112.1	MSTO1	MSTO1	full-splice_match	YES	19.57	18.15	16.61
PB.26112.12	Protein_PB.26112.12	MSTO1	MSTO1	full-splice_match	YES	14.82	33.09	24.1
PB.26112.14	Protein_PB.26112.14	MSTO1	MSTO1	novel_in_catalog	YES	30.96	22.19	21.96
PB.26112.15	Protein_PB.26112.15	MSTO1	MSTO1	novel_not_in_catalog	YES	14.73	15.75	21.22
PB.26112.3	Protein_PB.26112.3	MSTO1	MSTO1	novel_in_catalog	YES	3.59	3.13	20.67
PB.26113.10	Protein_PB.26113.10	DAP3	DAP3	full-splice_match	YES	62.16	68.77	62.26
PB.26113.2	Protein_PB.26113.2	DAP3	DAP3	full-splice_match	YES	56.44	58.74	26.81
PB.26113.3	Protein_PB.26113.3	DAP3	DAP3	full-splice_match	YES	36.19	26.47	17.06
PB.26113.4	Protein_PB.26113.4	DAP3	DAP3	incomplete-splice_match	YES	11.55	21.62	13.93
PB.26113.9	Protein_PB.26113.9	DAP3	DAP3	full-splice_match	YES	108.02	161.46	107.12
PB.26114.1	Protein_PB.26114.1	RUSC1	RUSC1	full-splice_match	YES	21.69	5.93	10.12
PB.26114.2	Protein_PB.26114.2	RUSC1	RUSC1	full-splice_match	YES	81.61	72.31	78.76
PB.26115.2	Protein_PB.26115.2	FDPS	FDPS	full-splice_match	YES	45.68	49.18	40.87
PB.26115.3	Protein_PB.26115.3	FDPS	FDPS	full-splice_match	YES	79.56	79.72	70.48
PB.26115.5	Protein_PB.26115.5	FDPS	FDPS	novel_not_in_catalog	YES	61.01	57.85	29.13
PB.26117.1	Protein_PB.26117.1	MTX1	MTX1	full-splice_match	YES	96.88	108.55	86.89
PB.26119.3	Protein_PB.26119.3	SLC50A1	SLC50A1	incomplete-splice_match	YES	10.0	8.58	18.3
PB.26120.1	Protein_PB.26120.1	EFNA1	EFNA1	full-splice_match	YES	61.25	33.58	46.41
PB.26123.4	Protein_PB.26123.4	ADAM15	ADAM15	full-splice_match	YES	58.47	65.29	46.42
PB.26123.5	Protein_PB.26123.5	ADAM15	ADAM15	full-splice_match	YES	61.68	56.0	60.59
PB.26123.6	Protein_PB.26123.6	ADAM15	ADAM15	full-splice_match	YES	54.55	32.65	63.88
PB.26123.8	Protein_PB.26123.8	ADAM15	ADAM15	novel_not_in_catalog	YES	19.75	7.32	21.36
PB.26125.2	Protein_PB.26125.2	ZBTB7B	ZBTB7B	full-splice_match	YES	143.2	92.75	94.9
PB.26127.1	Protein_PB.26127.1	FLAD1	FLAD1	incomplete-splice_match	YES	69.7	82.91	50.62
PB.26127.6	Protein_PB.26127.6	FLAD1	FLAD1	novel_in_catalog	YES	18.4	14.24	17.09
PB.26128.2		CKS1B	CKS1B	full-splice_match	NO	24.8	29.08	28.01
PB.2613.2	Protein_PB.2613.2	RPIA	RPIA	full-splice_match	YES	131.42	125.86	102.71
PB.26135.1	Protein_PB.26135.1	IL6R	IL6R	full-splice_match	YES	92.56	116.28	66.16
PB.26135.2	Protein_PB.26135.2	IL6R	IL6R	novel_not_in_catalog	YES	75.53	67.87	62.01
PB.26136.2	Protein_PB.26136.2	ATP8B2	ATP8B2	full-splice_match	YES	80.87	39.58	52.36
PB.26136.4	Protein_PB.26136.4	ATP8B2	ATP8B2	full-splice_match	YES	45.83	22.83	35.03
PB.26138.1	Protein_PB.26138.1	HAX1	HAX1	full-splice_match	YES	13.79	9.82	20.33
PB.26138.2	Protein_PB.26138.2	HAX1	HAX1	full-splice_match	YES	101.94	92.28	75.96
PB.26138.3	Protein_PB.26138.3	HAX1	HAX1	full-splice_match	YES	151.32	149.71	134.08
PB.26139.18	Protein_PB.26139.18	UBAP2L	UBAP2L	novel_not_in_catalog	YES	37.81	38.39	31.9
PB.26139.20	Protein_PB.26139.20	UBAP2L	UBAP2L	full-splice_match	YES	108.45	168.48	112.5
PB.26139.25	Protein_PB.26139.25	UBAP2L	UBAP2L	novel_not_in_catalog	YES	108.59	30.53	95.86
PB.26143.1		RPS27	RPS27	novel_not_in_catalog	NO	34.49	29.32	61.5
PB.26143.2		RPS27	RPS27	novel_not_in_catalog	NO	4049.76	4232.83	6269.88
PB.26145.3	Protein_PB.26145.3	SLC27A3	SLC27A3	novel_not_in_catalog	YES	29.75	14.88	22.78
PB.26146.4	Protein_PB.26146.4	INTS3	INTS3	full-splice_match	YES	104.77	89.62	79.41
PB.26146.6	Protein_PB.26146.6	INTS3	INTS3	novel_not_in_catalog	YES	162.92	161.24	129.27
PB.26147.2	Protein_PB.26147.2	NPR1	NPR1	full-splice_match	YES	108.64	69.12	83.22
PB.26149.1	Protein_PB.26149.1	SNAPIN	SNAPIN	full-splice_match	YES	252.9	254.64	249.35
PB.26150.10	Protein_PB.26150.10	CHTOP	CHTOP	novel_in_catalog	YES	58.9	192.03	21.7
PB.26150.11	Protein_PB.26150.11	CHTOP	CHTOP	novel_in_catalog	YES	20.27	2.43	16.61
PB.26150.12	Protein_PB.26150.12	CHTOP	CHTOP	novel_in_catalog	YES	42.28	0.71	20.53
PB.26150.15	Protein_PB.26150.15	CHTOP	CHTOP	full-splice_match	YES	34.41	50.98	47.18
PB.26150.16	Protein_PB.26150.16	CHTOP	CHTOP	novel_in_catalog	YES	28.08	10.45	35.08
PB.26150.19	Protein_PB.26150.19	CHTOP	CHTOP	novel_not_in_catalog	YES	8.63	24.34	37.15
PB.26150.22	Protein_PB.26150.22	CHTOP	CHTOP	novel_in_catalog	YES	0.01	21.76	0.0
PB.26150.23	Protein_PB.26150.23	CHTOP	CHTOP	novel_in_catalog	YES	54.82	62.39	50.14
PB.26150.24	Protein_PB.26150.24	CHTOP	CHTOP	novel_in_catalog	YES	25.63	14.92	17.65
PB.26150.25	Protein_PB.26150.25	CHTOP	CHTOP	full-splice_match	YES	165.11	133.87	199.56
PB.26150.26	Protein_PB.26150.26	CHTOP	CHTOP	full-splice_match	YES	371.74	380.84	422.76
PB.26150.28	Protein_PB.26150.28	CHTOP	CHTOP	novel_in_catalog	YES	60.41	46.78	67.98
PB.26150.29	Protein_PB.26150.29	CHTOP	CHTOP	novel_in_catalog	YES	222.43	230.73	195.15
PB.26150.33	Protein_PB.26150.33	CHTOP	CHTOP	novel_in_catalog	YES	44.25	58.92	58.62
PB.26150.8	Protein_PB.26150.8	CHTOP	CHTOP	novel_in_catalog	YES	285.78	251.74	233.56
PB.26151.1	Protein_PB.26151.1	S100A1	S100A1	full-splice_match	YES	2784.18	3352.4	3084.38
PB.26156.1	Protein_PB.26156.1	POLR3K	POLR3K	full-splice_match	YES	199.01	224.91	157.09
PB.26157.1	Protein_PB.26157.1	RHBDF1	RHBDF1	full-splice_match	YES	10.59	4.69	34.34
PB.26157.2	Protein_PB.26157.2	RHBDF1	RHBDF1	full-splice_match	YES	61.37	34.13	36.11
PB.2616.14	Protein_PB.2616.14	THNSL2	THNSL2	novel_not_in_catalog	YES	53.32	76.71	119.78
PB.2616.2	Protein_PB.2616.2	THNSL2	THNSL2	full-splice_match	YES	276.28	236.09	184.65
PB.2616.7	Protein_PB.2616.7	THNSL2	THNSL2	full-splice_match	YES	14.51	17.52	16.68
PB.2616.9	Protein_PB.2616.9	THNSL2	THNSL2	novel_not_in_catalog	YES	18.07	26.29	5.89
PB.26160.6	Protein_PB.26160.6	LUC7L	LUC7L	novel_not_in_catalog	YES	12.98	11.68	21.06
PB.26160.7	Protein_PB.26160.7	LUC7L	LUC7L	full-splice_match	YES	31.44	39.14	48.69
PB.26163.1	Protein_PB.26163.1	AXIN1	AXIN1	full-splice_match	YES	169.96	146.24	156.18
PB.26163.2	Protein_PB.26163.2	AXIN1	AXIN1	full-splice_match	YES	180.68	219.0	119.93
PB.26164.1	Protein_PB.26164.1	MRPL28	MRPL28	full-splice_match	YES	186.67	211.01	108.81
PB.26164.2	Protein_PB.26164.2	MRPL28	MRPL28	full-splice_match	YES	81.4	71.81	30.13
PB.26165.4	Protein_PB.26165.4	TMEM8A	TMEM8A	full-splice_match	YES	12.8	20.36	15.72
PB.26168.2	Protein_PB.26168.2	METTL26	METTL26	novel_in_catalog	YES	51.16	72.24	27.65
PB.26168.6	Protein_PB.26168.6	METTL26	METTL26	full-splice_match	YES	48.62	36.73	16.03
PB.2617.2	Protein_PB.2617.2	SMYD1	SMYD1	full-splice_match	YES	413.8	400.62	526.85
PB.2617.4	Protein_PB.2617.4	SMYD1	SMYD1	novel_not_in_catalog	YES	249.54	242.01	247.19
PB.26170.1	Protein_PB.26170.1	JMJD8	JMJD8	novel_in_catalog	YES	106.71	104.03	101.85
PB.26170.2	Protein_PB.26170.2	JMJD8	JMJD8	full-splice_match	YES	14.99	10.93	27.28
PB.26170.3	Protein_PB.26170.3	JMJD8	JMJD8	full-splice_match	YES	12.03	20.15	26.92
PB.26170.4	Protein_PB.26170.4	JMJD8	JMJD8	full-splice_match	YES	41.86	38.37	22.48
PB.26171.3	Protein_PB.26171.3	WDR24	WDR24	full-splice_match	YES	31.34	44.57	41.12
PB.26171.6	Protein_PB.26171.6	WDR24	WDR24	novel_not_in_catalog	YES	56.99	30.83	37.59
PB.26174.3	Protein_PB.26174.3	CIAO3	CIAO3	full-splice_match	YES	194.36	217.15	181.63
PB.26176.1	Protein_PB.26176.1	RPUSD1	RPUSD1	full-splice_match	YES	6.08	15.75	19.65
PB.26176.2	Protein_PB.26176.2	RPUSD1	RPUSD1	full-splice_match	YES	11.3	26.23	18.18
PB.26176.3	Protein_PB.26176.3	RPUSD1	RPUSD1	full-splice_match	YES	89.28	77.57	94.25
PB.26178.2	Protein_PB.26178.2	LMF1	LMF1	full-splice_match	YES	115.04	125.21	127.89
PB.26188.1	Protein_PB.26188.1	TSR3	TSR3	full-splice_match	YES	74.73	93.35	70.07
PB.26188.2	Protein_PB.26188.2	TSR3	TSR3	full-splice_match	YES	95.37	79.71	88.79
PB.26188.3	Protein_PB.26188.3	TSR3	TSR3	full-splice_match	YES	12.8	9.2	19.67
PB.26189.4	Protein_PB.26189.4	UNKL	UNKL	full-splice_match	YES	29.39	37.5	9.96
PB.26189.7	Protein_PB.26189.7	UNKL	UNKL	novel_not_in_catalog	YES	26.66	23.64	19.09
PB.26189.8	Protein_PB.26189.8	UNKL	UNKL	full-splice_match	YES	21.54	1.65	14.44
PB.26190.1	Protein_PB.26190.1	CUNH16orf91	CUNH16orf91	full-splice_match	YES	186.23	189.19	170.22
PB.26192.3	Protein_PB.26192.3	CLCN7	CLCN7	full-splice_match	YES	62.16	33.17	19.64
PB.26192.4	Protein_PB.26192.4	CLCN7	CLCN7	full-splice_match	YES	33.15	59.55	43.11
PB.26195.2	Protein_PB.26195.2	NME3	NME3	full-splice_match	YES	49.98	52.32	50.28
PB.26196.1	Protein_PB.26196.1	MRPS34	MRPS34	full-splice_match	YES	312.59	272.32	251.15
PB.26197.2	Protein_PB.26197.2	SPSB3	SPSB3	full-splice_match	YES	94.91	117.86	114.65
PB.26197.7	Protein_PB.26197.7	SPSB3	SPSB3	full-splice_match	YES	49.67	56.2	79.94
PB.26198.1	Protein_PB.26198.1	IGFALS	IGFALS	full-splice_match	YES	210.65	238.56	167.75
PB.26199.1	Protein_PB.26199.1	HAGH	HAGH	full-splice_match	YES	1150.45	1483.02	474.63
PB.2620.1	Protein_PB.2620.1	RMND5A	RMND5A	full-splice_match	YES	12.25	18.51	53.39
PB.2620.4	Protein_PB.2620.4	RMND5A	RMND5A	full-splice_match	YES	1318.84	1521.39	1531.82
PB.2620.5	Protein_PB.2620.5	RMND5A	RMND5A	incomplete-splice_match	YES	138.37	152.23	184.95
PB.26202.10	Protein_PB.26202.10	RPL3L_MSRB1	RPL3L_MSRB1	fusion	YES	23.16	46.2	22.77
PB.26202.11	Protein_PB.26202.11	RPL3L_MSRB1	RPL3L_MSRB1	fusion	YES	2093.03	1816.15	1759.61
PB.26202.12	Protein_PB.26202.12	RPL3L	RPL3L	full-splice_match	YES	320.13	162.88	307.73
PB.26202.2		MSRB1	MSRB1	full-splice_match	NO	13.75	31.62	13.38
PB.26203.1	Protein_PB.26203.1	RPS2	RPS2	full-splice_match	YES	6213.89	5847.66	7526.82
PB.26203.2	Protein_PB.26203.2	RPS2	RPS2	novel_not_in_catalog	YES	4348.25	3886.33	6301.07
PB.26207.1	Protein_PB.26207.1	ZNF598	ZNF598	full-splice_match	YES	111.51	109.62	119.57
PB.26208.1	Protein_PB.26208.1	NTHL1	NTHL1	full-splice_match	YES	19.31	11.66	13.09
PB.26209.1	Protein_PB.26209.1	PKD1	PKD1	incomplete-splice_match	YES	93.52	53.61	63.74
PB.26209.2	Protein_PB.26209.2	PKD1	PKD1	full-splice_match	YES	738.19	418.84	491.81
PB.26215.1	Protein_PB.26215.1	PGP	PGP	full-splice_match	YES	895.03	915.04	773.15
PB.26218.1	Protein_PB.26218.1	ECI1	ECI1	full-splice_match	YES	1225.17	1591.43	888.91
PB.26218.2	Protein_PB.26218.2	ECI1	ECI1	full-splice_match	YES	448.92	642.71	317.79
PB.26219.1	Protein_PB.26219.1	RNPS1	RNPS1	full-splice_match	YES	191.73	162.57	119.74
PB.26219.3	Protein_PB.26219.3	RNPS1	RNPS1	full-splice_match	YES	67.33	97.9	91.85
PB.26219.6	Protein_PB.26219.6	RNPS1	RNPS1	full-splice_match	YES	161.59	164.44	145.79
PB.26220.2	Protein_PB.26220.2	ABCA3	ABCA3	full-splice_match	YES	38.47	41.35	29.31
PB.26227.12	Protein_PB.26227.12	SRRM2	SRRM2	full-splice_match	YES	15.97	19.29	28.49
PB.26227.4	Protein_PB.26227.4	SRRM2	SRRM2	full-splice_match	YES	904.54	674.76	1131.66
PB.26227.7	Protein_PB.26227.7	SRRM2	SRRM2	novel_in_catalog	YES	65.02	39.91	55.87
PB.26227.8	Protein_PB.26227.8	SRRM2	SRRM2	incomplete-splice_match	YES	35.8	8.41	78.66
PB.2623.3	Protein_PB.2623.3	KDM3A	KDM3A	full-splice_match	YES	205.55	219.24	256.54
PB.2623.6	Protein_PB.2623.6	KDM3A	KDM3A	novel_not_in_catalog	YES	136.95	111.79	149.66
PB.2623.8	Protein_PB.2623.8	KDM3A	KDM3A	incomplete-splice_match	YES	24.5	51.54	5.97
PB.26230.1	Protein_PB.26230.1	HCFC1R1	HCFC1R1	full-splice_match	YES	337.03	380.24	437.76
PB.26230.2	Protein_PB.26230.2	HCFC1R1	HCFC1R1	full-splice_match	YES	18.81	16.03	24.53
PB.26230.3	Protein_PB.26230.3	HCFC1R1	HCFC1R1	incomplete-splice_match	YES	317.61	316.86	451.81
PB.2624.1		MRPL35	MRPL35	novel_not_in_catalog	NO	9.51	8.89	20.78
PB.2624.10	Protein_PB.2624.10	MRPL35	MRPL35	novel_not_in_catalog	YES	16.29	19.95	15.32
PB.2624.2		MRPL35	MRPL35	novel_not_in_catalog	NO	2.05	2.14	23.24
PB.2624.3	Protein_PB.2624.3	MRPL35	MRPL35	full-splice_match	YES	245.6	270.68	192.93
PB.26242.10	Protein_PB.26242.10	LOC113245455	LOC113245455	novel_not_in_catalog	YES	127.06	54.34	103.0
PB.26242.2	Protein_PB.26242.2	LOC113245455	LOC113245455	novel_not_in_catalog	YES	15.43	11.1	33.79
PB.26242.3	Protein_PB.26242.3	LOC113245455	LOC113245455	novel_not_in_catalog	YES	6.2	7.56	76.12
PB.26242.4	Protein_PB.26242.4	LOC113245455	LOC113245455	novel_not_in_catalog	YES	331.4	290.33	369.45
PB.26242.5	Protein_PB.26242.5	LOC113245455	LOC113245455	novel_not_in_catalog	YES	80.44	52.53	94.97
PB.26242.7	Protein_PB.26242.7	LOC113245455	LOC113245455	full-splice_match	YES	13.46	11.49	23.81
PB.26242.8	Protein_PB.26242.8	LOC113245455	LOC113245455	novel_not_in_catalog	YES	103.71	57.42	85.21
PB.26247.3	Protein_PB.26247.3	LOC113245466	LOC113245466	full-splice_match	YES	6.95	18.09	5.45
PB.26247.5	Protein_PB.26247.5	LOC113245466	LOC113245466	full-splice_match	YES	16.59	21.16	12.13
PB.2625.1	Protein_PB.2625.1	PTCD3	PTCD3	novel_not_in_catalog	YES	46.04	25.85	16.05
PB.2625.9	Protein_PB.2625.9	PTCD3	PTCD3	full-splice_match	YES	447.42	492.86	211.72
PB.26252.1	Protein_PB.26252.1	LOC113245489	LOC113245489	full-splice_match	YES	16.23	18.74	24.07
PB.26259.2	Protein_PB.26259.2	LOC113245454	LOC113245454	full-splice_match	YES	41.83	19.89	3.83
PB.2626.1		novelGene_276	novelGene_276	intergenic	NO	261.66	256.18	197.68
PB.26262.6	Protein_PB.26262.6	LOC113245456	LOC113245456	full-splice_match	YES	12.7	18.71	29.97
PB.26262.7	Protein_PB.26262.7	LOC113245456	LOC113245456	full-splice_match	YES	59.15	86.7	36.48
PB.26263.1	Protein_PB.26263.1	LOC113245461	LOC113245461	full-splice_match	YES	14.1	9.46	16.67
PB.26267.1	Protein_PB.26267.1	LOC113245468	LOC113245468	full-splice_match	YES	58.34	46.02	60.06
PB.26279.2	Protein_PB.26279.2	LOC113245502	LOC113245502	novel_not_in_catalog	YES	130.61	126.83	174.15
PB.2628.1	Protein_PB.2628.1	ATOH8	ATOH8	full-splice_match	YES	72.75	63.58	37.17
PB.2628.2	Protein_PB.2628.2	ATOH8	ATOH8	full-splice_match	YES	16.38	17.06	10.69
PB.26283.1	Protein_PB.26283.1	LOC113245500	LOC113245500	incomplete-splice_match	YES	145.54	136.78	133.07
PB.26283.4	Protein_PB.26283.4	LOC113245500	LOC113245500	full-splice_match	YES	259.91	231.62	221.63
PB.26283.6	Protein_PB.26283.6	LOC113245500	LOC113245500	full-splice_match	YES	16.59	21.16	12.13
PB.26285.1	Protein_PB.26285.1	novelGene_2921	novelGene_2921	intergenic	YES	18.21	16.85	32.94
PB.26287.2		LOC113245525	LOC113245525	full-splice_match	NO	14.32	22.01	18.66
PB.26289.1	Protein_PB.26289.1	LOC113245510	LOC113245510	full-splice_match	YES	24.1	10.03	16.29
PB.26299.6	Protein_PB.26299.6	LOC113245503	LOC113245503	full-splice_match	YES	58.56	41.21	13.75
PB.26300.1	Protein_PB.26300.1	LOC113245523	LOC113245523	full-splice_match	YES	23.84	12.53	26.14
PB.26301.3	Protein_PB.26301.3	LOC113245494	LOC113245494	full-splice_match	YES	81.15	75.08	113.06
PB.26304.1	Protein_PB.26304.1	LOC113245493	LOC113245493	full-splice_match	YES	66.25	53.45	132.75
PB.26305.2	Protein_PB.26305.2	LOC113245526	LOC113245526	incomplete-splice_match	YES	88.5	79.03	48.97
PB.2631.1	Protein_PB.2631.1	USP39	USP39	full-splice_match	YES	140.31	127.74	161.04
PB.26313.1	Protein_PB.26313.1	TCIM	TCIM	full-splice_match	YES	62.5	69.74	79.31
PB.26314.3	Protein_PB.26314.3	GOLGA7	GOLGA7	full-splice_match	YES	101.3	97.93	110.68
PB.26316.10	Protein_PB.26316.10	GPAT4	GPAT4	novel_not_in_catalog	YES	375.48	427.42	233.32
PB.26316.12	Protein_PB.26316.12	GPAT4	GPAT4	full-splice_match	YES	49.72	31.23	36.88
PB.26316.2	Protein_PB.26316.2	GPAT4	GPAT4	novel_not_in_catalog	YES	200.76	230.22	346.39
PB.26316.4	Protein_PB.26316.4	GPAT4	GPAT4	novel_not_in_catalog	YES	491.67	575.57	446.94
PB.26316.6	Protein_PB.26316.6	GPAT4	GPAT4	novel_not_in_catalog	YES	140.0	105.26	103.8
PB.26316.9	Protein_PB.26316.9	GPAT4	GPAT4	novel_not_in_catalog	YES	41.23	35.93	21.5
PB.26319.1	Protein_PB.26319.1	IKBKB	IKBKB	full-splice_match	YES	84.34	73.36	81.35
PB.26319.5	Protein_PB.26319.5	IKBKB	IKBKB	incomplete-splice_match	YES	29.71	47.14	49.46
PB.2632.1	Protein_PB.2632.1	RNF181	RNF181	full-splice_match	YES	139.23	132.55	121.21
PB.26320.1	Protein_PB.26320.1	POLB	POLB	novel_in_catalog	YES	31.94	35.17	60.56
PB.26320.3	Protein_PB.26320.3	POLB	POLB	full-splice_match	YES	11.63	18.43	31.64
PB.26320.4	Protein_PB.26320.4	POLB	POLB	full-splice_match	YES	294.85	330.73	183.39
PB.26321.1	Protein_PB.26321.1	VDAC3	VDAC3	novel_not_in_catalog	YES	20.83	14.33	15.16
PB.26321.16	Protein_PB.26321.16	VDAC3	VDAC3	novel_not_in_catalog	YES	768.01	1032.37	906.11
PB.26321.18	Protein_PB.26321.18	VDAC3	VDAC3	novel_not_in_catalog	YES	32.92	41.35	86.72
PB.26321.19	Protein_PB.26321.19	VDAC3	VDAC3	novel_not_in_catalog	YES	161.01	193.33	192.16
PB.26321.2	Protein_PB.26321.2	VDAC3	VDAC3	novel_not_in_catalog	YES	1623.25	1903.19	1538.61
PB.26321.20		VDAC3	VDAC3	novel_not_in_catalog	NO	367.22	487.42	259.82
PB.26321.21	Protein_PB.26321.21	VDAC3	VDAC3	novel_not_in_catalog	YES	394.98	492.78	596.16
PB.26321.23	Protein_PB.26321.23	VDAC3	VDAC3	novel_not_in_catalog	YES	275.86	367.48	243.25
PB.26321.25	Protein_PB.26321.25	VDAC3	VDAC3	novel_not_in_catalog	YES	20.34	24.5	64.14
PB.26321.26	Protein_PB.26321.26	VDAC3	VDAC3	novel_not_in_catalog	YES	1292.65	1320.26	1045.27
PB.26321.3	Protein_PB.26321.3	VDAC3	VDAC3	full-splice_match	YES	3529.44	4114.14	3288.43
PB.26323.11		SMIM19	SMIM19	novel_in_catalog	NO	28.94	19.47	11.78
PB.26323.2	Protein_PB.26323.2	SMIM19	SMIM19	novel_not_in_catalog	YES	72.49	101.62	98.62
PB.26325.1	Protein_PB.26325.1	HOOK3	HOOK3	full-splice_match	YES	883.79	884.59	879.28
PB.26325.2	Protein_PB.26325.2	HOOK3	HOOK3	incomplete-splice_match	YES	131.31	136.02	132.12
PB.26326.1	Protein_PB.26326.1	FNTA	FNTA	full-splice_match	YES	13.55	28.07	18.98
PB.26326.3	Protein_PB.26326.3	FNTA	FNTA	novel_in_catalog	YES	151.6	164.36	212.89
PB.26326.5	Protein_PB.26326.5	FNTA	FNTA	novel_in_catalog	YES	288.17	299.12	308.06
PB.26326.6	Protein_PB.26326.6	FNTA	FNTA	novel_in_catalog	YES	13.45	24.67	81.13
PB.26326.7	Protein_PB.26326.7	FNTA	FNTA	novel_not_in_catalog	YES	148.86	138.47	125.19
PB.26327.5	Protein_PB.26327.5	POMK	POMK	full-splice_match	YES	32.37	33.0	25.11
PB.26328.2	Protein_PB.26328.2	HGSNAT	HGSNAT	full-splice_match	YES	35.03	38.9	41.27
PB.26329.1	Protein_PB.26329.1	CSGALNACT1	CSGALNACT1	full-splice_match	YES	119.49	63.1	93.63
PB.26329.2	Protein_PB.26329.2	CSGALNACT1	CSGALNACT1	full-splice_match	YES	12.35	9.01	29.01
PB.2633.1	Protein_PB.2633.1	VAMP5	VAMP5	full-splice_match	YES	55.09	48.69	26.57
PB.2633.5	Protein_PB.2633.5	VAMP5	VAMP5	full-splice_match	YES	122.72	120.73	58.42
PB.26332.1		novelGene_2924	novelGene_2924	intergenic	NO	19.93	28.28	26.78
PB.26333.1	Protein_PB.26333.1	PSD3	PSD3	full-splice_match	YES	251.12	224.38	218.72
PB.2634.2	Protein_PB.2634.2	VAMP8	VAMP8	full-splice_match	YES	60.11	45.58	38.55
PB.26340.1	Protein_PB.26340.1	LOC113245562	LOC113245562	full-splice_match	YES	18.09	6.63	29.08
PB.26343.1	Protein_PB.26343.1	LOC113245579	LOC113245579	novel_not_in_catalog	YES	244.83	281.93	365.44
PB.26343.2	Protein_PB.26343.2	LOC113245579	LOC113245579	novel_not_in_catalog	YES	1863.25	2126.74	1898.97
PB.26343.3	Protein_PB.26343.3	LOC113245579	LOC113245579	full-splice_match	YES	137.67	226.38	220.01
PB.26343.4	Protein_PB.26343.4	LOC113245579	LOC113245579	novel_not_in_catalog	YES	14.53	13.58	24.55
PB.26343.6	Protein_PB.26343.6	LOC113245565_LOC113245567_LOC113245579_LOC113245566	LOC113245565_LOC113245567_LOC113245579_LOC113245566	fusion	YES	184.8	165.96	165.17
PB.26344.1	Protein_PB.26344.1	KAT6A	KAT6A	full-splice_match	YES	269.23	240.82	324.68
PB.26344.2	Protein_PB.26344.2	KAT6A	KAT6A	novel_not_in_catalog	YES	85.52	42.6	84.47
PB.26344.3	Protein_PB.26344.3	KAT6A	KAT6A	novel_not_in_catalog	YES	2.2	16.16	20.14
PB.26344.4	Protein_PB.26344.4	KAT6A	KAT6A	incomplete-splice_match	YES	27.02	40.58	28.72
PB.26344.5	Protein_PB.26344.5	KAT6A	KAT6A	incomplete-splice_match	YES	53.17	49.3	61.07
PB.26345.1	Protein_PB.26345.1	PLAT	PLAT	full-splice_match	YES	47.92	28.85	52.81
PB.26347.1	Protein_PB.26347.1	SLC20A2	SLC20A2	full-splice_match	YES	198.95	267.4	124.06
PB.26347.4	Protein_PB.26347.4	SLC20A2	SLC20A2	novel_not_in_catalog	YES	576.24	788.16	466.76
PB.26347.5	Protein_PB.26347.5	SLC20A2	SLC20A2	incomplete-splice_match	YES	202.75	265.3	174.2
PB.26347.6		SLC20A2	SLC20A2	novel_not_in_catalog	NO	41.1	39.66	68.09
PB.2635.15	Protein_PB.2635.15	MAT2A	MAT2A	full-splice_match	YES	514.54	489.92	517.12
PB.2635.9	Protein_PB.2635.9	MAT2A	MAT2A	novel_in_catalog	YES	41.66	22.81	33.94
PB.26350.1	Protein_PB.26350.1	THAP1	THAP1	full-splice_match	YES	41.04	35.76	32.76
PB.26351.10	Protein_PB.26351.10	RNF170	RNF170	full-splice_match	YES	38.93	38.04	61.68
PB.26351.11	Protein_PB.26351.11	RNF170	RNF170	novel_in_catalog	YES	28.56	21.12	29.44
PB.26351.4	Protein_PB.26351.4	RNF170	RNF170	full-splice_match	YES	48.09	32.39	78.37
PB.26351.6	Protein_PB.26351.6	RNF170	RNF170	novel_in_catalog	YES	14.2	22.4	17.38
PB.26354.11	Protein_PB.26354.11	INTS10	INTS10	novel_in_catalog	YES	18.85	4.55	16.38
PB.26354.5	Protein_PB.26354.5	INTS10	INTS10	full-splice_match	YES	19.99	10.89	12.15
PB.26360.1	Protein_PB.26360.1	AR	AR	full-splice_match	YES	306.81	294.27	243.82
PB.26363.1	Protein_PB.26363.1	YIPF6	YIPF6	full-splice_match	YES	269.06	268.82	269.97
PB.26363.4	Protein_PB.26363.4	YIPF6	YIPF6	novel_not_in_catalog	YES	213.19	198.99	224.21
PB.26363.5	Protein_PB.26363.5	YIPF6	YIPF6	novel_in_catalog	YES	0.0	35.22	44.34
PB.26364.1	Protein_PB.26364.1	STARD8	STARD8	full-splice_match	YES	46.31	8.33	10.4
PB.26364.2	Protein_PB.26364.2	STARD8	STARD8	full-splice_match	YES	85.37	90.85	98.69
PB.26365.2	Protein_PB.26365.2	EFNB1	EFNB1	full-splice_match	YES	20.05	15.61	25.77
PB.2637.12	Protein_PB.2637.12	ELMOD3	ELMOD3	novel_not_in_catalog	YES	21.8	27.62	28.72
PB.2637.5	Protein_PB.2637.5	ELMOD3	ELMOD3	novel_not_in_catalog	YES	17.59	21.84	5.89
PB.26374.1	Protein_PB.26374.1	IGBP1	IGBP1	full-splice_match	YES	88.41	92.92	105.87
PB.26374.2	Protein_PB.26374.2	IGBP1	IGBP1	full-splice_match	YES	266.01	295.5	252.26
PB.2638.1	Protein_PB.2638.1	TGOLN2	TGOLN2	full-splice_match	YES	91.1	81.7	119.03
PB.2638.2	Protein_PB.2638.2	TGOLN2	TGOLN2	novel_in_catalog	YES	208.02	169.44	252.51
PB.26380.1	Protein_PB.26380.1	DLG3	DLG3	novel_in_catalog	YES	21.9	16.56	26.97
PB.26384.1	Protein_PB.26384.1	FOXO4	FOXO4	full-splice_match	YES	294.18	302.18	306.26
PB.26385.1	Protein_PB.26385.1	MED12	MED12	full-splice_match	YES	108.05	83.31	116.73
PB.26388.14	Protein_PB.26388.14	NONO	NONO	novel_in_catalog	YES	18.9	14.0	17.32
PB.26388.18	Protein_PB.26388.18	NONO	NONO	novel_in_catalog	YES	15.68	10.75	20.37
PB.26388.2	Protein_PB.26388.2	NONO	NONO	novel_not_in_catalog	YES	15.9	8.71	26.3
PB.26388.4	Protein_PB.26388.4	NONO	NONO	full-splice_match	YES	495.19	483.41	383.62
PB.26388.6	Protein_PB.26388.6	NONO	NONO	novel_in_catalog	YES	11.35	10.99	17.21
PB.26389.1	Protein_PB.26389.1	ITGB1BP2	ITGB1BP2	full-splice_match	YES	423.74	364.25	213.23
PB.26389.2	Protein_PB.26389.2	ITGB1BP2	ITGB1BP2	full-splice_match	YES	34.6	38.77	61.71
PB.26390.1	Protein_PB.26390.1	LOC113245652	LOC113245652	full-splice_match	YES	49.91	33.78	59.38
PB.26390.3	Protein_PB.26390.3	LOC113245652	LOC113245652	novel_not_in_catalog	YES	13.96	9.95	22.23
PB.26391.11	Protein_PB.26391.11	TAF1	TAF1	novel_not_in_catalog	YES	17.98	36.46	17.09
PB.26391.12	Protein_PB.26391.12	TAF1	TAF1	novel_not_in_catalog	YES	13.57	19.04	39.06
PB.26391.2	Protein_PB.26391.2	TAF1	TAF1	full-splice_match	YES	140.84	107.1	72.05
PB.26391.3	Protein_PB.26391.3	TAF1	TAF1	full-splice_match	YES	33.12	16.04	35.73
PB.26391.4	Protein_PB.26391.4	TAF1	TAF1	full-splice_match	YES	81.3	68.34	54.15
PB.26391.6	Protein_PB.26391.6	TAF1	TAF1	incomplete-splice_match	YES	60.55	84.89	97.36
PB.26391.9	Protein_PB.26391.9	TAF1	TAF1	novel_in_catalog	YES	27.01	16.82	36.22
PB.26392.1	Protein_PB.26392.1	OGT	OGT	full-splice_match	YES	144.68	213.24	156.23
PB.26392.2	Protein_PB.26392.2	OGT	OGT	full-splice_match	YES	598.55	577.0	696.28
PB.26392.4	Protein_PB.26392.4	OGT	OGT	novel_in_catalog	YES	215.44	159.16	179.64
PB.26392.6	Protein_PB.26392.6	OGT	OGT	incomplete-splice_match	YES	100.84	85.02	93.04
PB.26395.1	Protein_PB.26395.1	NHSL2	NHSL2	full-splice_match	YES	38.23	18.9	40.65
PB.26396.1	Protein_PB.26396.1	PIN4	PIN4	full-splice_match	YES	101.4	104.03	99.46
PB.264.1	Protein_PB.264.1	NECTIN3	NECTIN3	full-splice_match	YES	57.0	31.76	41.56
PB.264.2	Protein_PB.264.2	NECTIN3	NECTIN3	full-splice_match	YES	36.16	23.98	26.89
PB.2640.1	Protein_PB.2640.1	KCMF1	KCMF1	full-splice_match	YES	897.54	1008.57	1021.99
PB.26402.2	Protein_PB.26402.2	LOC113245658_OPHN1	LOC113245658_OPHN1	fusion	YES	13.93	14.32	31.71
PB.26402.3	Protein_PB.26402.3	LOC113245658_OPHN1	LOC113245658_OPHN1	fusion	YES	38.72	40.31	37.87
PB.26403.1	Protein_PB.26403.1	PJA1	PJA1	full-splice_match	YES	41.2	26.07	28.64
PB.26403.2	Protein_PB.26403.2	PJA1	PJA1	full-splice_match	YES	95.24	74.4	101.28
PB.26403.3	Protein_PB.26403.3	PJA1	PJA1	full-splice_match	YES	12.25	20.21	26.32
PB.26408.2	Protein_PB.26408.2	PDZD11	PDZD11	full-splice_match	YES	180.31	163.05	173.88
PB.26409.1	Protein_PB.26409.1	novelGene_GDPD2_AS	novelGene_GDPD2_AS	antisense	YES	17.14	13.28	34.96
PB.26409.3	Protein_PB.26409.3	novelGene_GDPD2_AS	novelGene_GDPD2_AS	antisense	YES	20.03	21.24	34.44
PB.26411.1	Protein_PB.26411.1	SNX12	SNX12	full-splice_match	YES	188.78	177.5	185.5
PB.26414.1	Protein_PB.26414.1	ZMYM3	ZMYM3	full-splice_match	YES	35.9	22.78	40.37
PB.26414.5	Protein_PB.26414.5	ZMYM3	ZMYM3	novel_not_in_catalog	YES	48.19	50.4	68.9
PB.26414.7	Protein_PB.26414.7	ZMYM3	ZMYM3	novel_not_in_catalog	YES	17.45	15.04	18.85
PB.26418.1	Protein_PB.26418.1	RTL5	RTL5	full-splice_match	YES	128.88	102.01	135.7
PB.2642.1		TMSB10	TMSB10	full-splice_match	NO	581.33	363.45	449.0
PB.26420.1	Protein_PB.26420.1	RPS4X	RPS4X	full-splice_match	YES	7784.58	7654.68	9949.11
PB.26422.1	Protein_PB.26422.1	HDAC8	HDAC8	full-splice_match	YES	98.91	133.71	133.46
PB.26422.3	Protein_PB.26422.3	HDAC8	HDAC8	novel_not_in_catalog	YES	15.39	13.68	16.5
PB.26422.4	Protein_PB.26422.4	HDAC8	HDAC8	novel_not_in_catalog	YES	4.95	3.95	18.1
PB.26422.9	Protein_PB.26422.9	HDAC8	HDAC8	novel_not_in_catalog	YES	40.54	24.63	28.43
PB.26423.10	Protein_PB.26423.10	PHKA1	PHKA1	novel_in_catalog	YES	279.22	192.05	196.61
PB.26423.12	Protein_PB.26423.12	PHKA1	PHKA1	incomplete-splice_match	YES	626.77	449.84	147.95
PB.26423.14	Protein_PB.26423.14	PHKA1	PHKA1	novel_not_in_catalog	YES	26.91	23.94	20.83
PB.26423.15	Protein_PB.26423.15	PHKA1	PHKA1	novel_not_in_catalog	YES	38.22	26.05	21.3
PB.26423.5	Protein_PB.26423.5	PHKA1	PHKA1	full-splice_match	YES	700.71	690.12	373.61
PB.26423.7	Protein_PB.26423.7	PHKA1	PHKA1	full-splice_match	YES	1155.67	996.9	622.35
PB.26423.8		PHKA1	PHKA1	novel_not_in_catalog	NO	28.33	32.12	1.56
PB.26423.9	Protein_PB.26423.9	PHKA1	PHKA1	novel_not_in_catalog	YES	110.77	61.65	13.87
PB.26424.1	Protein_PB.26424.1	MRFAP1	MRFAP1	full-splice_match	YES	396.67	344.39	437.08
PB.26424.2	Protein_PB.26424.2	MRFAP1	MRFAP1	full-splice_match	YES	557.47	516.49	420.58
PB.26425.1	Protein_PB.26425.1	LOC113245666	LOC113245666	full-splice_match	YES	43.61	29.98	48.13
PB.26425.2	Protein_PB.26425.2	LOC113245666	LOC113245666	full-splice_match	YES	91.37	92.78	120.85
PB.26427.1	Protein_PB.26427.1	BLOC1S4	BLOC1S4	full-splice_match	YES	49.67	39.14	54.94
PB.26428.10	Protein_PB.26428.10	KIAA0232	KIAA0232	novel_not_in_catalog	YES	76.85	115.51	151.78
PB.26428.11	Protein_PB.26428.11	KIAA0232	KIAA0232	full-splice_match	YES	23.23	60.79	58.94
PB.26428.13	Protein_PB.26428.13	KIAA0232	KIAA0232	novel_not_in_catalog	YES	31.95	37.6	76.61
PB.26428.14	Protein_PB.26428.14	KIAA0232	KIAA0232	incomplete-splice_match	YES	19.89	14.64	24.09
PB.26428.2	Protein_PB.26428.2	KIAA0232	KIAA0232	novel_in_catalog	YES	99.91	191.52	123.3
PB.26428.3	Protein_PB.26428.3	KIAA0232	KIAA0232	full-splice_match	YES	13.28	25.06	26.21
PB.26428.5	Protein_PB.26428.5	KIAA0232	KIAA0232	full-splice_match	YES	684.08	693.09	502.44
PB.26428.6	Protein_PB.26428.6	KIAA0232	KIAA0232	novel_not_in_catalog	YES	199.19	170.64	81.83
PB.26428.7	Protein_PB.26428.7	KIAA0232	KIAA0232	novel_not_in_catalog	YES	111.31	57.4	65.08
PB.26428.8	Protein_PB.26428.8	KIAA0232	KIAA0232	novel_not_in_catalog	YES	155.2	138.91	51.76
PB.26428.9	Protein_PB.26428.9	KIAA0232	KIAA0232	novel_not_in_catalog	YES	26.76	39.6	54.13
PB.26429.11	Protein_PB.26429.11	TBC1D14	TBC1D14	novel_in_catalog	YES	123.75	136.92	155.87
PB.26429.2	Protein_PB.26429.2	TBC1D14	TBC1D14	full-splice_match	YES	37.96	50.32	54.69
PB.26430.1	Protein_PB.26430.1	TADA2B	TADA2B	full-splice_match	YES	119.05	124.26	173.59
PB.26431.1	Protein_PB.26431.1	SORCS2	SORCS2	full-splice_match	YES	11.5	11.76	23.45
PB.26432.2	Protein_PB.26432.2	SH3TC1	SH3TC1	full-splice_match	YES	23.12	6.65	16.13
PB.26433.3	Protein_PB.26433.3	HTRA3	HTRA3	full-splice_match	YES	18.43	12.56	24.11
PB.26433.4	Protein_PB.26433.4	HTRA3	HTRA3	incomplete-splice_match	YES	32.9	17.15	18.74
PB.26439.1	Protein_PB.26439.1	LRPAP1	LRPAP1	novel_in_catalog	YES	88.84	68.62	109.64
PB.26439.2	Protein_PB.26439.2	LRPAP1	LRPAP1	incomplete-splice_match	YES	48.06	43.14	59.46
PB.26439.4	Protein_PB.26439.4	LRPAP1	LRPAP1	full-splice_match	YES	25.99	15.98	23.36
PB.26440.2	Protein_PB.26440.2	NOP14	NOP14	full-splice_match	YES	126.68	115.3	125.97
PB.26441.3	Protein_PB.26441.3	MFSD10	MFSD10	novel_in_catalog	YES	24.7	19.19	19.5
PB.26445.1	Protein_PB.26445.1	TNIP2	TNIP2	full-splice_match	YES	27.92	20.43	24.37
PB.26448.4	Protein_PB.26448.4	ZFYVE28	ZFYVE28	full-splice_match	YES	18.04	28.46	35.59
PB.26449.1	Protein_PB.26449.1	MXD4	MXD4	full-splice_match	YES	381.43	324.93	393.2
PB.26450.1	Protein_PB.26450.1	HAUS3_POLN	HAUS3_POLN	fusion	YES	23.65	33.38	47.61
PB.26450.3	Protein_PB.26450.3	HAUS3	HAUS3	full-splice_match	YES	30.74	17.95	29.16
PB.26453.2	Protein_PB.26453.2	NELFA	NELFA	full-splice_match	YES	57.65	68.71	74.87
PB.26454.1	Protein_PB.26454.1	LETM1	LETM1	novel_in_catalog	YES	69.14	96.47	53.35
PB.26454.2	Protein_PB.26454.2	LETM1	LETM1	novel_not_in_catalog	YES	266.62	346.9	244.2
PB.26455.2	Protein_PB.26455.2	TMEM129	TMEM129	full-splice_match	YES	20.57	17.01	14.68
PB.26455.5	Protein_PB.26455.5	TMEM129	TMEM129	novel_not_in_catalog	YES	41.07	41.01	36.62
PB.26456.4	Protein_PB.26456.4	SLBP	SLBP	full-splice_match	YES	70.75	77.27	67.08
PB.26457.11	Protein_PB.26457.11	FAM53A	FAM53A	full-splice_match	YES	20.53	23.6	27.7
PB.26457.2	Protein_PB.26457.2	FAM53A	FAM53A	full-splice_match	YES	42.48	65.63	64.72
PB.26459.1	Protein_PB.26459.1	CTBP1	CTBP1	full-splice_match	YES	161.43	134.76	185.55
PB.26459.3	Protein_PB.26459.3	CTBP1	CTBP1	full-splice_match	YES	433.75	472.75	428.69
PB.26460.2	Protein_PB.26460.2	SPON2	SPON2	full-splice_match	YES	33.02	9.34	26.16
PB.26465.4	Protein_PB.26465.4	DGKQ	DGKQ	full-splice_match	YES	16.85	28.43	20.69
PB.26465.5	Protein_PB.26465.5	DGKQ	DGKQ	incomplete-splice_match	YES	28.37	12.37	16.47
PB.26465.6	Protein_PB.26465.6	DGKQ	DGKQ	incomplete-splice_match	YES	11.63	17.7	17.55
PB.26466.4	Protein_PB.26466.4	GAK	GAK	full-splice_match	YES	26.53	34.84	61.49
PB.26466.6	Protein_PB.26466.6	GAK	GAK	novel_in_catalog	YES	47.73	24.02	33.37
PB.26473.1		ATP5ME	ATP5ME	full-splice_match	NO	1336.5	1529.27	1250.05
PB.26476.1		LOC113245758	LOC113245758	full-splice_match	NO	13.04	13.85	20.16
PB.26479.3	Protein_PB.26479.3	GRPEL1	GRPEL1	full-splice_match	YES	582.26	754.85	448.86
PB.26481.1	Protein_PB.26481.1	AFAP1	AFAP1	full-splice_match	YES	56.01	53.71	75.04
PB.26481.5	Protein_PB.26481.5	AFAP1	AFAP1	incomplete-splice_match	YES	17.65	16.93	24.94
PB.26482.10	Protein_PB.26482.10	ABLIM2	ABLIM2	full-splice_match	YES	22.08	28.8	45.11
PB.26482.3	Protein_PB.26482.3	ABLIM2	ABLIM2	full-splice_match	YES	89.46	53.0	53.08
PB.26482.4	Protein_PB.26482.4	ABLIM2	ABLIM2	full-splice_match	YES	71.47	42.21	26.46
PB.26482.5	Protein_PB.26482.5	ABLIM2	ABLIM2	full-splice_match	YES	34.3	49.05	22.19
PB.26482.7	Protein_PB.26482.7	ABLIM2	ABLIM2	full-splice_match	YES	65.14	31.86	78.63
PB.26482.8	Protein_PB.26482.8	ABLIM2	ABLIM2	full-splice_match	YES	338.62	355.68	314.38
PB.26485.2	Protein_PB.26485.2	ACOX3	ACOX3	novel_in_catalog	YES	68.2	96.08	65.78
PB.26485.7	Protein_PB.26485.7	ACOX3	ACOX3	incomplete-splice_match	YES	92.3	113.46	86.23
PB.26487.1	Protein_PB.26487.1	ADRA2C	ADRA2C	full-splice_match	YES	80.77	64.9	49.44
PB.26488.1	Protein_PB.26488.1	DOK7	DOK7	full-splice_match	YES	97.14	96.79	93.37
PB.26488.2	Protein_PB.26488.2	DOK7	DOK7	full-splice_match	YES	29.03	30.88	39.19
PB.26490.1	Protein_PB.26490.1	RGS12	RGS12	full-splice_match	YES	29.56	29.95	30.79
PB.26492.1	Protein_PB.26492.1	HTT	HTT	full-splice_match	YES	260.58	238.43	298.74
PB.26493.1	Protein_PB.26493.1	GRK4	GRK4	incomplete-splice_match	YES	42.11	27.36	27.6
PB.26493.11	Protein_PB.26493.11	GRK4	GRK4	full-splice_match	YES	14.42	17.99	15.91
PB.26493.12	Protein_PB.26493.12	GRK4	GRK4	full-splice_match	YES	18.58	8.59	16.72
PB.26493.15	Protein_PB.26493.15	GRK4	GRK4	full-splice_match	YES	31.65	22.61	28.64
PB.26493.5	Protein_PB.26493.5	GRK4	GRK4	full-splice_match	YES	38.5	32.42	17.0
PB.26493.6	Protein_PB.26493.6	GRK4	GRK4	full-splice_match	YES	35.65	30.51	52.5
PB.26493.7	Protein_PB.26493.7	GRK4	GRK4	full-splice_match	YES	30.91	35.21	35.04
PB.26494.1	Protein_PB.26494.1	ADD1	ADD1	full-splice_match	YES	172.41	59.34	81.25
PB.26494.12	Protein_PB.26494.12	ADD1	ADD1	incomplete-splice_match	YES	80.49	99.9	89.73
PB.26494.2	Protein_PB.26494.2	ADD1	ADD1	full-splice_match	YES	56.09	55.46	33.51
PB.26494.3	Protein_PB.26494.3	ADD1	ADD1	full-splice_match	YES	333.49	353.34	265.33
PB.26494.4	Protein_PB.26494.4	ADD1	ADD1	full-splice_match	YES	72.96	92.6	41.67
PB.26494.7	Protein_PB.26494.7	ADD1	ADD1	novel_not_in_catalog	YES	22.47	59.91	17.73
PB.26494.9	Protein_PB.26494.9	ADD1	ADD1	novel_not_in_catalog	YES	49.41	54.28	111.71
PB.26495.5	Protein_PB.26495.5	SH3BP2	SH3BP2	full-splice_match	YES	23.38	28.54	19.79
PB.26497.1	Protein_PB.26497.1	FAM193A	FAM193A	full-splice_match	YES	21.91	33.7	36.91
PB.26497.3	Protein_PB.26497.3	FAM193A	FAM193A	full-splice_match	YES	61.12	28.68	41.83
PB.26498.1	Protein_PB.26498.1	RNF4	RNF4	full-splice_match	YES	237.16	211.16	229.27
PB.26502.1	Protein_PB.26502.1	LOC113245741	LOC113245741	full-splice_match	YES	35.7	27.41	24.92
PB.26503.1	Protein_PB.26503.1	NSD2	NSD2	incomplete-splice_match	YES	487.13	472.75	471.6
PB.26503.2	Protein_PB.26503.2	NSD2	NSD2	incomplete-splice_match	YES	22.76	15.26	17.0
PB.26508.4	Protein_PB.26508.4	UVSSA	UVSSA	full-splice_match	YES	88.37	60.34	83.13
PB.26509.1	Protein_PB.26509.1	MAEA	MAEA	full-splice_match	YES	231.78	203.55	240.32
PB.26509.4	Protein_PB.26509.4	MAEA	MAEA	novel_not_in_catalog	YES	14.33	23.54	13.52
PB.26510.1	Protein_PB.26510.1	FGFRL1	FGFRL1	full-splice_match	YES	26.85	42.67	28.56
PB.26511.1	Protein_PB.26511.1	IDUA	IDUA	full-splice_match	YES	63.86	48.47	42.52
PB.26514.1	Protein_PB.26514.1	TMEM175	TMEM175	full-splice_match	YES	27.97	27.79	17.93
PB.26514.2	Protein_PB.26514.2	TMEM175	TMEM175	full-splice_match	YES	18.9	16.34	3.5
PB.26514.5		TMEM175	TMEM175	incomplete-splice_match	NO	39.68	39.48	50.08
PB.26516.1	Protein_PB.26516.1	PCGF3	PCGF3	full-splice_match	YES	67.55	66.38	78.58
PB.26519.1	Protein_PB.26519.1	PIGG	PIGG	full-splice_match	YES	64.3	62.73	64.63
PB.26519.2	Protein_PB.26519.2	PIGG	PIGG	full-splice_match	YES	28.26	26.78	25.51
PB.26519.5	Protein_PB.26519.5	PIGG	PIGG	novel_in_catalog	YES	61.44	63.73	35.41
PB.26526.2	Protein_PB.26526.2	SMPD1	SMPD1	full-splice_match	YES	60.65	62.9	51.87
PB.26526.7	Protein_PB.26526.7	SMPD1	SMPD1	incomplete-splice_match	YES	33.2	16.74	18.37
PB.26527.1	Protein_PB.26527.1	DNHD1_TIMM10B	DNHD1_TIMM10B	full-splice_match	YES	41.3	37.09	47.21
PB.26527.2	Protein_PB.26527.2	DNHD1	DNHD1	novel_in_catalog	YES	47.25	31.22	64.33
PB.26528.1	Protein_PB.26528.1	ILK	ILK	full-splice_match	YES	472.27	452.87	293.63
PB.26528.2	Protein_PB.26528.2	ILK	ILK	novel_not_in_catalog	YES	13.32	2.65	21.94
PB.2654.1	Protein_PB.2654.1	MRPL19	MRPL19	full-splice_match	YES	409.46	464.8	297.18
PB.26540.1	Protein_PB.26540.1	OLFML1	OLFML1	full-splice_match	YES	42.16	23.94	47.64
PB.26541.10	Protein_PB.26541.10	PPFIBP2	PPFIBP2	novel_not_in_catalog	YES	18.95	33.32	38.31
PB.26541.9	Protein_PB.26541.9	PPFIBP2	PPFIBP2	novel_not_in_catalog	YES	67.43	68.75	56.17
PB.26547.1	Protein_PB.26547.1	EIF3F	EIF3F	novel_not_in_catalog	YES	152.68	126.31	153.22
PB.26547.2	Protein_PB.26547.2	EIF3F	EIF3F	full-splice_match	YES	1473.76	1454.21	1938.96
PB.26549.1	Protein_PB.26549.1	RPL27A	RPL27A	full-splice_match	YES	5223.9	5217.75	7843.74
PB.26552.1	Protein_PB.26552.1	AKIP1	AKIP1	full-splice_match	YES	96.51	78.95	82.15
PB.26552.5	Protein_PB.26552.5	AKIP1	AKIP1	incomplete-splice_match	YES	82.81	95.17	118.56
PB.26557.1	Protein_PB.26557.1	IPO7	IPO7	novel_not_in_catalog	YES	439.32	411.35	259.58
PB.26557.2	Protein_PB.26557.2	IPO7	IPO7	incomplete-splice_match	YES	603.42	613.79	485.6
PB.26557.3	Protein_PB.26557.3	IPO7	IPO7	novel_not_in_catalog	YES	490.25	449.19	332.77
PB.26557.4	Protein_PB.26557.4	IPO7	IPO7	novel_not_in_catalog	YES	1010.31	812.07	728.55
PB.26557.5	Protein_PB.26557.5	IPO7	IPO7	full-splice_match	YES	266.0	190.29	224.67
PB.26557.6	Protein_PB.26557.6	IPO7	IPO7	incomplete-splice_match	YES	1024.37	949.27	664.69
PB.26557.7	Protein_PB.26557.7	IPO7	IPO7	incomplete-splice_match	YES	333.94	332.87	347.84
PB.26559.1	Protein_PB.26559.1	ZNF143	ZNF143	full-splice_match	YES	51.8	37.07	39.73
PB.26559.3	Protein_PB.26559.3	ZNF143	ZNF143	full-splice_match	YES	45.11	45.21	52.58
PB.2656.2	Protein_PB.2656.2	POLE4	POLE4	full-splice_match	YES	105.28	114.83	91.85
PB.26562.1	Protein_PB.26562.1	SWAP70	SWAP70	incomplete-splice_match	YES	21.34	28.25	20.18
PB.26562.12	Protein_PB.26562.12	SWAP70	SWAP70	incomplete-splice_match	YES	23.93	27.28	26.82
PB.26562.9	Protein_PB.26562.9	SWAP70	SWAP70	full-splice_match	YES	39.6	17.22	21.44
PB.26563.3	Protein_PB.26563.3	LOC113245770	LOC113245770	full-splice_match	YES	46.4	41.85	25.08
PB.26563.4	Protein_PB.26563.4	LOC113245770	LOC113245770	novel_in_catalog	YES	42.51	43.49	28.12
PB.26568.2	Protein_PB.26568.2	ADM	ADM	full-splice_match	YES	14.53	13.7	18.84
PB.26569.3	Protein_PB.26569.3	AMPD3	AMPD3	full-splice_match	YES	22.66	34.9	16.8
PB.26569.4	Protein_PB.26569.4	AMPD3	AMPD3	novel_not_in_catalog	YES	55.07	194.06	46.43
PB.2657.1	Protein_PB.2657.1	HK2	HK2	novel_not_in_catalog	YES	34.64	6.59	22.21
PB.2657.3	Protein_PB.2657.3	HK2	HK2	full-splice_match	YES	981.78	884.21	631.73
PB.26575.7	Protein_PB.26575.7	FAM160A2	FAM160A2	novel_not_in_catalog	YES	24.91	35.13	21.16
PB.26575.8	Protein_PB.26575.8	FAM160A2	FAM160A2	full-splice_match	YES	19.51	13.93	10.64
PB.26577.1	Protein_PB.26577.1	CAVIN3	CAVIN3	full-splice_match	YES	127.9	71.9	88.39
PB.26578.2	Protein_PB.26578.2	APBB1	APBB1	full-splice_match	YES	319.25	362.79	303.21
PB.26578.3	Protein_PB.26578.3	APBB1	APBB1	full-splice_match	YES	31.62	53.62	26.81
PB.26580.1	Protein_PB.26580.1	TRIM3	TRIM3	full-splice_match	YES	111.88	95.63	105.53
PB.26581.4	Protein_PB.26581.4	ARFIP2	ARFIP2	full-splice_match	YES	39.42	32.08	30.57
PB.26583.1	Protein_PB.26583.1	RRP8	RRP8	full-splice_match	YES	35.02	28.16	29.58
PB.26584.1	Protein_PB.26584.1	TAF10	TAF10	full-splice_match	YES	282.52	307.96	263.92
PB.26585.2	Protein_PB.26585.2	TPP1	TPP1	full-splice_match	YES	82.64	75.07	66.05
PB.26586.1	Protein_PB.26586.1	DCHS1	DCHS1	full-splice_match	YES	188.63	103.61	103.48
PB.26586.2	Protein_PB.26586.2	DCHS1	DCHS1	incomplete-splice_match	YES	20.93	16.63	22.41
PB.26587.1	Protein_PB.26587.1	MRPL17	MRPL17	full-splice_match	YES	303.07	295.9	287.88
PB.2659.3	Protein_PB.2659.3	SEMA4F	SEMA4F	full-splice_match	YES	21.76	23.67	21.66
PB.26605.4	Protein_PB.26605.4	RIC3	RIC3	full-splice_match	YES	7.81	17.45	11.78
PB.26609.4	Protein_PB.26609.4	TRIM66	TRIM66	full-splice_match	YES	7.8	11.35	17.4
PB.26610.7	Protein_PB.26610.7	ST5	ST5	full-splice_match	YES	43.21	26.35	33.45
PB.26613.1	Protein_PB.26613.1	TMEM9B	TMEM9B	full-splice_match	YES	39.74	47.04	26.09
PB.26613.3	Protein_PB.26613.3	TMEM9B	TMEM9B	novel_not_in_catalog	YES	76.51	41.58	46.85
PB.26613.4	Protein_PB.26613.4	TMEM9B	TMEM9B	full-splice_match	YES	272.54	324.26	322.22
PB.26615.1	Protein_PB.26615.1	SCUBE2	SCUBE2	full-splice_match	YES	45.59	18.04	36.27
PB.26615.10	Protein_PB.26615.10	SCUBE2	SCUBE2	novel_not_in_catalog	YES	17.68	10.64	26.29
PB.26616.1	Protein_PB.26616.1	DENND5A	DENND5A	full-splice_match	YES	280.05	252.18	238.38
PB.26616.4	Protein_PB.26616.4	DENND5A	DENND5A	full-splice_match	YES	22.91	24.53	29.75
PB.26616.5	Protein_PB.26616.5	DENND5A	DENND5A	full-splice_match	YES	208.77	152.05	166.53
PB.26618.1	Protein_PB.26618.1	TMEM41B	TMEM41B	full-splice_match	YES	29.29	24.41	60.58
PB.26618.4	Protein_PB.26618.4	LOC113245842_TMEM41B	LOC113245842_TMEM41B	fusion	YES	30.04	50.09	11.67
PB.26620.1		novelGene_LOC113245770_AS	novelGene_LOC113245770_AS	antisense	NO	81.33	101.83	103.59
PB.26621.2	Protein_PB.26621.2	SBF2	SBF2	full-splice_match	YES	27.86	63.37	58.31
PB.26621.3	Protein_PB.26621.3	SBF2	SBF2	full-splice_match	YES	201.58	131.43	136.6
PB.26621.4	Protein_PB.26621.4	SBF2	SBF2	novel_not_in_catalog	YES	93.67	79.71	105.07
PB.26624.10	Protein_PB.26624.10	RNF141	RNF141	novel_not_in_catalog	YES	27.26	30.69	24.9
PB.26624.3	Protein_PB.26624.3	RNF141	RNF141	full-splice_match	YES	51.6	62.24	43.46
PB.26624.5	Protein_PB.26624.5	RNF141	RNF141	full-splice_match	YES	26.37	47.65	10.43
PB.26624.6	Protein_PB.26624.6	RNF141	RNF141	full-splice_match	YES	12.77	22.66	17.13
PB.26624.8	Protein_PB.26624.8	RNF141	RNF141	full-splice_match	YES	13.57	0.26	28.48
PB.26625.1	Protein_PB.26625.1	LYVE1	LYVE1	full-splice_match	YES	25.88	12.26	16.07
PB.26625.2	Protein_PB.26625.2	LYVE1	LYVE1	novel_in_catalog	YES	44.33	25.33	58.64
PB.26626.2	Protein_PB.26626.2	MRVI1	MRVI1	full-splice_match	YES	36.51	35.18	36.56
PB.2663.5	Protein_PB.2663.5	HTRA2	HTRA2	incomplete-splice_match	YES	53.98	64.51	46.63
PB.26630.1	Protein_PB.26630.1	SMPD4	SMPD4	full-splice_match	YES	20.54	4.93	6.87
PB.26632.3	Protein_PB.26632.3	KLHL22	KLHL22	novel_in_catalog	YES	145.17	197.74	110.68
PB.26632.7	Protein_PB.26632.7	KLHL22	KLHL22	novel_not_in_catalog	YES	34.9	15.54	23.14
PB.26633.1	Protein_PB.26633.1	SCARF2	SCARF2	full-splice_match	YES	23.59	10.55	14.21
PB.26637.1	Protein_PB.26637.1	MRPL40	MRPL40	full-splice_match	YES	511.62	587.43	414.94
PB.26642.1	Protein_PB.26642.1	TBX1	TBX1	full-splice_match	YES	35.16	79.84	47.7
PB.26643.1	Protein_PB.26643.1	COMT	COMT	full-splice_match	YES	502.51	553.94	385.82
PB.26643.2	Protein_PB.26643.2	COMT	COMT	novel_in_catalog	YES	43.96	29.11	27.93
PB.26644.10	Protein_PB.26644.10	TANGO2	TANGO2	full-splice_match	YES	85.39	172.18	46.17
PB.26644.2	Protein_PB.26644.2	TANGO2	TANGO2	novel_in_catalog	YES	27.64	39.08	34.53
PB.26644.8	Protein_PB.26644.8	TANGO2	TANGO2	novel_in_catalog	YES	34.15	55.64	36.71
PB.26645.1	Protein_PB.26645.1	DGCR8	DGCR8	full-splice_match	YES	114.43	92.87	107.4
PB.26645.3	Protein_PB.26645.3	DGCR8	DGCR8	novel_in_catalog	YES	7.77	18.04	5.59
PB.26645.4	Protein_PB.26645.4	DGCR8	DGCR8	full-splice_match	YES	17.6	9.75	19.81
PB.26645.5	Protein_PB.26645.5	DGCR8	DGCR8	incomplete-splice_match	YES	7.63	4.2	18.77
PB.26646.1	Protein_PB.26646.1	RANBP1	RANBP1	full-splice_match	YES	14.52	15.22	20.49
PB.26646.2	Protein_PB.26646.2	RANBP1	RANBP1	full-splice_match	YES	88.1	88.61	92.26
PB.26647.1	Protein_PB.26647.1	ZDHHC8	ZDHHC8	full-splice_match	YES	44.99	30.07	49.45
PB.26648.4	Protein_PB.26648.4	LOC113245930	LOC113245930	full-splice_match	YES	15.8	20.7	22.24
PB.26651.1	Protein_PB.26651.1	FAM210A	FAM210A	full-splice_match	YES	36.63	30.05	54.76
PB.26651.3	Protein_PB.26651.3	FAM210A	FAM210A	full-splice_match	YES	203.77	274.53	151.06
PB.26655.6	Protein_PB.26655.6	PTPN2	PTPN2	incomplete-splice_match	YES	26.57	21.83	25.51
PB.26655.8	Protein_PB.26655.8	PTPN2	PTPN2	novel_in_catalog	YES	42.71	45.95	43.48
PB.26655.9	Protein_PB.26655.9	PTPN2	PTPN2	full-splice_match	YES	25.22	16.48	22.39
PB.26657.1	Protein_PB.26657.1	CEP76	CEP76	full-splice_match	YES	24.89	29.56	32.53
PB.26658.1	Protein_PB.26658.1	SPIRE1	SPIRE1	full-splice_match	YES	92.59	97.79	123.37
PB.2666.9	Protein_PB.2666.9	TTC31	TTC31	full-splice_match	YES	12.56	9.78	20.64
PB.26660.1	Protein_PB.26660.1	AFG3L2	AFG3L2	full-splice_match	YES	840.6	908.24	964.62
PB.26660.3	Protein_PB.26660.3	AFG3L2	AFG3L2	novel_not_in_catalog	YES	219.76	198.17	223.8
PB.26660.4	Protein_PB.26660.4	AFG3L2	AFG3L2	novel_in_catalog	YES	91.28	75.46	75.03
PB.26660.6	Protein_PB.26660.6	AFG3L2	AFG3L2	incomplete-splice_match	YES	737.85	738.63	822.02
PB.26662.1	Protein_PB.26662.1	MPPE1	MPPE1	full-splice_match	YES	18.04	30.67	25.97
PB.26664.2	Protein_PB.26664.2	P2RX6	P2RX6	full-splice_match	YES	80.98	100.62	126.57
PB.26664.3	Protein_PB.26664.3	P2RX6	P2RX6	novel_in_catalog	YES	40.09	29.46	90.66
PB.26665.1	Protein_PB.26665.1	MZT2B	MZT2B	full-splice_match	YES	273.98	232.25	254.15
PB.26665.2	Protein_PB.26665.2	MZT2B	MZT2B	full-splice_match	YES	36.75	46.95	16.09
PB.26666.1	Protein_PB.26666.1	MED15	MED15	full-splice_match	YES	41.18	21.24	39.9
PB.26666.2	Protein_PB.26666.2	MED15	MED15	novel_in_catalog	YES	37.84	48.74	38.47
PB.26666.6	Protein_PB.26666.6	MED15	MED15	novel_in_catalog	YES	7.65	9.71	22.81
PB.26666.8	Protein_PB.26666.8	MED15	MED15	novel_not_in_catalog	YES	4.5	12.93	24.21
PB.26668.2	Protein_PB.26668.2	ZNF74	ZNF74	full-splice_match	YES	35.46	29.18	22.79
PB.2667.1	Protein_PB.2667.1	WBP1	WBP1	full-splice_match	YES	130.98	133.86	180.38
PB.26671.1	Protein_PB.26671.1	DGCR2	DGCR2	full-splice_match	YES	125.68	167.15	163.06
PB.26671.2	Protein_PB.26671.2	DGCR2	DGCR2	full-splice_match	YES	110.03	68.82	140.64
PB.26672.1	Protein_PB.26672.1	ESS2	ESS2	full-splice_match	YES	32.55	37.1	35.15
PB.26672.4	Protein_PB.26672.4	ESS2	ESS2	novel_in_catalog	YES	47.93	45.15	61.77
PB.26674.1	Protein_PB.26674.1	SLC25A1	SLC25A1	full-splice_match	YES	41.11	24.95	41.68
PB.26674.2	Protein_PB.26674.2	SLC25A1	SLC25A1	novel_not_in_catalog	YES	37.79	25.24	41.69
PB.26675.1	Protein_PB.26675.1	CLTCL1	CLTCL1	full-splice_match	YES	66.87	49.51	70.43
PB.26675.2	Protein_PB.26675.2	CLTCL1	CLTCL1	novel_not_in_catalog	YES	31.57	27.68	99.73
PB.26675.3	Protein_PB.26675.3	CLTCL1	CLTCL1	novel_not_in_catalog	YES	84.27	120.44	173.06
PB.26675.4	Protein_PB.26675.4	CLTCL1	CLTCL1	novel_not_in_catalog	YES	67.53	100.78	85.32
PB.26675.5	Protein_PB.26675.5	CLTCL1	CLTCL1	novel_not_in_catalog	YES	23.36	21.02	30.57
PB.26675.6	Protein_PB.26675.6	CLTCL1	CLTCL1	novel_not_in_catalog	YES	106.4	172.79	223.33
PB.26675.7	Protein_PB.26675.7	CLTCL1	CLTCL1	novel_not_in_catalog	YES	1957.74	1967.89	2031.15
PB.26675.8	Protein_PB.26675.8	CLTCL1	CLTCL1	novel_not_in_catalog	YES	33.21	0.0	115.26
PB.26676.3	Protein_PB.26676.3	LOC113245911	LOC113245911	full-splice_match	YES	111.31	94.77	88.92
PB.26676.4	Protein_PB.26676.4	LOC113245911	LOC113245911	full-splice_match	YES	10.21	8.85	49.02
PB.26678.1	Protein_PB.26678.1	CUNH22orf39	CUNH22orf39	full-splice_match	YES	108.76	122.63	113.54
PB.26679.2	Protein_PB.26679.2	UFD1	UFD1	full-splice_match	YES	235.73	264.64	272.46
PB.2668.1	Protein_PB.2668.1	INO80B	INO80B	full-splice_match	YES	68.9	54.49	78.3
PB.26680.1	Protein_PB.26680.1	CLDN5	CLDN5	novel_in_catalog	YES	270.73	181.26	320.92
PB.26682.10	Protein_PB.26682.10	GNB1L	GNB1L	novel_in_catalog	YES	33.24	23.84	34.51
PB.26682.8	Protein_PB.26682.8	RTL10	RTL10	novel_not_in_catalog	YES	8.22	13.25	28.6
PB.26683.1	Protein_PB.26683.1	TXNRD2	TXNRD2	full-splice_match	YES	83.62	87.83	69.03
PB.26684.5	Protein_PB.26684.5	ARVCF	ARVCF	full-splice_match	YES	36.0	40.3	80.0
PB.26684.6	Protein_PB.26684.6	ARVCF	ARVCF	full-splice_match	YES	80.36	49.44	82.95
PB.26685.4	Protein_PB.26685.4	TRMT2A	TRMT2A	full-splice_match	YES	67.55	59.79	50.41
PB.26688.1	Protein_PB.26688.1	DGCR6L	DGCR6L	full-splice_match	YES	235.79	259.11	214.77
PB.26688.2	Protein_PB.26688.2	DGCR6L	DGCR6L	full-splice_match	YES	19.55	19.46	12.74
PB.26690.4	Protein_PB.26690.4	RNMT	RNMT	full-splice_match	YES	60.93	109.02	107.83
PB.26690.6	Protein_PB.26690.6	RNMT	RNMT	novel_not_in_catalog	YES	105.0	64.22	75.88
PB.26691.14	Protein_PB.26691.14	LDLRAD4	LDLRAD4	full-splice_match	YES	37.0	24.6	33.62
PB.26691.15	Protein_PB.26691.15	LDLRAD4	LDLRAD4	novel_not_in_catalog	YES	37.94	17.88	37.31
PB.26691.16	Protein_PB.26691.16	LDLRAD4	LDLRAD4	novel_in_catalog	YES	58.9	65.17	78.69
PB.26691.6	Protein_PB.26691.6	LDLRAD4	LDLRAD4	full-splice_match	YES	31.95	11.65	8.38
PB.26691.7	Protein_PB.26691.7	LDLRAD4	LDLRAD4	full-splice_match	YES	8.1	21.64	9.91
PB.26695.1	Protein_PB.26695.1	CEP192	CEP192	full-splice_match	YES	25.8	21.09	27.69
PB.26695.2	Protein_PB.26695.2	CEP192	CEP192	novel_not_in_catalog	YES	177.78	182.3	168.81
PB.26696.2	Protein_PB.26696.2	SEH1L	SEH1L	full-splice_match	YES	296.45	380.81	327.91
PB.26696.3	Protein_PB.26696.3	SEH1L	SEH1L	novel_in_catalog	YES	10.17	12.73	21.51
PB.26698.1	Protein_PB.26698.1	PSMG2	PSMG2	full-splice_match	YES	123.82	149.17	132.15
PB.26698.2	Protein_PB.26698.2	PSMG2	PSMG2	full-splice_match	YES	22.16	10.71	13.01
PB.2670.1	Protein_PB.2670.1	WDR54	WDR54	full-splice_match	YES	19.72	17.74	16.5
PB.26701.1	Protein_PB.26701.1	TUBB6	TUBB6	full-splice_match	YES	26.8	22.46	31.9
PB.26701.2	Protein_PB.26701.2	TUBB6_CIDEA	TUBB6_CIDEA	fusion	YES	74.22	54.56	55.63
PB.26701.4	Protein_PB.26701.4	TUBB6	TUBB6	novel_in_catalog	YES	85.76	40.44	83.66
PB.26703.1	Protein_PB.26703.1	IMPA2	IMPA2	full-splice_match	YES	464.44	452.12	449.89
PB.26703.2	Protein_PB.26703.2	IMPA2	IMPA2	full-splice_match	YES	81.05	121.08	172.67
PB.26706.1	Protein_PB.26706.1	CHMP1B	CHMP1B	full-splice_match	YES	168.35	177.15	188.25
PB.26706.3	Protein_PB.26706.3	CHMP1B	CHMP1B	full-splice_match	YES	122.56	137.19	120.59
PB.26708.10	Protein_PB.26708.10	ABHD4	ABHD4	incomplete-splice_match	YES	47.74	52.34	50.1
PB.26708.12	Protein_PB.26708.12	ABHD4	ABHD4	full-splice_match	YES	359.4	483.27	202.06
PB.26708.4	Protein_PB.26708.4	ABHD4	ABHD4	full-splice_match	YES	128.65	155.21	116.82
PB.26712.2	Protein_PB.26712.2	OXA1L	OXA1L	novel_not_in_catalog	YES	25.96	28.82	45.53
PB.26712.3	Protein_PB.26712.3	OXA1L	OXA1L	incomplete-splice_match	YES	1646.78	1641.59	1861.64
PB.26712.4	Protein_PB.26712.4	OXA1L	OXA1L	incomplete-splice_match	YES	28.64	33.7	14.78
PB.26713.1	Protein_PB.26713.1	MRPL52	MRPL52	full-splice_match	YES	374.79	368.71	372.32
PB.26713.2		MRPL52	MRPL52	full-splice_match	NO	79.33	64.64	68.32
PB.26714.1	Protein_PB.26714.1	MMP14	MMP14	full-splice_match	YES	164.17	73.44	189.8
PB.26715.1	Protein_PB.26715.1	LRP10	LRP10	full-splice_match	YES	199.28	156.51	174.15
PB.26715.2	Protein_PB.26715.2	LRP10	LRP10	incomplete-splice_match	YES	38.35	51.76	52.43
PB.26720.1	Protein_PB.26720.1	CUNH14orf119	CUNH14orf119	full-splice_match	YES	93.01	88.09	86.18
PB.26722.3	Protein_PB.26722.3	BCL2L2	BCL2L2	incomplete-splice_match	YES	149.5	121.92	168.29
PB.26722.4	Protein_PB.26722.4	PABPN1	PABPN1	full-splice_match	YES	69.87	55.85	63.1
PB.26722.6	Protein_PB.26722.6	PABPN1	PABPN1	full-splice_match	YES	26.76	16.97	19.84
PB.26725.1	Protein_PB.26725.1	NGDN	NGDN	full-splice_match	YES	82.45	93.43	101.44
PB.26726.1	Protein_PB.26726.1	THTPA	THTPA	full-splice_match	YES	198.79	157.31	208.94
PB.26729.1	Protein_PB.26729.1	LOC113246025	LOC113246025	novel_in_catalog	YES	68.11	62.72	61.41
PB.26729.6	Protein_PB.26729.6	LOC113246025	LOC113246025	full-splice_match	YES	1263.05	1354.31	1116.88
PB.26729.8	Protein_PB.26729.8	LOC113246025	LOC113246025	full-splice_match	YES	70.88	97.54	138.6
PB.2673.2	Protein_PB.2673.2	TET3	TET3	full-splice_match	YES	20.13	11.05	20.32
PB.26733.11	Protein_PB.26733.11	DCAF11	DCAF11	full-splice_match	YES	104.64	103.45	114.56
PB.26733.14	Protein_PB.26733.14	DCAF11	DCAF11	full-splice_match	YES	11.87	21.2	4.76
PB.26733.20	Protein_PB.26733.20	DCAF11	DCAF11	novel_not_in_catalog	YES	10.44	12.85	29.51
PB.26733.24	Protein_PB.26733.24	DCAF11	DCAF11	novel_in_catalog	YES	10.75	13.55	23.56
PB.26733.25	Protein_PB.26733.25	DCAF11	DCAF11	full-splice_match	YES	132.6	185.79	92.6
PB.26733.26	Protein_PB.26733.26	DCAF11	DCAF11	full-splice_match	YES	167.39	191.27	124.59
PB.26733.27	Protein_PB.26733.27	DCAF11	DCAF11	novel_in_catalog	YES	57.75	125.93	135.32
PB.26733.28	Protein_PB.26733.28	DCAF11	DCAF11	full-splice_match	YES	77.5	69.55	37.49
PB.26733.5	Protein_PB.26733.5	DCAF11	DCAF11	novel_in_catalog	YES	120.79	34.31	13.67
PB.26733.7	Protein_PB.26733.7	DCAF11	DCAF11	novel_in_catalog	YES	44.66	93.34	129.51
PB.26733.8	Protein_PB.26733.8	DCAF11	DCAF11	full-splice_match	YES	29.08	34.52	17.48
PB.26734.1	Protein_PB.26734.1	FITM1	FITM1	full-splice_match	YES	844.03	798.83	578.57
PB.26735.1	Protein_PB.26735.1	PSME1	PSME1	full-splice_match	YES	497.21	483.6	524.26
PB.26736.2	Protein_PB.26736.2	RNF31	RNF31	full-splice_match	YES	67.43	60.14	73.75
PB.26736.5	Protein_PB.26736.5	RNF31	RNF31	novel_in_catalog	YES	225.77	251.9	192.69
PB.26736.6	Protein_PB.26736.6	RNF31	RNF31	novel_in_catalog	YES	190.28	236.84	165.15
PB.26736.7	Protein_PB.26736.7	RNF31	RNF31	novel_in_catalog	YES	14.2	9.31	19.04
PB.26736.8	Protein_PB.26736.8	RNF31	RNF31	novel_in_catalog	YES	110.97	127.34	132.0
PB.26737.14	Protein_PB.26737.14	IRF9_REC8	IRF9_REC8	incomplete-splice_match	YES	56.96	52.67	55.2
PB.26737.6	Protein_PB.26737.6	IRF9_REC8	IRF9_REC8	fusion	YES	17.95	4.34	10.17
PB.26738.1	Protein_PB.26738.1	TSSK4	TSSK4	full-splice_match	YES	82.11	74.89	73.17
PB.26739.1	Protein_PB.26739.1	GMPR2	GMPR2	full-splice_match	YES	27.42	30.97	58.54
PB.26739.3	Protein_PB.26739.3	GMPR2	GMPR2	novel_not_in_catalog	YES	43.11	41.9	14.9
PB.26740.2	Protein_PB.26740.2	NOP9	NOP9	full-splice_match	YES	46.33	47.08	44.07
PB.26745.1	Protein_PB.26745.1	NYNRIN	NYNRIN	full-splice_match	YES	36.0	24.99	41.79
PB.26746.1	Protein_PB.26746.1	KHNYN	KHNYN	full-splice_match	YES	79.93	76.71	104.82
PB.26746.2	Protein_PB.26746.2	KHNYN	KHNYN	full-splice_match	YES	6.5	24.68	10.42
PB.26746.3	Protein_PB.26746.3	KHNYN	KHNYN	incomplete-splice_match	YES	85.38	68.53	104.26
PB.2675.1	Protein_PB.2675.1	DGUOK	DGUOK	full-splice_match	YES	56.08	60.16	52.75
PB.2675.4	Protein_PB.2675.4	DGUOK	DGUOK	novel_in_catalog	YES	21.9	29.55	33.09
PB.26752.1	Protein_PB.26752.1	DAD1	DAD1	full-splice_match	YES	277.13	327.25	289.67
PB.26755.2	Protein_PB.26755.2	RBM23	RBM23	full-splice_match	YES	32.4	39.73	39.85
PB.26756.1	Protein_PB.26756.1	PRMT5	PRMT5	full-splice_match	YES	78.07	81.58	75.33
PB.26756.2	Protein_PB.26756.2	PRMT5	PRMT5	novel_not_in_catalog	YES	60.88	24.94	64.06
PB.26756.3	Protein_PB.26756.3	PRMT5	PRMT5	full-splice_match	YES	96.49	161.47	139.31
PB.26756.9	Protein_PB.26756.9	PRMT5	PRMT5	novel_in_catalog	YES	19.72	12.36	20.8
PB.26757.2	Protein_PB.26757.2	HAUS4	HAUS4	full-splice_match	YES	20.95	15.57	22.11
PB.26757.6	Protein_PB.26757.6	HAUS4	HAUS4	full-splice_match	YES	25.08	31.08	49.91
PB.26757.7	Protein_PB.26757.7	HAUS4	HAUS4	full-splice_match	YES	30.63	33.22	37.67
PB.26758.1	Protein_PB.26758.1	AJUBA	AJUBA	full-splice_match	YES	48.14	39.34	42.47
PB.26759.2	Protein_PB.26759.2	CUNH14orf93	CUNH14orf93	full-splice_match	YES	12.57	7.32	17.93
PB.26759.5	Protein_PB.26759.5	CUNH14orf93	CUNH14orf93	full-splice_match	YES	3.61	22.76	8.96
PB.26759.8	Protein_PB.26759.8	CUNH14orf93	CUNH14orf93	full-splice_match	YES	22.47	8.93	17.99
PB.26759.9	Protein_PB.26759.9	CUNH14orf93	CUNH14orf93	full-splice_match	YES	19.46	8.87	15.83
PB.2676.12	Protein_PB.2676.12	STAMBP	STAMBP	full-splice_match	YES	10.99	23.83	23.51
PB.2676.13	Protein_PB.2676.13	STAMBP	STAMBP	novel_not_in_catalog	YES	103.42	100.14	93.56
PB.2676.2	Protein_PB.2676.2	ACTG2	ACTG2	full-splice_match	YES	64.25	30.14	38.19
PB.2676.9	Protein_PB.2676.9	STAMBP_LOC113243877	STAMBP_LOC113243877	fusion	YES	18.18	22.85	8.63
PB.26760.1	Protein_PB.26760.1	PSMB5	PSMB5	full-splice_match	YES	1113.79	1249.56	1105.12
PB.26762.1	Protein_PB.26762.1	ACIN1	ACIN1	full-splice_match	YES	105.91	135.05	125.59
PB.26762.12	Protein_PB.26762.12	ACIN1	ACIN1	novel_not_in_catalog	YES	17.82	27.6	12.05
PB.26762.13	Protein_PB.26762.13	ACIN1	ACIN1	novel_in_catalog	YES	22.98	20.91	19.11
PB.26762.14	Protein_PB.26762.14	ACIN1	ACIN1	novel_not_in_catalog	YES	18.73	10.83	23.43
PB.26762.3	Protein_PB.26762.3	ACIN1	ACIN1	full-splice_match	YES	45.92	28.83	40.3
PB.26762.8	Protein_PB.26762.8	ACIN1	ACIN1	novel_in_catalog	YES	124.53	92.63	145.15
PB.26762.9	Protein_PB.26762.9	ACIN1	ACIN1	novel_in_catalog	YES	125.37	167.29	168.11
PB.26765.2	Protein_PB.26765.2	SLC7A8	SLC7A8	novel_not_in_catalog	YES	15.59	19.72	19.33
PB.26765.4	Protein_PB.26765.4	SLC7A8	SLC7A8	full-splice_match	YES	24.64	15.96	14.54
PB.26767.1	Protein_PB.26767.1	HOMEZ	HOMEZ	full-splice_match	YES	34.4	29.17	27.47
PB.26768.5		PPP1R3E	PPP1R3E	novel_in_catalog	NO	5.79	3.08	27.09
PB.26769.1	Protein_PB.26769.1	SLC22A17	SLC22A17	full-splice_match	YES	43.0	27.71	33.65
PB.26771.1	Protein_PB.26771.1	LOC113246045	LOC113246045	full-splice_match	YES	17230.87	20188.49	12571.47
PB.26771.11	Protein_PB.26771.11	LOC113245998	LOC113245998	novel_not_in_catalog	YES	319.41	603.52	458.8
PB.26771.12	Protein_PB.26771.12	LOC113245998	LOC113245998	novel_not_in_catalog	YES	190.89	237.33	61.3
PB.26771.14	Protein_PB.26771.14	LOC113245998	LOC113245998	novel_not_in_catalog	YES	44.8	51.13	19.9
PB.26771.15	Protein_PB.26771.15	LOC113245998	LOC113245998	novel_not_in_catalog	YES	74.44	99.53	63.77
PB.26771.16	Protein_PB.26771.16	LOC113245998	LOC113245998	novel_not_in_catalog	YES	539.33	565.16	436.52
PB.26771.18	Protein_PB.26771.18	LOC113245998	LOC113245998	novel_not_in_catalog	YES	245.06	276.28	227.49
PB.26771.19	Protein_PB.26771.19	LOC113245998	LOC113245998	novel_not_in_catalog	YES	85.9	137.73	77.72
PB.26771.2	Protein_PB.26771.2	LOC113246045_LOC113245998	LOC113246045_LOC113245998	fusion	YES	120204.35	139704.85	90800.13
PB.26771.20	Protein_PB.26771.20	LOC113245998	LOC113245998	novel_not_in_catalog	YES	104.91	136.32	148.63
PB.26771.21	Protein_PB.26771.21	LOC113245998	LOC113245998	novel_not_in_catalog	YES	68.47	53.77	58.27
PB.26771.23	Protein_PB.26771.23	LOC113245998	LOC113245998	novel_not_in_catalog	YES	108.0	77.5	68.66
PB.26771.24	Protein_PB.26771.24	LOC113245998	LOC113245998	novel_not_in_catalog	YES	22.01	43.22	20.95
PB.26771.25	Protein_PB.26771.25	LOC113245998	LOC113245998	novel_not_in_catalog	YES	75.48	118.23	160.46
PB.26771.26	Protein_PB.26771.26	LOC113245998	LOC113245998	novel_not_in_catalog	YES	33.06	35.23	23.12
PB.26771.27	Protein_PB.26771.27	LOC113245998	LOC113245998	novel_not_in_catalog	YES	101.7	89.56	73.15
PB.26771.28	Protein_PB.26771.28	LOC113245998	LOC113245998	novel_not_in_catalog	YES	95247.59	112975.15	74714.07
PB.26771.29	Protein_PB.26771.29	LOC113245998	LOC113245998	novel_not_in_catalog	YES	1617.63	2333.58	2104.7
PB.26771.3	Protein_PB.26771.3	LOC113246045_LOC113245998	LOC113246045_LOC113245998	fusion	YES	49315.97	59589.72	30776.42
PB.26771.30	Protein_PB.26771.30	LOC113245998	LOC113245998	novel_not_in_catalog	YES	383.19	435.28	262.15
PB.26771.31	Protein_PB.26771.31	LOC113245998	LOC113245998	novel_not_in_catalog	YES	16.99	23.62	4.08
PB.26771.33	Protein_PB.26771.33	LOC113245998	LOC113245998	novel_not_in_catalog	YES	116.39	109.4	168.04
PB.26771.34	Protein_PB.26771.34	LOC113245998	LOC113245998	novel_not_in_catalog	YES	553.25	651.54	568.07
PB.26771.35	Protein_PB.26771.35	LOC113245998	LOC113245998	novel_not_in_catalog	YES	32.4	52.9	65.83
PB.26771.37	Protein_PB.26771.37	LOC113245998	LOC113245998	novel_not_in_catalog	YES	15.64	18.01	106.2
PB.26771.38	Protein_PB.26771.38	LOC113245998	LOC113245998	novel_not_in_catalog	YES	517.89	599.05	353.37
PB.26771.4	Protein_PB.26771.4	LOC113245998	LOC113245998	novel_not_in_catalog	YES	29027.68	33955.1	23164.37
PB.26771.40	Protein_PB.26771.40	LOC113245998	LOC113245998	novel_not_in_catalog	YES	313.46	336.85	142.04
PB.26771.42	Protein_PB.26771.42	LOC113245998	LOC113245998	novel_not_in_catalog	YES	129.52	120.28	85.11
PB.26771.43	Protein_PB.26771.43	LOC113245998	LOC113245998	novel_not_in_catalog	YES	604.39	764.83	646.3
PB.26771.44	Protein_PB.26771.44	LOC113245998	LOC113245998	novel_not_in_catalog	YES	222.26	348.0	300.36
PB.26771.45	Protein_PB.26771.45	LOC113245998	LOC113245998	novel_not_in_catalog	YES	36.4	41.95	52.16
PB.26771.46	Protein_PB.26771.46	LOC113245998	LOC113245998	novel_not_in_catalog	YES	395.02	421.96	241.95
PB.26771.47	Protein_PB.26771.47	LOC113245998	LOC113245998	novel_not_in_catalog	YES	220.25	350.17	267.35
PB.26771.49	Protein_PB.26771.49	LOC113245998	LOC113245998	novel_not_in_catalog	YES	70.68	80.33	57.23
PB.26771.5	Protein_PB.26771.5	LOC113245998	LOC113245998	novel_in_catalog	YES	162.47	223.26	140.31
PB.26771.50	Protein_PB.26771.50	LOC113245998	LOC113245998	novel_not_in_catalog	YES	27156.12	30762.63	20199.19
PB.26771.51	Protein_PB.26771.51	LOC113245998	LOC113245998	novel_not_in_catalog	YES	107.87	25.19	66.07
PB.26771.52	Protein_PB.26771.52	LOC113245998	LOC113245998	novel_not_in_catalog	YES	142.06	125.29	104.87
PB.26771.53	Protein_PB.26771.53	LOC113245998	LOC113245998	novel_not_in_catalog	YES	151.31	174.0	126.09
PB.26771.54	Protein_PB.26771.54	LOC113245998	LOC113245998	novel_not_in_catalog	YES	495.25	353.98	236.55
PB.26771.55	Protein_PB.26771.55	LOC113245998	LOC113245998	novel_not_in_catalog	YES	48.73	48.28	44.28
PB.26771.57	Protein_PB.26771.57	LOC113245998	LOC113245998	novel_not_in_catalog	YES	152.73	162.47	89.28
PB.26771.58	Protein_PB.26771.58	LOC113245998	LOC113245998	novel_not_in_catalog	YES	103064.99	118702.49	70659.8
PB.26771.59	Protein_PB.26771.59	LOC113245998	LOC113245998	novel_not_in_catalog	YES	45.06	83.08	68.87
PB.26771.6	Protein_PB.26771.6	LOC113245998	LOC113245998	novel_not_in_catalog	YES	874.98	1374.71	1255.29
PB.26771.60	Protein_PB.26771.60	LOC113245998	LOC113245998	novel_not_in_catalog	YES	310.66	268.4	140.51
PB.26771.63	Protein_PB.26771.63	LOC113245998	LOC113245998	novel_not_in_catalog	YES	129.22	129.67	106.11
PB.26771.64	Protein_PB.26771.64	LOC113245998	LOC113245998	novel_not_in_catalog	YES	43.09	26.87	28.81
PB.26771.65	Protein_PB.26771.65	LOC113245998	LOC113245998	novel_not_in_catalog	YES	741.33	993.47	760.99
PB.26771.66	Protein_PB.26771.66	LOC113245998	LOC113245998	novel_not_in_catalog	YES	57297.39	65062.03	39603.07
PB.26771.67	Protein_PB.26771.67	LOC113245998	LOC113245998	novel_not_in_catalog	YES	73.29	88.29	72.66
PB.26771.68	Protein_PB.26771.68	LOC113245998	LOC113245998	novel_not_in_catalog	YES	50.13	58.63	37.45
PB.26771.69	Protein_PB.26771.69	LOC113245998	LOC113245998	novel_not_in_catalog	YES	331.3	355.59	279.33
PB.26771.7	Protein_PB.26771.7	LOC113245998	LOC113245998	novel_not_in_catalog	YES	150.17	165.69	147.1
PB.26771.70	Protein_PB.26771.70	LOC113245998	LOC113245998	novel_not_in_catalog	YES	5449.14	7052.03	2592.48
PB.26771.71	Protein_PB.26771.71	LOC113245998	LOC113245998	novel_not_in_catalog	YES	28.86	35.79	35.26
PB.26771.72	Protein_PB.26771.72	LOC113245998	LOC113245998	novel_not_in_catalog	YES	195.82	194.76	122.23
PB.26771.73	Protein_PB.26771.73	LOC113245998	LOC113245998	novel_not_in_catalog	YES	249.31	308.92	212.15
PB.26771.74	Protein_PB.26771.74	LOC113245998	LOC113245998	novel_not_in_catalog	YES	112.81	161.82	89.75
PB.26771.8	Protein_PB.26771.8	LOC113245998	LOC113245998	novel_not_in_catalog	YES	2934.22	2783.81	1603.74
PB.26771.80	Protein_PB.26771.80	LOC113245998	LOC113245998	novel_not_in_catalog	YES	729.38	1129.6	4448.73
PB.26771.81	Protein_PB.26771.81	LOC113245998	LOC113245998	novel_not_in_catalog	YES	1749.31	941.47	39.13
PB.26771.85	Protein_PB.26771.85	LOC113245998	LOC113245998	novel_not_in_catalog	YES	65.81	71.55	57.83
PB.26771.88	Protein_PB.26771.88	LOC113245998	LOC113245998	novel_not_in_catalog	YES	112.46	157.79	111.31
PB.26771.89	Protein_PB.26771.89	LOC113245998	LOC113245998	novel_not_in_catalog	YES	53.54	120.9	69.93
PB.26771.91	Protein_PB.26771.91	LOC113245998	LOC113245998	novel_not_in_catalog	YES	29.23	13.44	16.84
PB.26777.1	Protein_PB.26777.1	EMC9	EMC9	full-splice_match	YES	427.6	420.64	403.32
PB.26778.6	Protein_PB.26778.6	PSME2	PSME2	full-splice_match	YES	164.89	158.2	257.33
PB.26779.1	Protein_PB.26779.1	IPO4	IPO4	full-splice_match	YES	149.04	164.13	215.81
PB.26780.2	Protein_PB.26780.2	TM9SF1	TM9SF1	novel_not_in_catalog	YES	9.07	8.06	17.82
PB.26780.3	Protein_PB.26780.3	TM9SF1	TM9SF1	full-splice_match	YES	130.79	134.62	120.06
PB.26782.1	Protein_PB.26782.1	CHMP4A	CHMP4A	incomplete-splice_match	YES	155.78	164.11	217.88
PB.26782.2	Protein_PB.26782.2	CHMP4A	CHMP4A	novel_not_in_catalog	YES	17.94	19.39	55.76
PB.26783.2	Protein_PB.26783.2	LOC113246034	LOC113246034	full-splice_match	YES	175.8	220.05	123.01
PB.26783.3		NEDD8_LOC113246034	NEDD8_LOC113246034	fusion	NO	33.67	29.04	26.09
PB.26783.6		NEDD8	NEDD8	full-splice_match	NO	509.16	560.02	458.35
PB.26784.1	Protein_PB.26784.1	TINF2	TINF2	novel_in_catalog	YES	39.71	33.35	47.36
PB.26784.2	Protein_PB.26784.2	TINF2	TINF2	novel_not_in_catalog	YES	76.06	73.71	92.41
PB.26785.5	Protein_PB.26785.5	RABGGTA	RABGGTA	full-splice_match	YES	72.43	48.7	77.38
PB.26785.6	Protein_PB.26785.6	RABGGTA	RABGGTA	full-splice_match	YES	47.55	37.42	56.38
PB.26785.8	Protein_PB.26785.8	RABGGTA	RABGGTA	novel_in_catalog	YES	8.61	45.62	1.35
PB.2679.10	Protein_PB.2679.10	ALMS1	ALMS1	full-splice_match	YES	61.49	39.49	52.76
PB.2679.4	Protein_PB.2679.4	ALMS1	ALMS1	full-splice_match	YES	207.17	177.61	274.54
PB.2679.8	Protein_PB.2679.8	ALMS1	ALMS1	full-splice_match	YES	9.99	13.32	30.51
PB.26791.1	Protein_PB.26791.1	SDR39U1	SDR39U1	novel_not_in_catalog	YES	17.6	8.86	7.35
PB.26791.6	Protein_PB.26791.6	SDR39U1	SDR39U1	full-splice_match	YES	17.45	27.51	31.86
PB.26791.8	Protein_PB.26791.8	SDR39U1	SDR39U1	novel_not_in_catalog	YES	93.86	84.71	94.87
PB.26791.9	Protein_PB.26791.9	SDR39U1	SDR39U1	full-splice_match	YES	44.74	65.09	30.79
PB.26799.1	Protein_PB.26799.1	STXBP6	STXBP6	full-splice_match	YES	39.81	26.18	40.86
PB.268.17	Protein_PB.268.17	PHLDB2	PHLDB2	full-splice_match	YES	68.53	44.96	51.76
PB.268.2	Protein_PB.268.2	PHLDB2	PHLDB2	full-splice_match	YES	21.11	6.61	9.65
PB.268.25	Protein_PB.268.25	ABHD10	ABHD10	full-splice_match	YES	20.29	22.07	12.68
PB.268.28	Protein_PB.268.28	ABHD10	ABHD10	novel_not_in_catalog	YES	50.94	56.34	30.8
PB.268.7	Protein_PB.268.7	PHLDB2	PHLDB2	novel_in_catalog	YES	8.68	20.86	28.86
PB.2680.1	Protein_PB.2680.1	CCT7	CCT7	full-splice_match	YES	1445.37	1487.74	1215.76
PB.26803.1	Protein_PB.26803.1	NOVA1	NOVA1	full-splice_match	YES	39.41	27.66	30.94
PB.2681.7	Protein_PB.2681.7	SMYD5	SMYD5	full-splice_match	YES	92.58	93.52	105.94
PB.26810.1	Protein_PB.26810.1	TCHH	TCHH	full-splice_match	YES	32.44	33.81	37.75
PB.26812.1	Protein_PB.26812.1	S100A11	S100A11	full-splice_match	YES	146.96	101.07	141.79
PB.26813.1	Protein_PB.26813.1	S100A10	S100A10	full-splice_match	YES	880.34	657.19	547.05
PB.26815.1	Protein_PB.26815.1	THEM4	THEM4	full-splice_match	YES	73.96	80.46	91.78
PB.26818.1	Protein_PB.26818.1	RORC	RORC	novel_not_in_catalog	YES	26.15	31.67	51.97
PB.26818.12	Protein_PB.26818.12	RORC	RORC	incomplete-splice_match	YES	107.31	177.94	224.72
PB.26818.13	Protein_PB.26818.13	LINGO4	LINGO4	full-splice_match	YES	12.12	15.33	16.97
PB.26818.2	Protein_PB.26818.2	RORC	RORC	novel_not_in_catalog	YES	133.03	170.4	185.88
PB.26818.3	Protein_PB.26818.3	RORC	RORC	full-splice_match	YES	68.74	74.58	43.02
PB.26818.5	Protein_PB.26818.5	RORC	RORC	incomplete-splice_match	YES	22.11	16.77	12.4
PB.26818.6	Protein_PB.26818.6	LINGO4_RORC	LINGO4_RORC	full-splice_match	YES	109.09	107.46	127.11
PB.26819.2	Protein_PB.26819.2	TDRKH	TDRKH	novel_not_in_catalog	YES	28.19	21.55	17.36
PB.26820.3	Protein_PB.26820.3	MRPL9	MRPL9	full-splice_match	YES	383.49	430.97	368.34
PB.26825.5	Protein_PB.26825.5	POGZ	POGZ	full-splice_match	YES	98.01	71.37	96.13
PB.26827.2	Protein_PB.26827.2	SELENBP1	SELENBP1	full-splice_match	YES	5.71	15.95	21.37
PB.26827.4	Protein_PB.26827.4	SELENBP1	SELENBP1	full-splice_match	YES	483.77	909.98	513.4
PB.26828.1	Protein_PB.26828.1	RFX5	RFX5	incomplete-splice_match	YES	56.3	47.0	91.23
PB.26829.12	Protein_PB.26829.12	PI4KB	PI4KB	novel_in_catalog	YES	30.06	0.0	22.79
PB.26829.26	Protein_PB.26829.26	PI4KB	PI4KB	novel_in_catalog	YES	14.23	43.08	13.78
PB.26829.28	Protein_PB.26829.28	PI4KB	PI4KB	novel_in_catalog	YES	17.67	32.65	7.32
PB.26829.29	Protein_PB.26829.29	PI4KB	PI4KB	novel_not_in_catalog	YES	29.08	22.81	54.76
PB.26829.6	Protein_PB.26829.6	PI4KB	PI4KB	full-splice_match	YES	52.99	34.44	46.9
PB.26829.7	Protein_PB.26829.7	PI4KB	PI4KB	full-splice_match	YES	40.46	86.48	51.87
PB.26831.3	Protein_PB.26831.3	VPS72	VPS72	full-splice_match	YES	396.46	439.28	372.68
PB.26832.1	Protein_PB.26832.1	TMOD4	TMOD4	novel_in_catalog	YES	35.85	25.49	44.52
PB.26832.14	Protein_PB.26832.14	TMOD4	TMOD4	novel_not_in_catalog	YES	4906.25	5143.9	4445.2
PB.26832.15	Protein_PB.26832.15	TMOD4	TMOD4	incomplete-splice_match	YES	7547.08	8223.85	7455.59
PB.26832.2	Protein_PB.26832.2	TMOD4	TMOD4	novel_in_catalog	YES	133.97	138.88	228.41
PB.26832.3	Protein_PB.26832.3	TMOD4	TMOD4	novel_not_in_catalog	YES	8795.4	9225.59	8063.02
PB.26832.4	Protein_PB.26832.4	TMOD4	TMOD4	novel_in_catalog	YES	17.09	12.83	15.55
PB.26833.2	Protein_PB.26833.2	LYSMD1	LYSMD1	full-splice_match	YES	68.6	75.83	93.54
PB.26833.3	Protein_PB.26833.3	LYSMD1	LYSMD1	novel_not_in_catalog	YES	30.11	26.23	43.74
PB.26834.1	Protein_PB.26834.1	SEMA6C	SEMA6C	full-splice_match	YES	300.18	313.91	349.63
PB.26834.2	Protein_PB.26834.2	SEMA6C	SEMA6C	full-splice_match	YES	83.46	52.22	109.15
PB.26835.1		LOC113246135	LOC113246135	full-splice_match	NO	28.23	30.46	42.28
PB.26836.3		CDC42SE1	CDC42SE1	full-splice_match	NO	160.1	139.19	164.53
PB.26836.4		CDC42SE1	CDC42SE1	full-splice_match	NO	44.73	40.99	36.07
PB.26837.1	Protein_PB.26837.1	MINDY1	MINDY1	novel_in_catalog	YES	214.02	213.43	160.56
PB.26837.2	Protein_PB.26837.2	MINDY1	MINDY1	full-splice_match	YES	13.17	18.98	17.16
PB.26837.3	Protein_PB.26837.3	MINDY1	MINDY1	novel_in_catalog	YES	188.51	210.89	185.98
PB.26838.1	Protein_PB.26838.1	CERS2	CERS2	novel_not_in_catalog	YES	29.95	23.85	31.38
PB.26838.14	Protein_PB.26838.14	CERS2	CERS2	novel_not_in_catalog	YES	17.18	18.46	26.84
PB.26838.16	Protein_PB.26838.16	CERS2	CERS2	novel_not_in_catalog	YES	24.32	25.66	29.85
PB.26838.3	Protein_PB.26838.3	CERS2	CERS2	full-splice_match	YES	33.31	31.86	40.38
PB.2684.1	Protein_PB.2684.1	SPR	SPR	full-splice_match	YES	455.32	487.94	289.15
PB.26841.10	Protein_PB.26841.10	ARNT_CTSK	ARNT_CTSK	fusion	YES	33.62	25.29	42.82
PB.26841.2	Protein_PB.26841.2	ARNT	ARNT	novel_in_catalog	YES	25.31	27.88	34.83
PB.26841.20	Protein_PB.26841.20	ARNT	ARNT	novel_not_in_catalog	YES	38.15	35.27	38.22
PB.26841.21	Protein_PB.26841.21	ARNT	ARNT	incomplete-splice_match	YES	227.66	170.93	192.93
PB.26841.23	Protein_PB.26841.23	CTSK	CTSK	full-splice_match	YES	232.83	143.74	232.8
PB.26841.4	Protein_PB.26841.4	ARNT	ARNT	full-splice_match	YES	86.32	91.48	41.44
PB.26841.7	Protein_PB.26841.7	ARNT	ARNT	full-splice_match	YES	25.72	51.78	43.9
PB.26841.9	Protein_PB.26841.9	ARNT	ARNT	full-splice_match	YES	150.12	142.51	162.67
PB.26842.2	Protein_PB.26842.2	CTSS	CTSS	full-splice_match	YES	24.65	25.79	28.29
PB.26842.3	Protein_PB.26842.3	CTSS	CTSS	incomplete-splice_match	YES	40.25	22.85	39.2
PB.26844.1	Protein_PB.26844.1	GOLPH3L	GOLPH3L	full-splice_match	YES	25.02	23.04	22.58
PB.26844.2	Protein_PB.26844.2	GOLPH3L	GOLPH3L	novel_not_in_catalog	YES	36.74	30.83	39.66
PB.26844.4	Protein_PB.26844.4	GOLPH3L	GOLPH3L	full-splice_match	YES	62.9	56.23	55.0
PB.26845.1		ENSA	ENSA	novel_in_catalog	NO	702.22	787.43	670.36
PB.26845.2	Protein_PB.26845.2	ENSA	ENSA	incomplete-splice_match	YES	141.42	140.53	82.7
PB.26845.3	Protein_PB.26845.3	ENSA	ENSA	novel_not_in_catalog	YES	180.45	203.39	217.56
PB.26845.6	Protein_PB.26845.6	ENSA	ENSA	full-splice_match	YES	42.58	27.36	56.1
PB.26845.8	Protein_PB.26845.8	ENSA	ENSA	novel_not_in_catalog	YES	77.15	75.16	116.83
PB.26846.1	Protein_PB.26846.1	MCL1	MCL1	full-splice_match	YES	684.73	726.13	748.48
PB.26846.2	Protein_PB.26846.2	MCL1	MCL1	novel_in_catalog	YES	37.19	25.95	38.21
PB.26847.1		novelGene_LOC113246178_AS	novelGene_LOC113246178_AS	antisense	NO	548.4	487.27	365.33
PB.26849.1	Protein_PB.26849.1	APH1A	APH1A	incomplete-splice_match	YES	107.94	96.26	124.26
PB.26849.2	Protein_PB.26849.2	APH1A	APH1A	full-splice_match	YES	51.31	77.36	39.6
PB.26850.1	Protein_PB.26850.1	LOC113246184	LOC113246184	full-splice_match	YES	57.67	50.7	30.37
PB.26850.3	Protein_PB.26850.3	LOC113246184	LOC113246184	full-splice_match	YES	17.67	16.8	12.79
PB.26852.4	Protein_PB.26852.4	ANP32E	ANP32E	incomplete-splice_match	YES	130.23	107.88	139.62
PB.26852.8	Protein_PB.26852.8	ANP32E	ANP32E	novel_not_in_catalog	YES	322.03	287.41	426.26
PB.26854.1	Protein_PB.26854.1	OTUD7B	OTUD7B	full-splice_match	YES	512.26	471.57	552.0
PB.26854.2	Protein_PB.26854.2	OTUD7B	OTUD7B	full-splice_match	YES	68.84	160.17	142.52
PB.26856.1	Protein_PB.26856.1	SF3B4	SF3B4	full-splice_match	YES	27.52	30.58	29.39
PB.26856.2	Protein_PB.26856.2	SF3B4	SF3B4	incomplete-splice_match	YES	31.68	23.89	37.51
PB.26858.1		LOC113246223	LOC113246223	full-splice_match	NO	1010.63	1203.2	1174.48
PB.26859.1	Protein_PB.26859.1	LOC113246101	LOC113246101	full-splice_match	YES	254.05	270.97	250.1
PB.2686.1	Protein_PB.2686.1	DYSF	DYSF	novel_not_in_catalog	YES	82.59	83.74	95.25
PB.2686.10	Protein_PB.2686.10	DYSF	DYSF	novel_not_in_catalog	YES	259.93	178.27	215.58
PB.2686.13	Protein_PB.2686.13	DYSF	DYSF	novel_not_in_catalog	YES	145.28	230.46	162.48
PB.2686.15	Protein_PB.2686.15	DYSF	DYSF	novel_not_in_catalog	YES	425.21	234.98	552.69
PB.2686.16	Protein_PB.2686.16	DYSF	DYSF	novel_not_in_catalog	YES	20.2	8.05	21.56
PB.2686.2	Protein_PB.2686.2	DYSF	DYSF	full-splice_match	YES	68.15	36.76	60.83
PB.2686.5	Protein_PB.2686.5	DYSF	DYSF	full-splice_match	YES	9.81	28.15	35.43
PB.2686.7	Protein_PB.2686.7	DYSF	DYSF	full-splice_match	YES	20.9	13.55	47.29
PB.26860.2	Protein_PB.26860.2	LOC113246148	LOC113246148	full-splice_match	YES	78.74	66.76	136.87
PB.2687.11	Protein_PB.2687.11	ZNF638	ZNF638	novel_in_catalog	YES	251.34	249.52	469.75
PB.2687.12	Protein_PB.2687.12	ZNF638	ZNF638	novel_in_catalog	YES	219.92	179.24	349.16
PB.2687.13	Protein_PB.2687.13	ZNF638	ZNF638	novel_not_in_catalog	YES	37.01	79.83	78.27
PB.2687.18	Protein_PB.2687.18	ZNF638	ZNF638	novel_not_in_catalog	YES	53.32	77.64	141.43
PB.2687.20	Protein_PB.2687.20	ZNF638	ZNF638	novel_not_in_catalog	YES	156.82	170.18	128.1
PB.2687.21	Protein_PB.2687.21	ZNF638	ZNF638	novel_not_in_catalog	YES	71.77	48.77	106.24
PB.2687.4	Protein_PB.2687.4	ZNF638	ZNF638	full-splice_match	YES	231.25	73.3	93.05
PB.2687.5	Protein_PB.2687.5	ZNF638	ZNF638	full-splice_match	YES	2.33	23.95	14.81
PB.2687.7	Protein_PB.2687.7	ZNF638	ZNF638	novel_not_in_catalog	YES	182.19	246.88	86.95
PB.2687.8	Protein_PB.2687.8	ZNF638	ZNF638	novel_not_in_catalog	YES	32.79	39.24	56.0
PB.26870.1	Protein_PB.26870.1	LOC113246229	LOC113246229	full-splice_match	YES	6359.83	4180.6	6197.17
PB.26891.4	Protein_PB.26891.4	SNX27	SNX27	full-splice_match	YES	172.38	167.31	179.96
PB.26895.1	Protein_PB.26895.1	PSMB4	PSMB4	full-splice_match	YES	647.29	702.27	658.73
PB.26896.1	Protein_PB.26896.1	ZNF687	ZNF687	full-splice_match	YES	75.55	75.74	114.56
PB.26896.4	Protein_PB.26896.4	ZNF687	ZNF687	novel_in_catalog	YES	17.53	12.11	43.4
PB.26897.22	Protein_PB.26897.22	PSMD4	PSMD4	novel_in_catalog	YES	12.99	10.85	56.62
PB.26897.5	Protein_PB.26897.5	PSMD4	PSMD4	novel_in_catalog	YES	38.33	38.89	95.04
PB.26897.6	Protein_PB.26897.6	PSMD4	PSMD4	full-splice_match	YES	21.22	25.2	9.14
PB.26897.9	Protein_PB.26897.9	PSMD4	PSMD4	full-splice_match	YES	904.84	1051.63	925.86
PB.26898.6	Protein_PB.26898.6	PIP5K1A	PIP5K1A	full-splice_match	YES	122.46	102.89	97.92
PB.26898.9	Protein_PB.26898.9	PIP5K1A	PIP5K1A	novel_not_in_catalog	YES	92.74	127.18	114.1
PB.26899.1	Protein_PB.26899.1	SCNM1	SCNM1	full-splice_match	YES	452.82	542.9	578.37
PB.26901.1	Protein_PB.26901.1	GABPB2	GABPB2	full-splice_match	YES	60.65	44.44	44.03
PB.26901.3	Protein_PB.26901.3	GABPB2	GABPB2	full-splice_match	YES	66.16	52.58	95.57
PB.26902.1		MLLT11	MLLT11	full-splice_match	NO	504.22	500.85	342.43
PB.26902.2		MLLT11	MLLT11	full-splice_match	NO	18.31	15.45	13.5
PB.26904.3	Protein_PB.26904.3	PRUNE1	PRUNE1	full-splice_match	YES	87.43	99.7	113.01
PB.26906.2	Protein_PB.26906.2	SETDB1	SETDB1	full-splice_match	YES	50.26	82.07	108.31
PB.26906.5	Protein_PB.26906.5	SETDB1	SETDB1	full-splice_match	YES	67.32	27.84	31.93
PB.26907.1		LOC113246118	LOC113246118	full-splice_match	NO	241.18	203.15	195.18
PB.2691.1	Protein_PB.2691.1	NAGK	NAGK	full-splice_match	YES	56.73	92.73	76.71
PB.2691.9	Protein_PB.2691.9	NAGK	NAGK	novel_not_in_catalog	YES	53.28	15.22	33.18
PB.26911.2	Protein_PB.26911.2	ADAMTSL4	ADAMTSL4	full-splice_match	YES	18.62	21.68	8.95
PB.26911.3	Protein_PB.26911.3	ADAMTSL4	ADAMTSL4	full-splice_match	YES	4.95	8.17	18.12
PB.26911.5	Protein_PB.26911.5	ADAMTSL4	ADAMTSL4	novel_not_in_catalog	YES	84.52	86.37	51.09
PB.26911.6	Protein_PB.26911.6	ADAMTSL4	ADAMTSL4	novel_in_catalog	YES	51.73	52.84	25.28
PB.26912.10		LOC113246178	LOC113246178	novel_not_in_catalog	NO	12.56	20.48	11.71
PB.26912.2		LOC113246178	LOC113246178	novel_not_in_catalog	NO	63.85	41.81	29.61
PB.26912.5		LOC113246178	LOC113246178	novel_not_in_catalog	NO	18.95	13.45	17.0
PB.26912.6		LOC113246178	LOC113246178	novel_not_in_catalog	NO	40.03	38.92	35.33
PB.26912.7	Protein_PB.26912.7	LOC113246178	LOC113246178	incomplete-splice_match	YES	30.79	39.81	24.29
PB.26912.8		LOC113246178	LOC113246178	novel_not_in_catalog	NO	94.59	38.48	28.12
PB.26913.4	Protein_PB.26913.4	ECM1	ECM1	novel_not_in_catalog	YES	137.9	57.49	124.25
PB.26913.9	Protein_PB.26913.9	ECM1	ECM1	novel_in_catalog	YES	64.85	53.65	26.94
PB.26914.1	Protein_PB.26914.1	TARS2	TARS2	full-splice_match	YES	4.47	4.65	24.26
PB.26914.2	Protein_PB.26914.2	TARS2	TARS2	full-splice_match	YES	239.7	293.59	216.25
PB.26915.1	Protein_PB.26915.1	RPRD2	RPRD2	novel_in_catalog	YES	79.44	44.97	80.14
PB.26915.5	Protein_PB.26915.5	RPRD2	RPRD2	novel_not_in_catalog	YES	27.98	37.63	33.53
PB.26915.6	Protein_PB.26915.6	RPRD2	RPRD2	novel_not_in_catalog	YES	32.97	32.97	44.11
PB.26915.7	Protein_PB.26915.7	RPRD2	RPRD2	novel_not_in_catalog	YES	48.36	59.17	73.11
PB.26915.8	Protein_PB.26915.8	RPRD2	RPRD2	novel_in_catalog	YES	42.12	36.2	24.43
PB.26915.9	Protein_PB.26915.9	RPRD2	RPRD2	full-splice_match	YES	26.11	18.13	23.24
PB.26916.2	Protein_PB.26916.2	PRPF3	PRPF3	full-splice_match	YES	19.06	42.26	5.86
PB.26916.22	Protein_PB.26916.22	PRPF3	PRPF3	novel_not_in_catalog	YES	25.68	8.33	26.41
PB.26916.23	Protein_PB.26916.23	PRPF3	PRPF3	full-splice_match	YES	49.61	59.63	69.49
PB.26917.1		MRPS21	MRPS21	full-splice_match	NO	23.05	25.96	29.89
PB.26917.2		MRPS21	MRPS21	full-splice_match	NO	310.25	335.42	292.31
PB.26918.1	Protein_PB.26918.1	CIART	CIART	full-splice_match	YES	51.39	80.18	85.4
PB.26919.6	Protein_PB.26919.6	CUNH1orf54	CUNH1orf54	full-splice_match	YES	19.75	12.41	9.47
PB.26920.1	Protein_PB.26920.1	CA14	CA14	full-splice_match	YES	416.9	443.3	247.1
PB.26920.15	Protein_PB.26920.15	CA14	CA14	novel_not_in_catalog	YES	36.52	36.74	10.69
PB.26920.4	Protein_PB.26920.4	CA14	CA14	novel_not_in_catalog	YES	45.91	46.06	23.03
PB.26920.9	Protein_PB.26920.9	CA14	CA14	novel_not_in_catalog	YES	55.6	47.15	31.03
PB.26922.1	Protein_PB.26922.1	PLEKHO1	PLEKHO1	full-splice_match	YES	33.43	28.78	38.52
PB.26923.1	Protein_PB.26923.1	VPS45	VPS45	full-splice_match	YES	126.6	160.03	140.19
PB.26924.1	Protein_PB.26924.1	BOLA1	BOLA1	full-splice_match	YES	234.09	249.84	202.42
PB.26926.1	Protein_PB.26926.1	LOC113246100	LOC113246100	full-splice_match	YES	351.62	326.47	438.65
PB.26927.1	Protein_PB.26927.1	LOC113246106	LOC113246106	full-splice_match	YES	21.0	16.95	12.56
PB.26939.10	Protein_PB.26939.10	USP47	USP47	novel_in_catalog	YES	16.74	29.57	59.62
PB.26939.11	Protein_PB.26939.11	USP47	USP47	full-splice_match	YES	204.27	141.04	198.81
PB.26939.15	Protein_PB.26939.15	USP47	USP47	incomplete-splice_match	YES	903.71	983.33	774.19
PB.26939.3	Protein_PB.26939.3	USP47	USP47	full-splice_match	YES	1816.46	2197.01	1439.71
PB.26939.7	Protein_PB.26939.7	USP47	USP47	incomplete-splice_match	YES	579.79	596.23	467.49
PB.26942.1	Protein_PB.26942.1	PARVA	PARVA	full-splice_match	YES	98.89	59.75	65.71
PB.26942.3	Protein_PB.26942.3	PARVA	PARVA	full-splice_match	YES	22.05	20.13	29.66
PB.26942.4	Protein_PB.26942.4	PARVA	PARVA	full-splice_match	YES	21.93	19.24	18.56
PB.26943.2	Protein_PB.26943.2	TEAD1	TEAD1	full-splice_match	YES	558.84	476.89	541.46
PB.26943.3	Protein_PB.26943.3	TEAD1	TEAD1	full-splice_match	YES	1645.46	1546.8	1431.8
PB.26943.5	Protein_PB.26943.5	TEAD1	TEAD1	full-splice_match	YES	30.93	98.77	65.73
PB.26943.8	Protein_PB.26943.8	TEAD1	TEAD1	full-splice_match	YES	51.75	25.56	49.28
PB.26943.9	Protein_PB.26943.9	TEAD1	TEAD1	full-splice_match	YES	50.55	7.81	42.55
PB.26945.3	Protein_PB.26945.3	ARNTL	ARNTL	novel_not_in_catalog	YES	7.75	2.27	20.76
PB.26945.7	Protein_PB.26945.7	ARNTL	ARNTL	novel_not_in_catalog	YES	9.25	10.15	20.68
PB.26948.10	Protein_PB.26948.10	FAR1	FAR1	novel_not_in_catalog	YES	68.12	152.04	62.2
PB.26948.4	Protein_PB.26948.4	FAR1	FAR1	novel_not_in_catalog	YES	71.58	65.32	77.08
PB.26948.5	Protein_PB.26948.5	FAR1	FAR1	novel_not_in_catalog	YES	83.95	117.87	35.66
PB.26948.7	Protein_PB.26948.7	FAR1	FAR1	full-splice_match	YES	116.58	110.29	107.04
PB.26948.8	Protein_PB.26948.8	FAR1	FAR1	novel_not_in_catalog	YES	36.83	35.54	33.14
PB.26952.1	Protein_PB.26952.1	GALNT18	GALNT18	full-splice_match	YES	45.0	25.99	25.9
PB.26954.1	Protein_PB.26954.1	DKK3	DKK3	full-splice_match	YES	161.45	90.26	157.03
PB.26958.6	Protein_PB.26958.6	BTBD10	BTBD10	novel_not_in_catalog	YES	32.28	37.19	28.47
PB.2696.2	Protein_PB.2696.2	PCYOX1	PCYOX1	full-splice_match	YES	527.27	546.53	493.43
PB.26960.4	Protein_PB.26960.4	RRAS2	RRAS2	full-splice_match	YES	134.88	156.2	126.3
PB.26960.6	Protein_PB.26960.6	RRAS2	RRAS2	novel_not_in_catalog	YES	11.79	16.91	21.22
PB.26961.2	Protein_PB.26961.2	COPB1	COPB1	novel_in_catalog	YES	166.36	192.23	129.11
PB.26961.5	Protein_PB.26961.5	COPB1	COPB1	novel_in_catalog	YES	71.61	27.4	62.49
PB.26961.6	Protein_PB.26961.6	COPB1	COPB1	novel_in_catalog	YES	21.34	64.01	52.28
PB.26961.7	Protein_PB.26961.7	COPB1	COPB1	incomplete-splice_match	YES	197.2	206.11	197.47
PB.26962.1	Protein_PB.26962.1	PSMA1	PSMA1	full-splice_match	YES	229.86	157.94	217.43
PB.26962.4	Protein_PB.26962.4	PSMA1	PSMA1	full-splice_match	YES	521.25	801.15	474.97
PB.26964.2	Protein_PB.26964.2	LOC113246294	LOC113246294	full-splice_match	YES	36.54	23.86	35.22
PB.26966.14	Protein_PB.26966.14	LOC113246291	LOC113246291	novel_in_catalog	YES	22.26	26.0	46.0
PB.26966.20	Protein_PB.26966.20	LOC113246291	LOC113246291	incomplete-splice_match	YES	121.94	104.65	94.24
PB.26966.3	Protein_PB.26966.3	LOC113246291	LOC113246291	full-splice_match	YES	265.01	205.47	252.3
PB.26966.9	Protein_PB.26966.9	LOC113246291	LOC113246291	full-splice_match	YES	21.32	18.25	30.37
PB.26968.1	Protein_PB.26968.1	LOC113246307	LOC113246307	full-splice_match	YES	345.48	228.43	218.95
PB.26970.1	Protein_PB.26970.1	LOC113246297	LOC113246297	novel_not_in_catalog	YES	84.63	64.69	70.93
PB.26970.2	Protein_PB.26970.2	LOC113246297_LOC113246277	LOC113246297_LOC113246277	fusion	YES	28.04	6.82	31.8
PB.26970.3	Protein_PB.26970.3	LOC113246297	LOC113246297	full-splice_match	YES	83.92	91.23	62.9
PB.26970.4	Protein_PB.26970.4	LOC113246297	LOC113246297	full-splice_match	YES	17.2	7.38	22.21
PB.26970.8	Protein_PB.26970.8	LOC113246277	LOC113246277	full-splice_match	YES	390.75	440.67	723.47
PB.26971.2	Protein_PB.26971.2	LOC113246313	LOC113246313	full-splice_match	YES	16.57	17.97	6.73
PB.26972.1	Protein_PB.26972.1	LOC113246280	LOC113246280	full-splice_match	YES	29.14	19.66	27.12
PB.26972.2	Protein_PB.26972.2	LOC113246280	LOC113246280	full-splice_match	YES	12.27	6.69	17.55
PB.26973.1	Protein_PB.26973.1	LOC113246290	LOC113246290	full-splice_match	YES	37.48	29.34	34.58
PB.26974.1	Protein_PB.26974.1	LOC113246287	LOC113246287	full-splice_match	YES	71.37	63.08	67.8
PB.2698.1	Protein_PB.2698.1	PCBP1	PCBP1	full-splice_match	YES	325.95	228.19	303.2
PB.26981.1	Protein_PB.26981.1	LOC113246276	LOC113246276	full-splice_match	YES	48.95	82.44	87.74
PB.26982.1	Protein_PB.26982.1	LOC113246296	LOC113246296	full-splice_match	YES	19.53	17.37	15.42
PB.26983.1	Protein_PB.26983.1	LOC113246295	LOC113246295	full-splice_match	YES	61.52	61.04	78.3
PB.26986.1	Protein_PB.26986.1	LOC113246308	LOC113246308	novel_not_in_catalog	YES	16.51	17.05	20.23
PB.26986.4	Protein_PB.26986.4	LOC113246308	LOC113246308	full-splice_match	YES	15.44	16.49	19.18
PB.26989.1	Protein_PB.26989.1	LOC113246281	LOC113246281	full-splice_match	YES	2097.12	1939.61	2184.89
PB.2699.1	Protein_PB.2699.1	MXD1	MXD1	full-splice_match	YES	74.11	105.86	92.98
PB.26994.11	Protein_PB.26994.11	LOC113246305	LOC113246305	novel_not_in_catalog	YES	14.48	24.06	25.53
PB.26994.9	Protein_PB.26994.9	LOC113246305	LOC113246305	full-splice_match	YES	17.46	9.91	6.4
PB.27.1	Protein_PB.27.1	SUMO3	SUMO3	novel_not_in_catalog	YES	6.03	9.85	20.05
PB.27.8	Protein_PB.27.8	SUMO3	SUMO3	full-splice_match	YES	437.35	421.56	557.88
PB.2700.1	Protein_PB.2700.1	SNRNP27	SNRNP27	full-splice_match	YES	301.19	303.03	260.54
PB.27000.1	Protein_PB.27000.1	LOC113246337	LOC113246337	full-splice_match	YES	92.32	54.9	64.93
PB.27002.1	Protein_PB.27002.1	LOC113246333	LOC113246333	full-splice_match	YES	111.92	77.22	107.65
PB.27004.1	Protein_PB.27004.1	LOC113246349	LOC113246349	novel_not_in_catalog	YES	178.66	204.94	43.27
PB.27004.12	Protein_PB.27004.12	LOC113246349	LOC113246349	incomplete-splice_match	YES	70.3	62.67	58.4
PB.27004.13	Protein_PB.27004.13	LOC113246349	LOC113246349	incomplete-splice_match	YES	42.56	52.34	27.04
PB.27004.2	Protein_PB.27004.2	LOC113246349	LOC113246349	novel_not_in_catalog	YES	340.18	381.42	347.61
PB.27004.5	Protein_PB.27004.5	LOC113246349	LOC113246349	full-splice_match	YES	42.1	35.19	26.83
PB.27004.9	Protein_PB.27004.9	LOC113246349	LOC113246349	novel_not_in_catalog	YES	381.85	334.16	214.69
PB.27006.1	Protein_PB.27006.1	LOC113246338	LOC113246338	full-splice_match	YES	182.73	161.87	188.35
PB.27006.2	Protein_PB.27006.2	LOC113246338	LOC113246338	full-splice_match	YES	1.54	21.03	3.34
PB.27007.2	Protein_PB.27007.2	LOC113246316	LOC113246316	full-splice_match	YES	150.77	153.24	253.61
PB.2701.1	Protein_PB.2701.1	GMCL1	GMCL1	full-splice_match	YES	27.66	25.29	30.84
PB.27010.1	Protein_PB.27010.1	LOC113246326	LOC113246326	full-splice_match	YES	611.03	697.11	777.54
PB.27017.1		LOC113246341	LOC113246341	full-splice_match	NO	17.26	19.73	17.76
PB.2702.12	Protein_PB.2702.12	ANXA4	ANXA4	novel_not_in_catalog	YES	11.26	16.56	21.56
PB.2702.13	Protein_PB.2702.13	ANXA4	ANXA4	novel_not_in_catalog	YES	175.97	177.42	175.11
PB.2702.21	Protein_PB.2702.21	LOC113244609_ANXA4	LOC113244609_ANXA4	fusion	YES	24.29	25.05	19.39
PB.2702.5	Protein_PB.2702.5	ANXA4	ANXA4	novel_not_in_catalog	YES	102.94	91.39	128.62
PB.27020.1	Protein_PB.27020.1	LOC113246356	LOC113246356	full-splice_match	YES	65.72	64.35	95.79
PB.27022.2	Protein_PB.27022.2	LOC113246334	LOC113246334	full-splice_match	YES	61.52	61.04	78.3
PB.27027.3	Protein_PB.27027.3	LOC113246350	LOC113246350	full-splice_match	YES	15.44	16.49	19.18
PB.2706.1	Protein_PB.2706.1	ANTXR1	ANTXR1	full-splice_match	YES	378.96	127.91	218.74
PB.2710.1	Protein_PB.2710.1	ARHGAP25	ARHGAP25	full-splice_match	YES	27.61	17.72	16.29
PB.27116.1	Protein_PB.27116.1	SMTNL1	SMTNL1	novel_not_in_catalog	YES	1646.15	1731.06	1787.28
PB.27116.2	Protein_PB.27116.2	SMTNL1	SMTNL1	novel_not_in_catalog	YES	2875.65	2897.34	2757.45
PB.27116.6	Protein_PB.27116.6	SMTNL1	SMTNL1	novel_not_in_catalog	YES	30.9	16.14	37.68
PB.27117.4	Protein_PB.27117.4	SERPING1	SERPING1	novel_not_in_catalog	YES	18.68	11.39	14.73
PB.27117.7	Protein_PB.27117.7	SERPING1	SERPING1	novel_not_in_catalog	YES	23.77	2.5	25.31
PB.27117.8	Protein_PB.27117.8	SERPING1	SERPING1	incomplete-splice_match	YES	363.23	223.5	278.13
PB.27118.1	Protein_PB.27118.1	CLP1	CLP1	full-splice_match	YES	44.12	47.69	47.86
PB.27119.1	Protein_PB.27119.1	ZDHHC5	ZDHHC5	full-splice_match	YES	469.85	540.91	408.49
PB.27119.2	Protein_PB.27119.2	ZDHHC5	ZDHHC5	full-splice_match	YES	45.8	33.98	57.54
PB.2712.1	Protein_PB.2712.1	APLF	APLF	full-splice_match	YES	47.79	43.12	64.93
PB.2712.2	Protein_PB.2712.2	APLF	APLF	novel_in_catalog	YES	160.55	155.26	180.77
PB.27120.2	Protein_PB.27120.2	TMX2	TMX2	full-splice_match	YES	191.89	197.77	208.83
PB.27120.8	Protein_PB.27120.8	SELENOH	SELENOH	full-splice_match	YES	150.34	172.95	151.58
PB.27121.11	Protein_PB.27121.11	CTNND1	CTNND1	incomplete-splice_match	YES	21.59	1.52	16.8
PB.27121.14	Protein_PB.27121.14	CTNND1	CTNND1	novel_in_catalog	YES	46.9	27.63	14.84
PB.27121.16	Protein_PB.27121.16	CTNND1	CTNND1	novel_not_in_catalog	YES	29.53	37.23	61.68
PB.27121.17	Protein_PB.27121.17	CTNND1	CTNND1	novel_not_in_catalog	YES	66.84	40.83	66.87
PB.27121.19	Protein_PB.27121.19	CTNND1	CTNND1	incomplete-splice_match	YES	81.55	69.11	81.58
PB.27121.21	Protein_PB.27121.21	CTNND1	CTNND1	novel_in_catalog	YES	20.01	18.06	19.92
PB.27121.3	Protein_PB.27121.3	CTNND1	CTNND1	full-splice_match	YES	134.54	91.42	125.67
PB.27128.1	Protein_PB.27128.1	ZFP91	ZFP91	full-splice_match	YES	294.22	311.66	328.02
PB.27128.3	Protein_PB.27128.3	ZFP91	ZFP91	full-splice_match	YES	1619.7	1900.53	1724.9
PB.27128.5	Protein_PB.27128.5	CNTF	CNTF	full-splice_match	YES	563.92	775.98	736.59
PB.2713.1	Protein_PB.2713.1	PLEK	PLEK	full-splice_match	YES	15.23	14.64	27.14
PB.27130.1	Protein_PB.27130.1	FAM111B	FAM111B	full-splice_match	YES	16.02	11.56	17.81
PB.2715.1	Protein_PB.2715.1	PNO1	PNO1	full-splice_match	YES	135.06	154.2	151.82
PB.2718.1	Protein_PB.2718.1	ETAA1	ETAA1	full-splice_match	YES	78.45	74.49	73.76
PB.2718.2	Protein_PB.2718.2	ETAA1	ETAA1	incomplete-splice_match	YES	54.89	68.15	65.77
PB.27196.1	Protein_PB.27196.1	APLNR	APLNR	full-splice_match	YES	33.21	26.98	17.18
PB.27196.2	Protein_PB.27196.2	APLNR	APLNR	full-splice_match	YES	70.79	40.35	31.26
PB.27196.3	Protein_PB.27196.3	APLNR	APLNR	genic	YES	31.28	15.91	15.82
PB.27197.1	Protein_PB.27197.1	TNKS1BP1	TNKS1BP1	full-splice_match	YES	138.43	79.06	117.29
PB.27197.3	Protein_PB.27197.3	TNKS1BP1	TNKS1BP1	novel_not_in_catalog	YES	261.95	192.64	372.48
PB.27197.4	Protein_PB.27197.4	TNKS1BP1	TNKS1BP1	full-splice_match	YES	160.65	126.52	171.07
PB.27198.1	Protein_PB.27198.1	SSRP1	SSRP1	novel_in_catalog	YES	68.68	54.16	103.92
PB.27198.12	Protein_PB.27198.12	SSRP1	SSRP1	incomplete-splice_match	YES	6.85	48.13	29.86
PB.27198.4	Protein_PB.27198.4	SSRP1	SSRP1	novel_not_in_catalog	YES	34.97	23.75	60.72
PB.27198.5	Protein_PB.27198.5	SSRP1	SSRP1	full-splice_match	YES	257.65	267.83	309.22
PB.27198.7	Protein_PB.27198.7	SSRP1	SSRP1	full-splice_match	YES	25.03	42.51	23.07
PB.27198.8	Protein_PB.27198.8	SSRP1	SSRP1	incomplete-splice_match	YES	73.86	18.25	13.26
PB.272.21	Protein_PB.272.21	LOC113251245	LOC113251245	full-splice_match	YES	37.36	22.94	22.68
PB.2720.2	Protein_PB.2720.2	MEIS1	MEIS1	full-splice_match	YES	15.57	19.09	12.27
PB.27201.1	Protein_PB.27201.1	SLC43A1	SLC43A1	full-splice_match	YES	28.49	37.02	42.04
PB.27201.2	Protein_PB.27201.2	SLC43A1	SLC43A1	full-splice_match	YES	50.24	105.07	78.12
PB.27201.3	Protein_PB.27201.3	SLC43A1	SLC43A1	novel_not_in_catalog	YES	120.9	152.41	93.59
PB.27201.4	Protein_PB.27201.4	SLC43A1	SLC43A1	novel_not_in_catalog	YES	58.09	82.44	49.94
PB.27202.1		LOC113246385	LOC113246385	full-splice_match	NO	17.34	14.06	25.5
PB.27203.1		TIMM10	TIMM10	full-splice_match	NO	184.49	199.79	174.68
PB.27204.1	Protein_PB.27204.1	UBE2L6	UBE2L6	full-splice_match	YES	44.06	28.29	42.84
PB.27204.2		UBE2L6	UBE2L6	novel_not_in_catalog	NO	15.19	18.58	35.35
PB.27207.1	Protein_PB.27207.1	MED19	MED19	full-splice_match	YES	42.54	38.83	49.44
PB.27223.1	Protein_PB.27223.1	MPEG1	MPEG1	full-splice_match	YES	43.15	11.13	49.5
PB.27223.3	Protein_PB.27223.3	MPEG1	MPEG1	full-splice_match	YES	14.0	23.19	14.39
PB.2723.1	Protein_PB.2723.1	ACTR2	ACTR2	full-splice_match	YES	421.54	386.86	520.71
PB.27235.1	Protein_PB.27235.1	LOC113246566	LOC113246566	full-splice_match	YES	102.38	93.27	50.36
PB.27235.2	Protein_PB.27235.2	LOC113246566	LOC113246566	full-splice_match	YES	93.43	68.45	60.01
PB.27239.2	Protein_PB.27239.2	CHIC1	CHIC1	full-splice_match	YES	21.99	23.82	32.49
PB.27244.5		LOC113246594	LOC113246594	novel_not_in_catalog	NO	18.52	19.05	23.54
PB.27244.8		LOC113246594	LOC113246594	novel_not_in_catalog	NO	20.36	25.54	25.62
PB.27248.2	Protein_PB.27248.2	SLC16A2	SLC16A2	full-splice_match	YES	76.0	124.08	120.78
PB.2725.1	Protein_PB.2725.1	CEP68	CEP68	full-splice_match	YES	302.75	277.12	381.17
PB.2725.2	Protein_PB.2725.2	CEP68	CEP68	novel_in_catalog	YES	113.22	152.51	64.38
PB.2725.5	Protein_PB.2725.5	CEP68	CEP68	novel_in_catalog	YES	26.21	12.14	21.99
PB.2725.7	Protein_PB.2725.7	CEP68	CEP68	novel_not_in_catalog	YES	27.71	19.67	19.77
PB.27250.1	Protein_PB.27250.1	UPRT	UPRT	full-splice_match	YES	53.23	43.12	60.66
PB.27251.6	Protein_PB.27251.6	PBDC1	PBDC1	full-splice_match	YES	72.64	88.08	99.0
PB.27255.22	Protein_PB.27255.22	LOC113246573	LOC113246573	novel_in_catalog	YES	21.09	13.53	12.04
PB.27255.30		LOC113246573	LOC113246573	incomplete-splice_match	NO	27.71	26.01	20.3
PB.27258.1	Protein_PB.27258.1	RLIM	RLIM	full-splice_match	YES	127.41	54.08	51.72
PB.27258.2	Protein_PB.27258.2	RLIM	RLIM	full-splice_match	YES	510.14	554.84	623.92
PB.2726.1	Protein_PB.2726.1	SLC1A4	SLC1A4	full-splice_match	YES	88.79	65.07	102.65
PB.27260.1	Protein_PB.27260.1	ABCB7	ABCB7	full-splice_match	YES	47.87	49.67	30.83
PB.27260.6	Protein_PB.27260.6	ABCB7	ABCB7	novel_in_catalog	YES	53.67	77.92	68.54
PB.27260.8	Protein_PB.27260.8	ABCB7	ABCB7	full-splice_match	YES	201.7	235.66	188.75
PB.27261.1	Protein_PB.27261.1	ZDHHC15	ZDHHC15	full-splice_match	YES	16.78	17.1	21.04
PB.27262.1	Protein_PB.27262.1	MAGEE2	MAGEE2	full-splice_match	YES	52.32	60.39	77.9
PB.27266.3	Protein_PB.27266.3	SAAL1	SAAL1	full-splice_match	YES	116.46	100.48	95.73
PB.27273.1	Protein_PB.27273.1	ABCC8	ABCC8	full-splice_match	YES	5.84	25.48	7.72
PB.27274.1	Protein_PB.27274.1	KCNJ11	KCNJ11	full-splice_match	YES	138.04	172.91	246.2
PB.27276.3	Protein_PB.27276.3	PIK3C2A	PIK3C2A	full-splice_match	YES	197.9	149.04	136.43
PB.27277.1	Protein_PB.27277.1	RPS13	RPS13	full-splice_match	YES	4334.2	4388.43	5681.82
PB.2728.1	Protein_PB.2728.1	AFTPH	AFTPH	full-splice_match	YES	148.19	107.9	139.62
PB.2728.2	Protein_PB.2728.2	AFTPH	AFTPH	full-splice_match	YES	47.22	79.46	51.15
PB.2728.3	Protein_PB.2728.3	AFTPH	AFTPH	full-splice_match	YES	2.52	8.06	19.18
PB.2728.4	Protein_PB.2728.4	AFTPH	AFTPH	novel_not_in_catalog	YES	72.82	73.32	97.95
PB.2728.5	Protein_PB.2728.5	AFTPH	AFTPH	novel_not_in_catalog	YES	37.71	40.45	38.89
PB.2728.6	Protein_PB.2728.6	AFTPH	AFTPH	incomplete-splice_match	YES	50.71	38.54	52.79
PB.2728.7	Protein_PB.2728.7	AFTPH	AFTPH	novel_not_in_catalog	YES	51.43	25.63	41.84
PB.27280.11	Protein_PB.27280.11	SOX6	SOX6	novel_not_in_catalog	YES	32.77	27.81	42.78
PB.27280.12	Protein_PB.27280.12	SOX6	SOX6	novel_in_catalog	YES	32.28	28.17	27.24
PB.27280.13	Protein_PB.27280.13	SOX6	SOX6	novel_in_catalog	YES	26.41	22.94	59.08
PB.27280.2	Protein_PB.27280.2	SOX6	SOX6	novel_in_catalog	YES	18.31	6.57	5.48
PB.27280.3	Protein_PB.27280.3	SOX6	SOX6	novel_in_catalog	YES	35.07	22.37	44.3
PB.27280.5	Protein_PB.27280.5	SOX6	SOX6	full-splice_match	YES	23.22	17.85	22.54
PB.27280.6	Protein_PB.27280.6	SOX6	SOX6	full-splice_match	YES	9.36	10.65	23.38
PB.27280.9	Protein_PB.27280.9	SOX6	SOX6	full-splice_match	YES	19.27	8.01	5.66
PB.27286.1	Protein_PB.27286.1	MYOD1	MYOD1	full-splice_match	YES	53.11	24.65	63.25
PB.2729.1	Protein_PB.2729.1	LGALSL	LGALSL	novel_not_in_catalog	YES	24.81	43.34	45.47
PB.2729.2		LGALSL	LGALSL	novel_in_catalog	NO	26.51	28.53	42.92
PB.2729.3	Protein_PB.2729.3	LGALSL	LGALSL	full-splice_match	YES	1582.18	1655.59	2091.67
PB.27290.8	Protein_PB.27290.8	NUCB2	NUCB2	full-splice_match	YES	38.02	19.2	29.25
PB.27293.1	Protein_PB.27293.1	CUNH11orf58	CUNH11orf58	full-splice_match	YES	20.96	13.5	18.23
PB.27293.2	Protein_PB.27293.2	CUNH11orf58	CUNH11orf58	novel_not_in_catalog	YES	46.32	43.69	71.44
PB.27293.3	Protein_PB.27293.3	CUNH11orf58	CUNH11orf58	novel_not_in_catalog	YES	142.54	136.86	157.28
PB.27293.5	Protein_PB.27293.5	CUNH11orf58	CUNH11orf58	novel_in_catalog	YES	308.67	366.78	363.08
PB.27305.1	Protein_PB.27305.1	B4GALT3	B4GALT3	full-splice_match	YES	58.86	56.6	42.67
PB.27306.3	Protein_PB.27306.3	DEDD	DEDD	full-splice_match	YES	169.85	165.33	146.99
PB.27307.1	Protein_PB.27307.1	PFDN2	PFDN2	full-splice_match	YES	116.26	131.21	131.79
PB.27310.1	Protein_PB.27310.1	USF1	USF1	novel_not_in_catalog	YES	77.61	88.11	65.1
PB.27310.13	Protein_PB.27310.13	USF1	USF1	novel_not_in_catalog	YES	33.84	45.81	26.27
PB.27310.18	Protein_PB.27310.18	USF1	USF1	full-splice_match	YES	40.84	14.32	27.95
PB.27312.1	Protein_PB.27312.1	F11R	F11R	full-splice_match	YES	234.46	167.52	153.67
PB.27321.13	Protein_PB.27321.13	COPA	COPA	novel_in_catalog	YES	23.88	39.18	36.12
PB.27321.14	Protein_PB.27321.14	COPA	COPA	incomplete-splice_match	YES	27.02	40.17	46.25
PB.27321.18	Protein_PB.27321.18	COPA	COPA	incomplete-splice_match	YES	218.59	131.6	243.39
PB.27321.3	Protein_PB.27321.3	COPA	COPA	novel_not_in_catalog	YES	27.11	53.15	18.81
PB.27321.5	Protein_PB.27321.5	COPA	COPA	full-splice_match	YES	37.79	71.79	41.67
PB.27321.9	Protein_PB.27321.9	COPA	COPA	novel_not_in_catalog	YES	92.52	39.26	106.16
PB.27322.4	Protein_PB.27322.4	PEX19	PEX19	full-splice_match	YES	804.61	1023.12	746.25
PB.27323.1	Protein_PB.27323.1	DCAF8	DCAF8	full-splice_match	YES	307.04	417.71	324.2
PB.27323.10	Protein_PB.27323.10	DCAF8	DCAF8	novel_not_in_catalog	YES	11.28	8.0	23.68
PB.27323.11	Protein_PB.27323.11	DCAF8	DCAF8	full-splice_match	YES	17.94	4.19	18.98
PB.27323.12	Protein_PB.27323.12	DCAF8	DCAF8	incomplete-splice_match	YES	155.83	249.12	130.31
PB.27323.2	Protein_PB.27323.2	DCAF8	DCAF8	full-splice_match	YES	48.41	60.16	87.83
PB.27323.3	Protein_PB.27323.3	DCAF8	DCAF8	novel_in_catalog	YES	31.63	27.54	40.2
PB.27323.5	Protein_PB.27323.5	DCAF8	DCAF8	novel_not_in_catalog	YES	44.13	60.64	59.16
PB.27323.6	Protein_PB.27323.6	DCAF8	DCAF8	full-splice_match	YES	88.47	146.5	76.86
PB.27323.7	Protein_PB.27323.7	DCAF8	DCAF8	full-splice_match	YES	1084.5	1284.69	1242.76
PB.27323.8	Protein_PB.27323.8	DCAF8	DCAF8	full-splice_match	YES	56.15	53.42	53.15
PB.27323.9	Protein_PB.27323.9	DCAF8	DCAF8	novel_not_in_catalog	YES	24.46	31.07	23.2
PB.27325.2	Protein_PB.27325.2	IGSF8	IGSF8	full-splice_match	YES	28.65	20.87	30.67
PB.2733.1	Protein_PB.2733.1	UGP2	UGP2	full-splice_match	YES	42.26	78.9	35.36
PB.2733.14	Protein_PB.2733.14	UGP2	UGP2	full-splice_match	YES	795.06	1149.73	670.63
PB.2733.17	Protein_PB.2733.17	UGP2	UGP2	novel_not_in_catalog	YES	204.74	499.98	99.02
PB.2733.2	Protein_PB.2733.2	UGP2	UGP2	novel_not_in_catalog	YES	6.85	21.9	16.35
PB.2733.21	Protein_PB.2733.21	UGP2	UGP2	novel_not_in_catalog	YES	1635.71	2395.5	1028.93
PB.2733.22	Protein_PB.2733.22	UGP2	UGP2	novel_not_in_catalog	YES	152.68	372.2	162.99
PB.2733.23	Protein_PB.2733.23	UGP2	UGP2	novel_not_in_catalog	YES	137.04	105.08	75.33
PB.2733.24	Protein_PB.2733.24	UGP2	UGP2	novel_not_in_catalog	YES	30.34	19.96	45.39
PB.2733.25	Protein_PB.2733.25	UGP2	UGP2	novel_not_in_catalog	YES	215.06	261.24	123.81
PB.2733.26	Protein_PB.2733.26	UGP2	UGP2	novel_not_in_catalog	YES	170.14	253.13	177.61
PB.27331.1	Protein_PB.27331.1	TAGLN2	TAGLN2	novel_in_catalog	YES	28.53	6.97	11.73
PB.27331.2	Protein_PB.27331.2	TAGLN2	TAGLN2	full-splice_match	YES	435.38	270.45	298.66
PB.2734.1	Protein_PB.2734.1	MDH1	MDH1	full-splice_match	YES	7074.09	8453.26	4871.71
PB.2734.2	Protein_PB.2734.2	MDH1	MDH1	novel_in_catalog	YES	37.59	30.78	36.53
PB.2734.4	Protein_PB.2734.4	MDH1	MDH1	novel_not_in_catalog	YES	78.85	68.72	82.96
PB.27365.1	Protein_PB.27365.1	SDHC	SDHC	full-splice_match	YES	978.88	1074.53	723.06
PB.27365.2	Protein_PB.27365.2	SDHC	SDHC	novel_not_in_catalog	YES	2888.79	3243.42	2010.96
PB.27365.3	Protein_PB.27365.3	SDHC	SDHC	novel_not_in_catalog	YES	49.33	64.14	39.71
PB.27367.1	Protein_PB.27367.1	TOMM40L	TOMM40L	full-splice_match	YES	185.43	216.42	138.86
PB.27367.3	Protein_PB.27367.3	TOMM40L	TOMM40L	full-splice_match	YES	102.49	104.11	83.12
PB.27369.1	Protein_PB.27369.1	NDUFS2	NDUFS2	full-splice_match	YES	2094.8	2497.05	1547.75
PB.27369.12	Protein_PB.27369.12	NDUFS2	NDUFS2	novel_in_catalog	YES	36.53	65.6	74.44
PB.27369.4	Protein_PB.27369.4	NDUFS2	NDUFS2	novel_not_in_catalog	YES	1685.75	1942.56	1077.72
PB.27369.6	Protein_PB.27369.6	NDUFS2	NDUFS2	novel_in_catalog	YES	1551.36	1741.74	1113.42
PB.27369.8	Protein_PB.27369.8	NDUFS2	NDUFS2	full-splice_match	YES	0.07	47.75	11.52
PB.27369.9	Protein_PB.27369.9	NDUFS2	NDUFS2	novel_in_catalog	YES	69.2	53.28	120.61
PB.27370.13	Protein_PB.27370.13	PPOX	PPOX	full-splice_match	YES	19.12	26.99	9.75
PB.27370.7	Protein_PB.27370.7	PPOX	PPOX	novel_in_catalog	YES	26.02	12.39	7.14
PB.27371.2	Protein_PB.27371.2	USP21	USP21	full-splice_match	YES	51.36	50.84	63.49
PB.27372.1	Protein_PB.27372.1	UFC1	UFC1	full-splice_match	YES	84.09	88.82	96.5
PB.27373.10	Protein_PB.27373.10	NIT1	NIT1	novel_not_in_catalog	YES	35.73	48.51	21.92
PB.27373.8	Protein_PB.27373.8	NIT1	NIT1	full-splice_match	YES	55.93	54.71	34.67
PB.2738.7	Protein_PB.2738.7	EHBP1	EHBP1	novel_in_catalog	YES	28.58	49.17	44.92
PB.27381.1	Protein_PB.27381.1	NCSTN	NCSTN	full-splice_match	YES	197.91	190.22	224.31
PB.27382.1	Protein_PB.27382.1	novelGene_DCAF8_AS	novelGene_DCAF8_AS	antisense	YES	22.47	30.19	44.43
PB.27384.1	Protein_PB.27384.1	PEA15	PEA15	full-splice_match	YES	1149.35	1232.98	1145.7
PB.27385.1	Protein_PB.27385.1	CASQ1	CASQ1	full-splice_match	YES	2540.51	2330.51	1930.64
PB.27385.13	Protein_PB.27385.13	CASQ1	CASQ1	novel_in_catalog	YES	10.56	12.05	19.26
PB.27385.18	Protein_PB.27385.18	CASQ1	CASQ1	novel_in_catalog	YES	77.74	54.13	84.8
PB.27385.2	Protein_PB.27385.2	CASQ1	CASQ1	novel_not_in_catalog	YES	6767.88	6343.79	6242.0
PB.27385.23	Protein_PB.27385.23	CASQ1	CASQ1	novel_not_in_catalog	YES	21.46	11.48	10.53
PB.27385.24	Protein_PB.27385.24	CASQ1	CASQ1	novel_in_catalog	YES	18.09	9.2	10.68
PB.27385.28	Protein_PB.27385.28	CASQ1	CASQ1	novel_not_in_catalog	YES	6403.06	5772.62	5844.85
PB.27385.29	Protein_PB.27385.29	CASQ1	CASQ1	novel_not_in_catalog	YES	2360.93	2335.82	2356.95
PB.27385.30	Protein_PB.27385.30	CASQ1	CASQ1	novel_not_in_catalog	YES	12.08	29.7	17.86
PB.27385.4	Protein_PB.27385.4	CASQ1	CASQ1	novel_not_in_catalog	YES	76.16	73.39	85.96
PB.27387.1	Protein_PB.27387.1	LOC113246737	LOC113246737	full-splice_match	YES	4250.45	4691.66	3823.83
PB.27387.12	Protein_PB.27387.12	LOC113246737	LOC113246737	novel_in_catalog	YES	11.57	33.47	24.09
PB.27387.14	Protein_PB.27387.14	LOC113246737	LOC113246737	novel_in_catalog	YES	103.75	53.01	51.98
PB.27387.15	Protein_PB.27387.15	LOC113246737	LOC113246737	novel_in_catalog	YES	387.84	395.6	329.9
PB.27387.3	Protein_PB.27387.3	LOC113246737	LOC113246737	novel_not_in_catalog	YES	59.21	77.42	61.3
PB.27387.4	Protein_PB.27387.4	LOC113246737	LOC113246737	novel_in_catalog	YES	54.16	39.62	41.65
PB.27387.6	Protein_PB.27387.6	LOC113246737	LOC113246737	novel_not_in_catalog	YES	9.77	22.45	36.14
PB.27387.7	Protein_PB.27387.7	LOC113246737	LOC113246737	novel_not_in_catalog	YES	52.38	21.06	24.01
PB.27387.9	Protein_PB.27387.9	LOC113246737	LOC113246737	novel_not_in_catalog	YES	63.77	124.65	78.41
PB.27396.1	Protein_PB.27396.1	DUSP23	DUSP23	full-splice_match	YES	165.82	166.71	122.92
PB.274.3	Protein_PB.274.3	SLC35A5	SLC35A5	full-splice_match	YES	13.82	14.62	27.01
PB.27405.1	Protein_PB.27405.1	CADM3	CADM3	full-splice_match	YES	26.65	20.45	24.56
PB.27406.1	Protein_PB.27406.1	LOC113246676	LOC113246676	full-splice_match	YES	36.56	30.57	20.07
PB.27406.2	Protein_PB.27406.2	LOC113246676	LOC113246676	novel_in_catalog	YES	21.37	17.88	13.83
PB.27407.2	Protein_PB.27407.2	LOC113246677	LOC113246677	full-splice_match	YES	79.53	61.05	50.95
PB.27419.2	Protein_PB.27419.2	LOC113246636	LOC113246636	full-splice_match	YES	95.37	57.23	31.43
PB.2742.10	Protein_PB.2742.10	COMMD1	COMMD1	full-splice_match	YES	49.38	62.12	49.78
PB.2742.2	Protein_PB.2742.2	B3GNT2_LOC113268344	B3GNT2_LOC113268344	full-splice_match	YES	19.21	12.77	22.68
PB.2742.7	Protein_PB.2742.7	COMMD1_B3GNT2	COMMD1_B3GNT2	fusion	YES	75.68	63.57	70.02
PB.2742.9	Protein_PB.2742.9	COMMD1	COMMD1	full-splice_match	YES	175.22	185.67	169.27
PB.27420.1	Protein_PB.27420.1	KIRREL1	KIRREL1	full-splice_match	YES	30.7	8.48	14.04
PB.27430.1	Protein_PB.27430.1	CD93	CD93	full-splice_match	YES	663.37	431.64	419.43
PB.27432.1	Protein_PB.27432.1	THBD	THBD	full-splice_match	YES	36.49	18.95	21.04
PB.27432.2	Protein_PB.27432.2	THBD	THBD	full-splice_match	YES	35.77	24.92	26.81
PB.27445.1	Protein_PB.27445.1	GZF1	GZF1	full-splice_match	YES	74.31	56.37	62.2
PB.27446.1	Protein_PB.27446.1	NXT1	NXT1	full-splice_match	YES	33.6	33.64	39.69
PB.27450.1	Protein_PB.27450.1	XRN2	XRN2	full-splice_match	YES	165.16	194.46	177.67
PB.27450.6	Protein_PB.27450.6	XRN2	XRN2	novel_not_in_catalog	YES	7.89	3.06	17.56
PB.27450.8	Protein_PB.27450.8	XRN2	XRN2	novel_not_in_catalog	YES	111.03	110.59	95.1
PB.27451.1	Protein_PB.27451.1	KIZ	KIZ	full-splice_match	YES	189.47	134.21	320.2
PB.27451.3	Protein_PB.27451.3	KIZ	KIZ	incomplete-splice_match	YES	327.82	292.14	517.53
PB.27451.4	Protein_PB.27451.4	KIZ	KIZ	novel_in_catalog	YES	10.03	23.08	14.61
PB.27451.6	Protein_PB.27451.6	KIZ	KIZ	novel_not_in_catalog	YES	73.11	147.49	150.64
PB.27455.1	Protein_PB.27455.1	LOC113246783	LOC113246783	full-splice_match	YES	27.33	18.86	29.09
PB.27455.3	Protein_PB.27455.3	LOC113246783	LOC113246783	full-splice_match	YES	42.47	46.81	50.69
PB.27457.1	Protein_PB.27457.1	LOC113246787	LOC113246787	full-splice_match	YES	34.62	23.38	46.72
PB.27458.1	Protein_PB.27458.1	PNMA3	PNMA3	full-splice_match	YES	20.12	17.55	14.92
PB.27459.1	Protein_PB.27459.1	CETN2	CETN2	full-splice_match	YES	51.02	68.99	39.94
PB.27459.3	Protein_PB.27459.3	CETN2	CETN2	novel_in_catalog	YES	55.0	63.91	51.59
PB.27459.4	Protein_PB.27459.4	CETN2	CETN2	full-splice_match	YES	97.55	110.07	120.91
PB.27466.2	Protein_PB.27466.2	CD99L2	CD99L2	novel_in_catalog	YES	163.82	242.35	221.73
PB.27466.3	Protein_PB.27466.3	CD99L2	CD99L2	full-splice_match	YES	269.35	214.92	154.27
PB.27466.6	Protein_PB.27466.6	CD99L2	CD99L2	novel_not_in_catalog	YES	27.79	29.28	28.23
PB.27466.9	Protein_PB.27466.9	CD99L2	CD99L2	full-splice_match	YES	51.73	95.23	149.51
PB.27471.12	Protein_PB.27471.12	NSDHL	NSDHL	novel_in_catalog	YES	22.18	27.51	11.88
PB.27471.2	Protein_PB.27471.2	NSDHL	NSDHL	full-splice_match	YES	19.93	14.17	29.3
PB.27481.2	Protein_PB.27481.2	VMA21	VMA21	full-splice_match	YES	48.39	104.08	283.13
PB.27481.3	Protein_PB.27481.3	VMA21	VMA21	novel_not_in_catalog	YES	76.6	82.98	141.61
PB.27481.5	Protein_PB.27481.5	VMA21	VMA21	novel_not_in_catalog	YES	510.12	478.7	517.17
PB.27484.1	Protein_PB.27484.1	HMGB3	HMGB3	full-splice_match	YES	19.63	27.34	23.81
PB.27484.2	Protein_PB.27484.2	HMGB3	HMGB3	full-splice_match	YES	52.55	95.05	54.81
PB.27485.2	Protein_PB.27485.2	MTMR1	MTMR1	full-splice_match	YES	30.14	47.08	21.5
PB.27485.3	Protein_PB.27485.3	MTMR1	MTMR1	full-splice_match	YES	262.82	261.08	243.01
PB.27486.5	Protein_PB.27486.5	MTM1	MTM1	full-splice_match	YES	89.67	93.15	71.06
PB.27486.7	Protein_PB.27486.7	MTM1	MTM1	full-splice_match	YES	61.74	74.66	33.15
PB.27490.1	Protein_PB.27490.1	LOC113246855	LOC113246855	full-splice_match	YES	59.48	29.21	57.07
PB.27490.2	Protein_PB.27490.2	LOC113246855	LOC113246855	full-splice_match	YES	36.21	41.61	20.79
PB.27490.4	Protein_PB.27490.4	LOC113246855	LOC113246855	full-splice_match	YES	75.17	94.33	182.27
PB.27490.5	Protein_PB.27490.5	LOC113246855	LOC113246855	full-splice_match	YES	114.95	115.97	50.25
PB.27490.6	Protein_PB.27490.6	LOC113246855	LOC113246855	incomplete-splice_match	YES	18.57	11.27	15.7
PB.27490.7	Protein_PB.27490.7	LOC113246855	LOC113246855	incomplete-splice_match	YES	37.9	52.16	52.18
PB.27491.1	Protein_PB.27491.1	LOC113246857	LOC113246857	full-splice_match	YES	20.91	14.33	12.87
PB.27494.2	Protein_PB.27494.2	LOC113246844	LOC113246844	full-splice_match	YES	82.23	70.79	90.49
PB.27494.3	Protein_PB.27494.3	LOC113246844	LOC113246844	full-splice_match	YES	57.08	20.25	32.8
PB.27495.1	Protein_PB.27495.1	LOC113246846	LOC113246846	full-splice_match	YES	455.97	507.76	309.72
PB.27495.5	Protein_PB.27495.5	LOC113246846	LOC113246846	incomplete-splice_match	YES	1371.42	1432.63	904.88
PB.27501.1	Protein_PB.27501.1	novelGene_3011	novelGene_3011	intergenic	YES	62.59	50.44	72.14
PB.2751.1	Protein_PB.2751.1	PEX13	PEX13	full-splice_match	YES	249.14	311.71	239.06
PB.27512.1	Protein_PB.27512.1	LOC113246854	LOC113246854	full-splice_match	YES	51.23	47.6	36.53
PB.27517.3	Protein_PB.27517.3	LOC113246870	LOC113246870	full-splice_match	YES	6.93	42.78	26.3
PB.2753.3	Protein_PB.2753.3	REL	REL	full-splice_match	YES	19.77	19.15	26.52
PB.27534.1	Protein_PB.27534.1	LOC113246877	LOC113246877	full-splice_match	YES	51.23	47.6	36.53
PB.27534.6	Protein_PB.27534.6	LOC113246877	LOC113246877	novel_in_catalog	YES	21.53	19.84	16.27
PB.27538.1	Protein_PB.27538.1	MSN	MSN	full-splice_match	YES	520.59	339.97	388.47
PB.27538.10	Protein_PB.27538.10	MSN	MSN	incomplete-splice_match	YES	206.88	120.71	126.03
PB.27538.7	Protein_PB.27538.7	MSN	MSN	novel_not_in_catalog	YES	9.21	4.07	36.15
PB.27543.9	Protein_PB.27543.9	ZC4H2	ZC4H2	full-splice_match	YES	27.33	26.24	13.42
PB.27545.15	Protein_PB.27545.15	LAS1L	LAS1L	novel_in_catalog	YES	32.22	19.28	6.43
PB.27545.4	Protein_PB.27545.4	LAS1L	LAS1L	full-splice_match	YES	29.99	23.24	25.9
PB.27545.53	Protein_PB.27545.53	LAS1L	LAS1L	incomplete-splice_match	YES	23.15	16.44	13.71
PB.27547.1	Protein_PB.27547.1	EDA2R	EDA2R	novel_not_in_catalog	YES	9.47	18.91	33.01
PB.2755.1	Protein_PB.2755.1	PAPOLG	PAPOLG	full-splice_match	YES	17.86	20.22	15.88
PB.2755.3	Protein_PB.2755.3	PAPOLG	PAPOLG	novel_in_catalog	YES	88.98	88.3	84.06
PB.27557.1	Protein_PB.27557.1	LOC113246947	LOC113246947	full-splice_match	YES	18.52	16.86	16.45
PB.27563.1		novelGene_3031	novelGene_3031	intergenic	NO	479.12	641.25	344.16
PB.27564.1	Protein_PB.27564.1	WDR74	WDR74	full-splice_match	YES	62.55	61.98	71.18
PB.27565.5	Protein_PB.27565.5	STX5	STX5	full-splice_match	YES	82.99	84.81	81.0
PB.27565.6	Protein_PB.27565.6	STX5	STX5	full-splice_match	YES	23.24	28.47	32.17
PB.27566.4	Protein_PB.27566.4	NXF1	NXF1	full-splice_match	YES	94.38	82.31	100.94
PB.27566.5	Protein_PB.27566.5	NXF1	NXF1	novel_in_catalog	YES	20.69	20.74	26.0
PB.27567.1	Protein_PB.27567.1	TMEM223	TMEM223	full-splice_match	YES	85.15	94.44	71.22
PB.27570.1	Protein_PB.27570.1	HNRNPUL2	HNRNPUL2	full-splice_match	YES	5.65	10.12	22.05
PB.27570.2	Protein_PB.27570.2	HNRNPUL2	HNRNPUL2	full-splice_match	YES	285.37	263.15	363.69
PB.27571.1	Protein_PB.27571.1	BSCL2	BSCL2	full-splice_match	YES	48.9	56.77	24.71
PB.27571.3	Protein_PB.27571.3	BSCL2	BSCL2	full-splice_match	YES	31.29	43.47	49.34
PB.27572.1	Protein_PB.27572.1	LRRN4CL	LRRN4CL	full-splice_match	YES	44.86	27.39	51.56
PB.27573.1	Protein_PB.27573.1	UBXN1	UBXN1	full-splice_match	YES	196.22	168.77	287.39
PB.27573.2	Protein_PB.27573.2	UBXN1	UBXN1	full-splice_match	YES	652.76	693.83	997.0
PB.27574.1	Protein_PB.27574.1	CUNH11orf98	CUNH11orf98	full-splice_match	YES	134.4	142.57	173.58
PB.27574.2		CUNH11orf98	CUNH11orf98	novel_in_catalog	NO	31.07	28.04	30.59
PB.27575.1	Protein_PB.27575.1	INTS5	INTS5	full-splice_match	YES	62.86	65.78	76.44
PB.27576.3	Protein_PB.27576.3	GANAB	GANAB	full-splice_match	YES	127.73	86.32	101.42
PB.27576.4	Protein_PB.27576.4	GANAB	GANAB	full-splice_match	YES	180.64	194.65	127.9
PB.27576.7	Protein_PB.27576.7	GANAB	GANAB	novel_in_catalog	YES	31.08	22.91	29.3
PB.27577.1	Protein_PB.27577.1	B3GAT3	B3GAT3	full-splice_match	YES	350.11	354.66	335.66
PB.27578.1	Protein_PB.27578.1	EML3	EML3	full-splice_match	YES	37.61	35.45	39.21
PB.27579.1	Protein_PB.27579.1	MTA2	MTA2	full-splice_match	YES	20.2	18.31	21.34
PB.27579.2	Protein_PB.27579.2	MTA2	MTA2	novel_not_in_catalog	YES	77.33	64.42	67.54
PB.2758.11	Protein_PB.2758.11	VRK2	VRK2	full-splice_match	YES	13.47	17.29	15.8
PB.2758.15	Protein_PB.2758.15	VRK2	VRK2	novel_not_in_catalog	YES	43.62	61.43	31.46
PB.2758.2	Protein_PB.2758.2	VRK2	VRK2	full-splice_match	YES	42.14	46.79	31.23
PB.2758.8	Protein_PB.2758.8	VRK2	VRK2	novel_in_catalog	YES	16.87	24.06	22.19
PB.27580.1	Protein_PB.27580.1	TUT1	TUT1	full-splice_match	YES	52.55	53.6	59.18
PB.27580.7	Protein_PB.27580.7	TUT1	TUT1	incomplete-splice_match	YES	18.17	26.61	27.19
PB.27581.1	Protein_PB.27581.1	EEF1G	EEF1G	full-splice_match	YES	20547.83	19847.48	19706.41
PB.27581.2	Protein_PB.27581.2	EEF1G	EEF1G	novel_not_in_catalog	YES	378.27	411.24	1228.33
PB.27582.10	Protein_PB.27582.10	AHNAK	AHNAK	full-splice_match	YES	1900.4	755.2	1895.88
PB.27582.11	Protein_PB.27582.11	AHNAK	AHNAK	full-splice_match	YES	465.87	626.16	542.12
PB.27582.13	Protein_PB.27582.13	AHNAK	AHNAK	full-splice_match	YES	494.7	373.23	266.68
PB.27582.14	Protein_PB.27582.14	AHNAK	AHNAK	full-splice_match	YES	920.05	614.15	604.61
PB.27582.15	Protein_PB.27582.15	AHNAK	AHNAK	full-splice_match	YES	570.93	626.76	1096.89
PB.27582.16	Protein_PB.27582.16	AHNAK	AHNAK	novel_not_in_catalog	YES	1112.74	786.43	1157.41
PB.27582.6	Protein_PB.27582.6	AHNAK	AHNAK	full-splice_match	YES	9.99	4.14	25.87
PB.27582.7	Protein_PB.27582.7	AHNAK	AHNAK	incomplete-splice_match	YES	7635.64	5156.88	7688.15
PB.27584.1	Protein_PB.27584.1	FTH1	FTH1	full-splice_match	YES	4065.19	4178.88	4141.68
PB.27585.2	Protein_PB.27585.2	RAB3IL1	RAB3IL1	full-splice_match	YES	30.98	11.55	32.93
PB.27586.6	Protein_PB.27586.6	FADS3	FADS3	full-splice_match	YES	34.34	34.32	23.1
PB.27589.1	Protein_PB.27589.1	TMEM258	TMEM258	full-splice_match	YES	163.88	198.19	164.95
PB.27590.1	Protein_PB.27590.1	SYT7	SYT7	full-splice_match	YES	27.62	25.05	27.02
PB.27591.1	Protein_PB.27591.1	CPSF7	CPSF7	novel_in_catalog	YES	21.04	7.9	3.54
PB.27591.15	Protein_PB.27591.15	CPSF7	CPSF7	novel_not_in_catalog	YES	70.14	76.91	65.11
PB.27591.4	Protein_PB.27591.4	CPSF7	CPSF7	full-splice_match	YES	28.39	33.07	61.46
PB.27592.5	Protein_PB.27592.5	LOC113246915	LOC113246915	full-splice_match	YES	25.81	21.55	18.34
PB.27593.1	Protein_PB.27593.1	DDB1	DDB1	full-splice_match	YES	1321.42	1341.22	1472.94
PB.27593.15	Protein_PB.27593.15	DDB1	DDB1	incomplete-splice_match	YES	33.01	32.14	1.52
PB.27596.1	Protein_PB.27596.1	VPS37C	VPS37C	full-splice_match	YES	129.25	100.83	119.02
PB.27597.1	Protein_PB.27597.1	SLC15A3	SLC15A3	full-splice_match	YES	20.2	14.64	18.28
PB.27598.1	Protein_PB.27598.1	PRPF19	PRPF19	full-splice_match	YES	234.54	257.92	298.67
PB.276.12	Protein_PB.276.12	GTPBP8	GTPBP8	full-splice_match	YES	65.61	80.03	77.38
PB.2760.10	Protein_PB.2760.10	CCDC85A	CCDC85A	incomplete-splice_match	YES	65.57	51.58	94.27
PB.2760.2		CCDC85A	CCDC85A	novel_not_in_catalog	NO	21.12	16.32	19.68
PB.2760.3	Protein_PB.2760.3	CCDC85A	CCDC85A	full-splice_match	YES	19.83	15.13	6.82
PB.27602.1	Protein_PB.27602.1	RARRES3	RARRES3	full-splice_match	YES	29.9	16.43	31.54
PB.27606.1	Protein_PB.27606.1	SLC3A2	SLC3A2	full-splice_match	YES	253.9	207.18	232.65
PB.27610.1		TMEM179B	TMEM179B	novel_not_in_catalog	NO	13.14	19.73	40.91
PB.27610.2	Protein_PB.27610.2	TMEM179B	TMEM179B	full-splice_match	YES	59.79	61.0	66.26
PB.27610.3	Protein_PB.27610.3	TMEM179B	TMEM179B	full-splice_match	YES	27.97	33.27	34.73
PB.27612.1	Protein_PB.27612.1	POLR2G	POLR2G	full-splice_match	YES	137.15	166.1	143.26
PB.27616.1	Protein_PB.27616.1	LOC113246920	LOC113246920	full-splice_match	YES	70.89	70.33	84.59
PB.27616.2	Protein_PB.27616.2	LOC113246920	LOC113246920	full-splice_match	YES	69.45	93.02	73.02
PB.27617.5	Protein_PB.27617.5	CSKMT	CSKMT	full-splice_match	YES	9.14	16.76	26.19
PB.27617.6		CSKMT	CSKMT	incomplete-splice_match	NO	50.62	65.22	56.24
PB.27618.1	Protein_PB.27618.1	ROM1	ROM1	full-splice_match	YES	24.11	22.08	23.86
PB.27621.1	Protein_PB.27621.1	ASRGL1	ASRGL1	full-splice_match	YES	107.1	102.55	78.54
PB.27627.3	Protein_PB.27627.3	FADS2	FADS2	novel_not_in_catalog	YES	18.19	1.69	10.5
PB.27627.7	Protein_PB.27627.7	FEN1	FEN1	full-splice_match	YES	111.06	124.86	123.96
PB.27629.2	Protein_PB.27629.2	DAGLA	DAGLA	full-splice_match	YES	36.7	35.22	13.99
PB.27633.2	Protein_PB.27633.2	SDHAF2	SDHAF2	novel_not_in_catalog	YES	112.87	112.75	77.44
PB.27633.5	Protein_PB.27633.5	SDHAF2	SDHAF2	full-splice_match	YES	71.58	97.92	81.93
PB.27636.1	Protein_PB.27636.1	TKFC	TKFC	full-splice_match	YES	34.52	26.91	44.16
PB.2764.1	Protein_PB.2764.1	CFAP36	CFAP36	full-splice_match	YES	71.26	60.03	59.95
PB.27641.1	Protein_PB.27641.1	TMEM132A	TMEM132A	full-splice_match	YES	13.34	27.9	37.07
PB.27641.2	Protein_PB.27641.2	TMEM132A	TMEM132A	full-splice_match	YES	27.7	15.53	25.3
PB.27642.1	Protein_PB.27642.1	TMEM109	TMEM109	full-splice_match	YES	362.86	310.64	530.79
PB.27642.2	Protein_PB.27642.2	TMEM109	TMEM109	full-splice_match	YES	27.48	16.4	29.46
PB.27644.1	Protein_PB.27644.1	CCDC86	CCDC86	full-splice_match	YES	59.63	54.86	59.97
PB.27655.1	Protein_PB.27655.1	THAP7	THAP7	full-splice_match	YES	53.93	57.8	47.59
PB.27655.2	Protein_PB.27655.2	THAP7	THAP7	novel_in_catalog	YES	49.34	42.62	41.62
PB.27656.17	Protein_PB.27656.17	LOC113247056	LOC113247056	novel_in_catalog	YES	10.69	18.34	11.3
PB.27657.1	Protein_PB.27657.1	PI4KA	PI4KA	full-splice_match	YES	109.45	67.22	129.85
PB.27657.2	Protein_PB.27657.2	PI4KA	PI4KA	incomplete-splice_match	YES	82.17	92.46	103.2
PB.27657.3	Protein_PB.27657.3	PI4KA	PI4KA	incomplete-splice_match	YES	56.0	22.51	28.1
PB.27658.1	Protein_PB.27658.1	UBE2L3	UBE2L3	full-splice_match	YES	343.88	387.07	318.8
PB.2766.1	Protein_PB.2766.1	LOC113245563	LOC113245563	full-splice_match	YES	95.13	105.78	144.77
PB.27662.3	Protein_PB.27662.3	PPIL2	PPIL2	full-splice_match	YES	76.67	69.39	66.92
PB.27665.4	Protein_PB.27665.4	MMP11	MMP11	novel_in_catalog	YES	11.01	3.9	20.11
PB.27666.2	Protein_PB.27666.2	SMARCB1	SMARCB1	full-splice_match	YES	42.74	43.92	69.08
PB.27666.4	Protein_PB.27666.4	SMARCB1	SMARCB1	full-splice_match	YES	91.5	80.8	69.94
PB.27668.1	Protein_PB.27668.1	MIF	MIF	full-splice_match	YES	230.25	232.64	266.74
PB.2767.1	Protein_PB.2767.1	RPS27A	RPS27A	full-splice_match	YES	4688.29	4736.18	7068.28
PB.27671.1	Protein_PB.27671.1	LOC113247025	LOC113247025	full-splice_match	YES	32.74	22.55	24.5
PB.27673.3	Protein_PB.27673.3	LOC113247090	LOC113247090	full-splice_match	YES	99.6	108.88	112.35
PB.27673.6		LOC113247090	LOC113247090	novel_in_catalog	NO	34.89	27.33	20.48
PB.27674.2	Protein_PB.27674.2	CABIN1	CABIN1	full-splice_match	YES	49.42	68.34	60.39
PB.27674.4	Protein_PB.27674.4	CABIN1	CABIN1	incomplete-splice_match	YES	39.46	40.77	23.39
PB.27677.1	Protein_PB.27677.1	GUCD1	GUCD1	full-splice_match	YES	6.11	30.25	38.84
PB.27677.2	Protein_PB.27677.2	GUCD1	GUCD1	full-splice_match	YES	118.03	93.37	145.71
PB.27677.3	Protein_PB.27677.3	GUCD1	GUCD1	full-splice_match	YES	634.56	604.07	555.51
PB.27680.1	Protein_PB.27680.1	LZTR1	LZTR1	full-splice_match	YES	251.21	216.85	194.27
PB.27680.2	Protein_PB.27680.2	LZTR1	LZTR1	incomplete-splice_match	YES	47.43	51.84	54.65
PB.27682.1	Protein_PB.27682.1	CRKL	CRKL	full-splice_match	YES	1593.3	1706.34	1818.94
PB.27683.3	Protein_PB.27683.3	SNAP29	SNAP29	full-splice_match	YES	344.91	362.74	284.1
PB.27686.2	Protein_PB.27686.2	HIC2	HIC2	full-splice_match	YES	23.27	16.65	25.42
PB.27689.1	Protein_PB.27689.1	YPEL1	YPEL1	full-splice_match	YES	7.81	6.29	17.78
PB.27689.2	Protein_PB.27689.2	YPEL1	YPEL1	full-splice_match	YES	148.76	180.49	168.43
PB.27691.1	Protein_PB.27691.1	MAPK1	MAPK1	full-splice_match	YES	671.43	705.31	579.8
PB.27692.3	Protein_PB.27692.3	PPM1F	PPM1F	full-splice_match	YES	326.39	253.13	281.31
PB.27693.2	Protein_PB.27693.2	TOP3B	TOP3B	full-splice_match	YES	48.7	60.88	57.28
PB.27693.3	Protein_PB.27693.3	TOP3B	TOP3B	full-splice_match	YES	81.11	59.67	64.33
PB.27694.2	Protein_PB.27694.2	ZNF70	ZNF70	full-splice_match	YES	84.75	83.81	132.01
PB.27696.1		CHCHD10	CHCHD10	novel_not_in_catalog	NO	715.62	809.46	660.79
PB.27696.2	Protein_PB.27696.2	CHCHD10	CHCHD10	full-splice_match	YES	2650.05	3037.3	2440.27
PB.27696.3		CHCHD10	CHCHD10	incomplete-splice_match	NO	49.16	53.91	67.86
PB.27699.1	Protein_PB.27699.1	LOC113247069	LOC113247069	full-splice_match	YES	20.53	14.36	24.53
PB.277.1	Protein_PB.277.1	BOC	BOC	novel_not_in_catalog	YES	33.95	29.47	37.98
PB.277.4	Protein_PB.277.4	BOC	BOC	novel_not_in_catalog	YES	160.83	166.11	206.02
PB.277.7	Protein_PB.277.7	BOC	BOC	full-splice_match	YES	25.17	4.61	60.75
PB.27702.1	Protein_PB.27702.1	SNRPD3	SNRPD3	full-splice_match	YES	239.26	245.14	169.19
PB.27705.1	Protein_PB.27705.1	SPECC1L	SPECC1L	full-splice_match	YES	75.64	77.16	74.94
PB.27705.3	Protein_PB.27705.3	SPECC1L	SPECC1L	full-splice_match	YES	227.89	192.98	229.7
PB.27705.4	Protein_PB.27705.4	SPECC1L	SPECC1L	novel_not_in_catalog	YES	39.45	38.82	19.47
PB.27706.1	Protein_PB.27706.1	BCR	BCR	full-splice_match	YES	76.94	53.93	69.44
PB.2771.1	Protein_PB.2771.1	SPTBN1	SPTBN1	novel_in_catalog	YES	105.63	60.73	83.38
PB.2771.2	Protein_PB.2771.2	SPTBN1	SPTBN1	full-splice_match	YES	61.67	45.88	60.63
PB.2771.3	Protein_PB.2771.3	SPTBN1	SPTBN1	full-splice_match	YES	22.08	27.83	35.92
PB.2771.4	Protein_PB.2771.4	SPTBN1	SPTBN1	full-splice_match	YES	1958.44	1388.19	1331.7
PB.2771.5	Protein_PB.2771.5	SPTBN1	SPTBN1	novel_not_in_catalog	YES	88.37	263.14	86.02
PB.2771.6	Protein_PB.2771.6	SPTBN1	SPTBN1	full-splice_match	YES	2106.95	1185.96	1227.32
PB.2771.8	Protein_PB.2771.8	SPTBN1	SPTBN1	incomplete-splice_match	YES	353.97	205.85	222.9
PB.2771.9	Protein_PB.2771.9	SPTBN1	SPTBN1	incomplete-splice_match	YES	391.04	288.58	274.74
PB.27711.1	Protein_PB.27711.1	GNAZ	GNAZ	full-splice_match	YES	25.71	26.22	39.08
PB.27718.1	Protein_PB.27718.1	PDCD2	PDCD2	full-splice_match	YES	179.05	185.94	184.95
PB.27719.1	Protein_PB.27719.1	PSMB1	PSMB1	full-splice_match	YES	1008.74	1290.08	935.56
PB.27722.1	Protein_PB.27722.1	PHF10	PHF10	full-splice_match	YES	53.43	53.19	54.0
PB.27722.2	Protein_PB.27722.2	PHF10	PHF10	full-splice_match	YES	113.79	99.47	133.65
PB.27722.3	Protein_PB.27722.3	PHF10	PHF10	incomplete-splice_match	YES	382.62	385.57	416.45
PB.27725.1	Protein_PB.27725.1	THBS2	THBS2	full-splice_match	YES	49.49	18.67	45.97
PB.27725.11	Protein_PB.27725.11	THBS2	THBS2	incomplete-splice_match	YES	105.13	66.99	68.9
PB.27725.12	Protein_PB.27725.12	THBS2	THBS2	incomplete-splice_match	YES	27.41	11.73	19.01
PB.27725.3	Protein_PB.27725.3	THBS2	THBS2	novel_not_in_catalog	YES	70.74	21.32	51.47
PB.27728.3	Protein_PB.27728.3	DACT2	DACT2	full-splice_match	YES	47.0	30.44	25.35
PB.27731.3	Protein_PB.27731.3	FRMD1	FRMD1	full-splice_match	YES	4.45	18.91	29.39
PB.27731.4	Protein_PB.27731.4	FRMD1	FRMD1	novel_in_catalog	YES	4.14	23.57	25.13
PB.27737.2	Protein_PB.27737.2	TBP	TBP	full-splice_match	YES	86.77	96.91	89.74
PB.27738.1	Protein_PB.27738.1	FAM120B	FAM120B	full-splice_match	YES	25.8	23.9	39.36
PB.27738.17	Protein_PB.27738.17	FAM120B	FAM120B	full-splice_match	YES	27.05	43.36	34.1
PB.27738.2	Protein_PB.27738.2	FAM120B	FAM120B	full-splice_match	YES	66.15	47.05	72.39
PB.27738.9	Protein_PB.27738.9	FAM120B	FAM120B	novel_in_catalog	YES	88.79	66.29	77.77
PB.27740.2	Protein_PB.27740.2	LOC113247106_ERMARD	LOC113247106_ERMARD	fusion	YES	14.1	8.99	18.15
PB.27740.24	Protein_PB.27740.24	ERMARD	ERMARD	novel_in_catalog	YES	5.72	17.47	4.49
PB.27740.25	Protein_PB.27740.25	ERMARD	ERMARD	novel_in_catalog	YES	10.4	20.74	10.41
PB.27740.28	Protein_PB.27740.28	ERMARD	ERMARD	novel_in_catalog	YES	11.73	32.4	20.03
PB.27741.1	Protein_PB.27741.1	CUNH6orf120	CUNH6orf120	full-splice_match	YES	226.18	235.29	292.61
PB.27744.2	Protein_PB.27744.2	SMOC2	SMOC2	full-splice_match	YES	29.41	12.09	4.01
PB.27744.3	Protein_PB.27744.3	SMOC2	SMOC2	full-splice_match	YES	40.06	33.67	30.63
PB.27749.1	Protein_PB.27749.1	AFDN	AFDN	full-splice_match	YES	24.55	5.07	16.0
PB.27749.11	Protein_PB.27749.11	AFDN	AFDN	full-splice_match	YES	39.25	51.28	5.4
PB.27749.13	Protein_PB.27749.13	AFDN	AFDN	novel_not_in_catalog	YES	31.31	29.99	21.99
PB.27749.14	Protein_PB.27749.14	AFDN	AFDN	novel_not_in_catalog	YES	22.99	14.35	7.89
PB.27749.17	Protein_PB.27749.17	AFDN	AFDN	novel_not_in_catalog	YES	16.84	13.03	23.49
PB.27749.19	Protein_PB.27749.19	AFDN	AFDN	novel_not_in_catalog	YES	37.93	24.76	30.75
PB.27749.2	Protein_PB.27749.2	AFDN	AFDN	full-splice_match	YES	26.24	10.41	12.0
PB.27749.21	Protein_PB.27749.21	AFDN	AFDN	full-splice_match	YES	16.74	21.04	11.01
PB.27749.22	Protein_PB.27749.22	AFDN	AFDN	full-splice_match	YES	43.84	40.38	60.22
PB.27749.6	Protein_PB.27749.6	AFDN	AFDN	full-splice_match	YES	199.15	200.81	237.3
PB.27749.9	Protein_PB.27749.9	AFDN	AFDN	full-splice_match	YES	4.97	6.8	23.12
PB.2775.10	Protein_PB.2775.10	ACYP2	ACYP2	full-splice_match	YES	17.07	15.12	17.36
PB.2775.11	Protein_PB.2775.11	ACYP2	ACYP2	full-splice_match	YES	11.89	7.61	19.92
PB.2775.14	Protein_PB.2775.14	ACYP2	ACYP2	full-splice_match	YES	15.39	18.12	23.45
PB.2775.2	Protein_PB.2775.2	ACYP2	ACYP2	full-splice_match	YES	848.15	970.19	509.16
PB.27751.1	Protein_PB.27751.1	LOC113247187	LOC113247187	full-splice_match	YES	14.19	13.83	18.72
PB.27753.1	Protein_PB.27753.1	GNG14	GNG14	novel_not_in_catalog	YES	93.45	98.32	59.97
PB.27755.1	Protein_PB.27755.1	ASNA1	ASNA1	full-splice_match	YES	195.56	242.29	150.23
PB.27755.2	Protein_PB.27755.2	ASNA1	ASNA1	incomplete-splice_match	YES	31.38	18.27	34.13
PB.27757.11	Protein_PB.27757.11	GCDH	GCDH	novel_in_catalog	YES	153.49	228.9	80.51
PB.27757.15	Protein_PB.27757.15	GCDH	GCDH	novel_in_catalog	YES	85.36	82.95	53.3
PB.27757.20	Protein_PB.27757.20	GCDH	GCDH	incomplete-splice_match	YES	212.02	355.34	146.3
PB.27757.3	Protein_PB.27757.3	GCDH	GCDH	novel_in_catalog	YES	24.82	48.25	18.27
PB.27757.5	Protein_PB.27757.5	GCDH	GCDH	novel_not_in_catalog	YES	47.57	31.16	15.1
PB.27757.9	Protein_PB.27757.9	GCDH	GCDH	novel_in_catalog	YES	33.95	39.59	33.51
PB.27758.3	Protein_PB.27758.3	CALR	CALR	full-splice_match	YES	747.07	689.76	909.3
PB.27759.1	Protein_PB.27759.1	RAD23A	RAD23A	full-splice_match	YES	355.7	300.83	321.67
PB.27759.2	Protein_PB.27759.2	RAD23A	RAD23A	full-splice_match	YES	2408.92	2720.62	2402.92
PB.27759.8	Protein_PB.27759.8	RAD23A	RAD23A	novel_not_in_catalog	YES	34.99	66.27	36.76
PB.27761.2	Protein_PB.27761.2	NFIX	NFIX	full-splice_match	YES	34.93	16.14	26.29
PB.27761.3	Protein_PB.27761.3	NFIX	NFIX	full-splice_match	YES	389.24	198.4	263.5
PB.27761.4	Protein_PB.27761.4	NFIX	NFIX	full-splice_match	YES	322.03	340.59	449.14
PB.27761.5	Protein_PB.27761.5	NFIX	NFIX	full-splice_match	YES	49.72	39.34	84.29
PB.27761.6	Protein_PB.27761.6	NFIX	NFIX	novel_in_catalog	YES	231.45	213.46	262.0
PB.27762.1	Protein_PB.27762.1	NACC1	NACC1	novel_in_catalog	YES	76.4	90.23	98.66
PB.27763.1	Protein_PB.27763.1	IER2	IER2	full-splice_match	YES	21.57	18.25	34.53
PB.27766.1	Protein_PB.27766.1	CCDC130	CCDC130	full-splice_match	YES	31.69	27.78	38.11
PB.27767.11	Protein_PB.27767.11	CUNH19orf53	CUNH19orf53	novel_not_in_catalog	YES	117.39	119.33	109.35
PB.27767.12		MRI1	MRI1	incomplete-splice_match	NO	252.74	259.78	243.5
PB.27767.5	Protein_PB.27767.5	MRI1	MRI1	incomplete-splice_match	YES	40.52	43.91	44.81
PB.27768.1	Protein_PB.27768.1	ZSWIM4	ZSWIM4	full-splice_match	YES	25.2	22.33	17.61
PB.27770.1	Protein_PB.27770.1	CC2D1A	CC2D1A	full-splice_match	YES	12.31	23.43	21.62
PB.27770.2	Protein_PB.27770.2	CC2D1A	CC2D1A	full-splice_match	YES	56.02	27.08	60.15
PB.27770.3	Protein_PB.27770.3	CC2D1A	CC2D1A	full-splice_match	YES	7.64	21.28	0.02
PB.27770.5	Protein_PB.27770.5	CC2D1A	CC2D1A	incomplete-splice_match	YES	24.05	20.74	21.21
PB.27771.1	Protein_PB.27771.1	DCAF15	DCAF15	full-splice_match	YES	37.84	39.99	50.19
PB.27774.1	Protein_PB.27774.1	IL27RA	IL27RA	full-splice_match	YES	43.01	26.87	26.96
PB.27775.3	Protein_PB.27775.3	MISP3	MISP3	full-splice_match	YES	18.85	14.95	18.03
PB.27776.10	Protein_PB.27776.10	ADGRE5	ADGRE5	full-splice_match	YES	32.7	12.28	22.53
PB.27776.5	Protein_PB.27776.5	ADGRE5	ADGRE5	full-splice_match	YES	15.37	25.62	33.96
PB.27777.1	Protein_PB.27777.1	PKN1	PKN1	full-splice_match	YES	99.11	122.31	54.48
PB.27777.2	Protein_PB.27777.2	PKN1	PKN1	full-splice_match	YES	244.07	233.63	247.03
PB.27778.4	Protein_PB.27778.4	TECR	TECR	full-splice_match	YES	413.93	395.48	384.97
PB.27778.5	Protein_PB.27778.5	TECR	TECR	incomplete-splice_match	YES	492.43	557.79	575.69
PB.2778.2	Protein_PB.2778.2	ERLEC1	ERLEC1	full-splice_match	YES	144.65	152.1	154.02
PB.2778.3	Protein_PB.2778.3	ERLEC1	ERLEC1	full-splice_match	YES	203.08	212.06	206.08
PB.2778.4	Protein_PB.2778.4	ERLEC1	ERLEC1	novel_not_in_catalog	YES	21.88	7.66	8.18
PB.27795.1	Protein_PB.27795.1	MAN2B1	MAN2B1	full-splice_match	YES	34.22	52.6	41.2
PB.27795.2	Protein_PB.27795.2	MAN2B1	MAN2B1	full-splice_match	YES	216.8	158.09	188.65
PB.27796.1	Protein_PB.27796.1	WDR83OS	WDR83OS	full-splice_match	YES	435.8	472.35	450.46
PB.27796.2		WDR83OS	WDR83OS	incomplete-splice_match	NO	73.97	107.13	100.83
PB.27797.4	Protein_PB.27797.4	DHPS	DHPS	full-splice_match	YES	232.03	251.24	269.85
PB.2780.1	Protein_PB.2780.1	LOC113268406	LOC113268406	full-splice_match	YES	146.69	139.38	85.21
PB.27800.4	Protein_PB.27800.4	TNPO2	TNPO2	novel_in_catalog	YES	95.15	67.76	112.22
PB.27802.1	Protein_PB.27802.1	TRIR	TRIR	full-splice_match	YES	116.71	100.56	128.29
PB.27803.2	Protein_PB.27803.2	DNASE2	DNASE2	full-splice_match	YES	34.19	33.05	29.64
PB.27806.1	Protein_PB.27806.1	FARSA	FARSA	full-splice_match	YES	232.87	224.13	171.28
PB.27807.1	Protein_PB.27807.1	GADD45GIP1	GADD45GIP1	full-splice_match	YES	129.87	132.36	109.5
PB.27810.2	Protein_PB.27810.2	TRMT1	TRMT1	full-splice_match	YES	46.43	49.22	49.05
PB.27811.6	Protein_PB.27811.6	STX10	STX10	full-splice_match	YES	30.45	24.59	26.17
PB.27813.1		LOC113247190	LOC113247190	full-splice_match	NO	20.22	14.44	35.55
PB.27813.2		LOC113247190	LOC113247190	full-splice_match	NO	16.34	22.12	45.48
PB.27819.1	Protein_PB.27819.1	SAMD1	SAMD1	full-splice_match	YES	21.01	19.31	23.65
PB.27819.2	Protein_PB.27819.2	SAMD1	SAMD1	incomplete-splice_match	YES	49.5	36.73	30.43
PB.27820.1	Protein_PB.27820.1	PRKACA	PRKACA	full-splice_match	YES	287.0	276.25	366.03
PB.27825.2	Protein_PB.27825.2	DDX39A	DDX39A	full-splice_match	YES	130.7	125.11	130.26
PB.27827.1	Protein_PB.27827.1	GIPC1	GIPC1	full-splice_match	YES	72.3	73.44	55.31
PB.27828.1	Protein_PB.27828.1	DNAJB1	DNAJB1	full-splice_match	YES	73.79	43.56	82.13
PB.27828.2	Protein_PB.27828.2	LOC113247158_DNAJB1	LOC113247158_DNAJB1	fusion	YES	40.62	26.86	74.04
PB.27828.3	Protein_PB.27828.3	LOC113247158_DNAJB1	LOC113247158_DNAJB1	fusion	YES	5.97	16.47	27.84
PB.27828.4	Protein_PB.27828.4	LOC113247158_DNAJB1	LOC113247158_DNAJB1	fusion	YES	102.56	109.38	142.01
PB.27828.6	Protein_PB.27828.6	LOC113247158_DNAJB1	LOC113247158_DNAJB1	fusion	YES	3.16	9.92	27.32
PB.27828.7	Protein_PB.27828.7	LOC113247158	LOC113247158	full-splice_match	YES	24.97	23.81	43.19
PB.27829.1	Protein_PB.27829.1	NDUFB7	NDUFB7	full-splice_match	YES	879.04	1016.33	910.17
PB.2783.1	Protein_PB.2783.1	STON1	STON1	full-splice_match	YES	33.49	27.18	36.01
PB.2783.2	Protein_PB.2783.2	STON1	STON1	full-splice_match	YES	140.73	95.8	109.79
PB.2783.3	Protein_PB.2783.3	STON1	STON1	novel_not_in_catalog	YES	33.33	33.75	42.84
PB.27839.3	Protein_PB.27839.3	FAM199X	FAM199X	full-splice_match	YES	101.95	99.12	125.12
PB.2784.1	Protein_PB.2784.1	PPP1R21	PPP1R21	full-splice_match	YES	21.48	14.97	26.52
PB.2784.2	Protein_PB.2784.2	PPP1R21	PPP1R21	novel_in_catalog	YES	49.5	42.24	60.47
PB.27843.1	Protein_PB.27843.1	NRK	NRK	full-splice_match	YES	3.77	15.3	18.5
PB.27843.3	Protein_PB.27843.3	NRK	NRK	full-splice_match	YES	42.14	17.21	20.72
PB.27845.2		TMSB15B	TMSB15B	full-splice_match	NO	39.43	33.76	35.06
PB.27862.1	Protein_PB.27862.1	ZNF577	ZNF577	novel_not_in_catalog	YES	33.05	37.4	27.72
PB.27863.10	Protein_PB.27863.10	LOC113247253	LOC113247253	novel_not_in_catalog	YES	52.19	15.75	20.13
PB.27863.9	Protein_PB.27863.9	LOC113247253	LOC113247253	novel_not_in_catalog	YES	30.2	75.29	63.87
PB.2787.3	Protein_PB.2787.3	FOXN2	FOXN2	full-splice_match	YES	140.26	146.62	123.26
PB.2787.7	Protein_PB.2787.7	FOXN2	FOXN2	full-splice_match	YES	62.74	85.15	107.95
PB.27877.10	Protein_PB.27877.10	ETFB	ETFB	novel_not_in_catalog	YES	110.99	169.61	127.33
PB.27877.2	Protein_PB.27877.2	ETFB	ETFB	full-splice_match	YES	1148.56	1693.47	1220.35
PB.27877.4	Protein_PB.27877.4	ETFB	ETFB	novel_in_catalog	YES	16.64	28.43	20.45
PB.27880.1	Protein_PB.27880.1	CTU1	CTU1	full-splice_match	YES	17.87	14.36	16.2
PB.27881.1	Protein_PB.27881.1	KLK14	KLK14	full-splice_match	YES	11.15	18.96	15.55
PB.2789.1	Protein_PB.2789.1	MSH6	MSH6	full-splice_match	YES	141.38	182.97	234.74
PB.2789.3	Protein_PB.2789.3	MSH6	MSH6	novel_not_in_catalog	YES	138.44	122.77	74.23
PB.279.1	Protein_PB.279.1	ATP6V1A	ATP6V1A	novel_not_in_catalog	YES	94.89	73.67	97.47
PB.279.3	Protein_PB.279.3	ATP6V1A	ATP6V1A	novel_not_in_catalog	YES	15.17	33.19	6.31
PB.279.4	Protein_PB.279.4	ATP6V1A	ATP6V1A	novel_not_in_catalog	YES	79.64	77.81	72.15
PB.27901.10	Protein_PB.27901.10	JOSD2	JOSD2	full-splice_match	YES	22.69	23.83	37.87
PB.27901.11	Protein_PB.27901.11	JOSD2	JOSD2	full-splice_match	YES	63.36	50.67	48.22
PB.27901.12	Protein_PB.27901.12	JOSD2	JOSD2	full-splice_match	YES	130.09	137.59	100.79
PB.27901.8	Protein_PB.27901.8	JOSD2	JOSD2	full-splice_match	YES	12.51	18.86	22.85
PB.27901.9	Protein_PB.27901.9	JOSD2	JOSD2	full-splice_match	YES	175.46	170.73	181.82
PB.27907.1	Protein_PB.27907.1	LOC113247252	LOC113247252	full-splice_match	YES	30.2	31.66	33.61
PB.27908.3	Protein_PB.27908.3	LOC113247248	LOC113247248	full-splice_match	YES	109.9	100.82	126.9
PB.2791.3	Protein_PB.2791.3	MSH2	MSH2	full-splice_match	YES	129.25	150.72	154.52
PB.27917.4	Protein_PB.27917.4	PPP2R1A	PPP2R1A	full-splice_match	YES	19.68	9.91	23.02
PB.27917.5	Protein_PB.27917.5	PPP2R1A	PPP2R1A	full-splice_match	YES	591.4	620.0	660.89
PB.27920.1	Protein_PB.27920.1	ZNF350	ZNF350	novel_not_in_catalog	YES	42.51	31.48	50.49
PB.27920.5	Protein_PB.27920.5	ZNF350	ZNF350	full-splice_match	YES	15.3	30.84	28.83
PB.27922.2	Protein_PB.27922.2	ZNF432	ZNF432	novel_not_in_catalog	YES	18.32	25.33	29.75
PB.27922.8	Protein_PB.27922.8	ZNF432	ZNF432	novel_not_in_catalog	YES	37.68	32.69	42.41
PB.27923.1	Protein_PB.27923.1	LOC113247329_ZNF613	LOC113247329_ZNF613	fusion	YES	6.31	24.4	16.9
PB.27923.3	Protein_PB.27923.3	ZNF613	ZNF613	novel_not_in_catalog	YES	21.64	12.38	19.3
PB.27923.6	Protein_PB.27923.6	ZNF613	ZNF613	novel_in_catalog	YES	23.91	11.7	12.17
PB.27923.7	Protein_PB.27923.7	LOC113247329_ZNF613	LOC113247329_ZNF613	fusion	YES	13.6	13.55	25.86
PB.2793.5	Protein_PB.2793.5	TTC7A	TTC7A	full-splice_match	YES	35.65	14.02	30.02
PB.27942.1	Protein_PB.27942.1	CLEC11A	CLEC11A	full-splice_match	YES	35.84	14.95	22.94
PB.27944.1	Protein_PB.27944.1	EMC10	EMC10	full-splice_match	YES	42.3	35.79	88.81
PB.27944.2	Protein_PB.27944.2	EMC10	EMC10	full-splice_match	YES	448.15	516.92	703.74
PB.27945.1	Protein_PB.27945.1	MYBPC2	MYBPC2	novel_not_in_catalog	YES	3422.74	1936.86	1599.89
PB.27945.12	Protein_PB.27945.12	MYBPC2	MYBPC2	novel_not_in_catalog	YES	99.25	39.09	47.61
PB.27945.15	Protein_PB.27945.15	MYBPC2	MYBPC2	novel_not_in_catalog	YES	134.71	101.13	485.55
PB.27945.16	Protein_PB.27945.16	MYBPC2	MYBPC2	novel_not_in_catalog	YES	665.99	330.03	306.2
PB.27945.17	Protein_PB.27945.17	MYBPC2	MYBPC2	novel_not_in_catalog	YES	5857.11	3611.55	3381.44
PB.27945.18	Protein_PB.27945.18	MYBPC2	MYBPC2	novel_in_catalog	YES	4150.8	2018.69	2071.44
PB.27945.19	Protein_PB.27945.19	MYBPC2	MYBPC2	novel_not_in_catalog	YES	1407.76	599.03	795.87
PB.27945.20	Protein_PB.27945.20	MYBPC2	MYBPC2	novel_not_in_catalog	YES	33.84	3.2	12.05
PB.27945.6	Protein_PB.27945.6	MYBPC2	MYBPC2	full-splice_match	YES	845.93	512.6	583.62
PB.27945.8	Protein_PB.27945.8	MYBPC2	MYBPC2	novel_not_in_catalog	YES	1859.67	799.05	551.54
PB.27947.5	Protein_PB.27947.5	POLD1	POLD1	novel_not_in_catalog	YES	29.13	8.65	18.03
PB.27948.1	Protein_PB.27948.1	NR1H2	NR1H2	full-splice_match	YES	182.47	190.41	200.66
PB.27948.2	Protein_PB.27948.2	NR1H2	NR1H2	novel_not_in_catalog	YES	29.04	39.91	2.98
PB.27948.5	Protein_PB.27948.5	NR1H2	NR1H2	novel_not_in_catalog	YES	130.86	118.74	156.95
PB.27949.1		novelGene_NAPSA_AS	novelGene_NAPSA_AS	antisense	NO	19.27	20.55	30.58
PB.2795.4	Protein_PB.2795.4	SOCS5	SOCS5	full-splice_match	YES	17.12	20.79	21.71
PB.2795.6	Protein_PB.2795.6	SOCS5	SOCS5	novel_not_in_catalog	YES	135.3	137.73	157.41
PB.27950.1	Protein_PB.27950.1	MYH14	MYH14	full-splice_match	YES	1148.6	1043.99	1216.46
PB.27956.17	Protein_PB.27956.17	ZNF331	ZNF331	novel_in_catalog	YES	5.44	2.88	18.22
PB.27956.21	Protein_PB.27956.21	ZNF331	ZNF331	novel_in_catalog	YES	15.29	28.54	22.7
PB.27959.3	Protein_PB.27959.3	MYADM	MYADM	novel_not_in_catalog	YES	45.5	9.42	36.55
PB.27959.4	Protein_PB.27959.4	MYADM	MYADM	full-splice_match	YES	70.7	48.1	48.52
PB.27959.5	Protein_PB.27959.5	MYADM	MYADM	incomplete-splice_match	YES	20.6	6.39	12.39
PB.2796.1		CRIPT	CRIPT	novel_not_in_catalog	NO	21.25	19.75	15.63
PB.2796.2	Protein_PB.2796.2	CRIPT	CRIPT	full-splice_match	YES	173.18	158.6	171.8
PB.27963.3	Protein_PB.27963.3	CACNG6	CACNG6	full-splice_match	YES	152.17	151.67	188.78
PB.27965.1	Protein_PB.27965.1	NDUFA3	NDUFA3	full-splice_match	YES	1330.6	1421.95	1204.88
PB.27965.3		NDUFA3	NDUFA3	novel_not_in_catalog	NO	130.48	123.33	85.57
PB.27966.1	Protein_PB.27966.1	PRPF31	PRPF31	full-splice_match	YES	201.29	200.69	197.51
PB.27967.1	Protein_PB.27967.1	CNOT3	CNOT3	full-splice_match	YES	19.85	15.46	19.93
PB.27968.1	Protein_PB.27968.1	TSEN34	TSEN34	full-splice_match	YES	40.12	23.59	33.28
PB.27968.3	Protein_PB.27968.3	TSEN34	TSEN34	incomplete-splice_match	YES	33.35	52.01	55.06
PB.2797.1	Protein_PB.2797.1	RHOQ	RHOQ	full-splice_match	YES	2806.07	2832.13	2540.5
PB.27974.1	Protein_PB.27974.1	LENG8	LENG8	full-splice_match	YES	43.23	35.62	47.53
PB.27974.2	Protein_PB.27974.2	LENG8	LENG8	full-splice_match	YES	66.93	33.03	36.97
PB.27974.5	Protein_PB.27974.5	LENG8	LENG8	novel_not_in_catalog	YES	13.33	15.12	23.49
PB.27985.1	Protein_PB.27985.1	RPL28	RPL28	full-splice_match	YES	1371.92	1327.63	1617.73
PB.27986.8	Protein_PB.27986.8	NAT14	NAT14	full-splice_match	YES	13.67	13.57	20.56
PB.27988.1	Protein_PB.27988.1	ZNF524	ZNF524	full-splice_match	YES	85.58	92.49	85.17
PB.27989.1	Protein_PB.27989.1	ZNF865	ZNF865	full-splice_match	YES	32.28	40.34	26.66
PB.27989.2	Protein_PB.27989.2	ZNF865	ZNF865	full-splice_match	YES	32.97	34.23	89.47
PB.27993.10	Protein_PB.27993.10	U2AF2	U2AF2	novel_not_in_catalog	YES	22.65	11.69	29.9
PB.27993.2	Protein_PB.27993.2	U2AF2	U2AF2	full-splice_match	YES	112.37	111.98	117.69
PB.27994.1	Protein_PB.27994.1	EPN1	EPN1	full-splice_match	YES	35.97	17.62	7.5
PB.27994.2	Protein_PB.27994.2	EPN1	EPN1	full-splice_match	YES	1757.78	1791.64	1682.98
PB.27996.3	Protein_PB.27996.3	LOC113247379	LOC113247379	novel_not_in_catalog	YES	15.63	19.43	20.22
PB.27996.4	Protein_PB.27996.4	LOC113247379	LOC113247379	novel_not_in_catalog	YES	149.62	99.75	113.68
PB.28.1	Protein_PB.28.1	UBE2G2	UBE2G2	full-splice_match	YES	311.4	292.48	448.99
PB.28.4	Protein_PB.28.4	UBE2G2	UBE2G2	full-splice_match	YES	623.29	739.03	469.15
PB.280.1	Protein_PB.280.1	GRAMD1C	GRAMD1C	full-splice_match	YES	8.44	11.79	16.38
PB.2800.1	Protein_PB.2800.1	LOC113246149_EPAS1	LOC113246149_EPAS1	fusion	YES	559.04	236.12	335.9
PB.2800.2	Protein_PB.2800.2	EPAS1	EPAS1	full-splice_match	YES	137.74	186.42	95.46
PB.2800.5	Protein_PB.2800.5	EPAS1	EPAS1	novel_not_in_catalog	YES	266.47	156.61	153.67
PB.2800.6	Protein_PB.2800.6	LOC113246149_EPAS1	LOC113246149_EPAS1	fusion	YES	369.31	392.46	238.27
PB.2800.7	Protein_PB.2800.7	LOC113246149_EPAS1	LOC113246149_EPAS1	fusion	YES	20.03	17.36	17.9
PB.2800.8	Protein_PB.2800.8	LOC113246149_EPAS1	LOC113246149_EPAS1	fusion	YES	11.35	14.41	18.63
PB.2801.1	Protein_PB.2801.1	PRKCE	PRKCE	full-splice_match	YES	90.8	75.42	84.81
PB.28010.2	Protein_PB.28010.2	TFPT	TFPT	full-splice_match	YES	28.51	23.22	25.71
PB.28011.1	Protein_PB.28011.1	LENG1	LENG1	full-splice_match	YES	30.13	26.13	31.85
PB.28013.5	Protein_PB.28013.5	MBOAT7	MBOAT7	novel_in_catalog	YES	46.75	37.42	56.05
PB.28015.1	Protein_PB.28015.1	RPS9	RPS9	full-splice_match	YES	4146.04	4246.59	5206.01
PB.28015.3	Protein_PB.28015.3	RPS9	RPS9	novel_not_in_catalog	YES	45.73	28.89	77.31
PB.28021.3		LOC113247444	LOC113247444	full-splice_match	NO	15.0	18.45	17.23
PB.28022.1	Protein_PB.28022.1	LENG9	LENG9	full-splice_match	YES	20.13	18.59	21.06
PB.28026.2	Protein_PB.28026.2	RDH13	RDH13	full-splice_match	YES	75.59	75.93	81.43
PB.28027.1	Protein_PB.28027.1	PPP1R12C	PPP1R12C	full-splice_match	YES	168.33	140.6	124.55
PB.28028.1	Protein_PB.28028.1	TNNT1	TNNT1	novel_not_in_catalog	YES	68252.3	93191.8	63627.3
PB.28029.1	Protein_PB.28029.1	LOC113247381	LOC113247381	full-splice_match	YES	164.95	223.08	601.13
PB.28029.2	Protein_PB.28029.2	LOC113247381	LOC113247381	full-splice_match	YES	26.18	46.26	16.42
PB.28033.1	Protein_PB.28033.1	PPP6R1	PPP6R1	full-splice_match	YES	23.16	33.04	37.85
PB.28033.5	Protein_PB.28033.5	PPP6R1	PPP6R1	full-splice_match	YES	125.26	96.18	120.26
PB.28033.6	Protein_PB.28033.6	PPP6R1	PPP6R1	full-splice_match	YES	73.84	66.4	33.13
PB.28034.2	Protein_PB.28034.2	HSPBP1	HSPBP1	full-splice_match	YES	85.11	104.34	59.51
PB.28034.5	Protein_PB.28034.5	HSPBP1	HSPBP1	full-splice_match	YES	33.51	38.5	35.55
PB.28041.1	Protein_PB.28041.1	UBE2S	UBE2S	full-splice_match	YES	133.06	134.81	121.22
PB.28043.2	Protein_PB.28043.2	ISOC2	ISOC2	full-splice_match	YES	36.29	38.68	19.34
PB.28043.3	Protein_PB.28043.3	ISOC2	ISOC2	full-splice_match	YES	110.79	147.15	103.64
PB.28044.2	Protein_PB.28044.2	SBK2	SBK2	full-splice_match	YES	98.01	57.62	45.35
PB.28044.4	Protein_PB.28044.4	SBK2	SBK2	novel_in_catalog	YES	37.18	45.19	26.9
PB.28045.1	Protein_PB.28045.1	SBK3	SBK3	novel_not_in_catalog	YES	84.89	129.38	79.47
PB.28046.1	Protein_PB.28046.1	ZNF579	ZNF579	full-splice_match	YES	55.87	53.66	60.09
PB.28048.1	Protein_PB.28048.1	ZNF784	ZNF784	full-splice_match	YES	230.37	216.99	239.59
PB.28050.1	Protein_PB.28050.1	SNAP47	SNAP47	novel_in_catalog	YES	11.73	14.72	28.9
PB.28050.2	Protein_PB.28050.2	SNAP47	SNAP47	full-splice_match	YES	47.9	48.7	28.82
PB.28053.2	Protein_PB.28053.2	ARF1	ARF1	novel_in_catalog	YES	38.25	37.09	39.98
PB.28053.4	Protein_PB.28053.4	ARF1	ARF1	full-splice_match	YES	1236.76	1285.39	1169.86
PB.28053.5	Protein_PB.28053.5	ARF1	ARF1	full-splice_match	YES	37.97	14.74	11.81
PB.28053.6	Protein_PB.28053.6	ARF1	ARF1	full-splice_match	YES	239.75	277.7	284.66
PB.28054.2	Protein_PB.28054.2	GUK1	GUK1	full-splice_match	YES	268.47	269.14	235.99
PB.28054.3	Protein_PB.28054.3	GUK1	GUK1	full-splice_match	YES	25.63	24.15	77.6
PB.28056.1	Protein_PB.28056.1	IBA57	IBA57	full-splice_match	YES	125.96	159.42	113.01
PB.28057.1	Protein_PB.28057.1	OBSCN	OBSCN	full-splice_match	YES	25564.46	20726.91	28881.05
PB.28057.10	Protein_PB.28057.10	OBSCN	OBSCN	incomplete-splice_match	YES	27.61	21.55	29.27
PB.28057.11	Protein_PB.28057.11	OBSCN	OBSCN	novel_not_in_catalog	YES	31.35	26.76	35.42
PB.28057.12	Protein_PB.28057.12	OBSCN	OBSCN	incomplete-splice_match	YES	197.88	168.52	224.39
PB.28057.13	Protein_PB.28057.13	OBSCN	OBSCN	novel_not_in_catalog	YES	26.97	7.63	20.62
PB.28057.2	Protein_PB.28057.2	OBSCN	OBSCN	novel_not_in_catalog	YES	7314.58	6580.5	8815.3
PB.28057.4	Protein_PB.28057.4	OBSCN	OBSCN	novel_not_in_catalog	YES	29.72	20.84	12.94
PB.28057.5	Protein_PB.28057.5	OBSCN	OBSCN	novel_not_in_catalog	YES	1115.23	1093.84	1233.33
PB.28057.6	Protein_PB.28057.6	OBSCN	OBSCN	novel_not_in_catalog	YES	6.72	19.09	9.08
PB.28057.7	Protein_PB.28057.7	OBSCN	OBSCN	novel_not_in_catalog	YES	29.24	18.66	33.25
PB.28060.1	Protein_PB.28060.1	RNF187	RNF187	full-splice_match	YES	351.97	352.32	269.89
PB.28077.2	Protein_PB.28077.2	JMJD4	JMJD4	full-splice_match	YES	367.05	382.79	506.4
PB.28080.3	Protein_PB.28080.3	WNT9A	WNT9A	full-splice_match	YES	13.65	4.24	28.6
PB.28081.1	Protein_PB.28081.1	CUNH1orf35	CUNH1orf35	full-splice_match	YES	109.3	112.08	107.62
PB.28081.2	Protein_PB.28081.2	CUNH1orf35	CUNH1orf35	full-splice_match	YES	16.93	21.0	44.19
PB.28082.1	Protein_PB.28082.1	MRPL55	MRPL55	full-splice_match	YES	196.82	215.52	194.02
PB.28082.2	Protein_PB.28082.2	MRPL55	MRPL55	full-splice_match	YES	267.12	326.4	207.2
PB.28083.1	Protein_PB.28083.1	TRIM11	TRIM11	full-splice_match	YES	22.98	22.24	26.67
PB.2809.14		LOC113246267	LOC113246267	full-splice_match	NO	24.77	25.52	25.95
PB.2809.3	Protein_PB.2809.3	PPM1B	PPM1B	full-splice_match	YES	523.0	603.64	300.31
PB.2809.5	Protein_PB.2809.5	PPM1B	PPM1B	novel_not_in_catalog	YES	33.33	8.22	23.92
PB.2809.6	Protein_PB.2809.6	LOC113246267_PPM1B	LOC113246267_PPM1B	fusion	YES	195.85	201.49	308.36
PB.2809.9	Protein_PB.2809.9	PPM1B	PPM1B	full-splice_match	YES	747.27	915.92	725.49
PB.28092.1	Protein_PB.28092.1	ZNF496	ZNF496	full-splice_match	YES	165.8	158.45	165.3
PB.28101.2	Protein_PB.28101.2	TSPYL2	TSPYL2	full-splice_match	YES	16.39	13.43	41.21
PB.28101.4	Protein_PB.28101.4	TSPYL2	TSPYL2	novel_in_catalog	YES	58.46	65.7	104.04
PB.28103.2	Protein_PB.28103.2	RIBC1	RIBC1	full-splice_match	YES	16.72	21.23	24.97
PB.28106.1	Protein_PB.28106.1	TSR2	TSR2	novel_in_catalog	YES	17.49	12.84	14.75
PB.28106.3	Protein_PB.28106.3	TSR2	TSR2	full-splice_match	YES	347.34	374.13	372.65
PB.28107.1	Protein_PB.28107.1	GNL3L	GNL3L	full-splice_match	YES	551.65	729.55	562.72
PB.28107.10	Protein_PB.28107.10	GNL3L	GNL3L	novel_in_catalog	YES	41.4	33.95	34.75
PB.28107.15	Protein_PB.28107.15	GNL3L	GNL3L	incomplete-splice_match	YES	28.04	34.56	23.37
PB.28107.3	Protein_PB.28107.3	GNL3L	GNL3L	novel_in_catalog	YES	23.87	16.12	18.7
PB.28107.5	Protein_PB.28107.5	GNL3L	GNL3L	novel_in_catalog	YES	13.45	23.51	31.18
PB.28107.8	Protein_PB.28107.8	GNL3L	GNL3L	full-splice_match	YES	31.02	15.71	31.62
PB.28109.10	Protein_PB.28109.10	KDM5C	KDM5C	full-splice_match	YES	45.63	40.33	27.78
PB.28109.2	Protein_PB.28109.2	KDM5C	KDM5C	novel_in_catalog	YES	139.68	146.0	136.92
PB.28109.4	Protein_PB.28109.4	KDM5C	KDM5C	novel_not_in_catalog	YES	104.12	109.03	133.34
PB.28109.5	Protein_PB.28109.5	KDM5C	KDM5C	full-splice_match	YES	36.99	27.6	75.8
PB.28110.6	Protein_PB.28110.6	IQSEC2	IQSEC2	novel_not_in_catalog	YES	39.16	25.42	20.07
PB.28112.3	Protein_PB.28112.3	SMC1A	SMC1A	full-splice_match	YES	18.38	6.25	6.7
PB.28112.4	Protein_PB.28112.4	SMC1A	SMC1A	full-splice_match	YES	28.94	34.18	54.43
PB.28112.5	Protein_PB.28112.5	SMC1A	SMC1A	incomplete-splice_match	YES	24.48	17.86	35.9
PB.28112.6	Protein_PB.28112.6	SMC1A	SMC1A	full-splice_match	YES	240.31	219.34	270.48
PB.28112.9	Protein_PB.28112.9	SMC1A	SMC1A	incomplete-splice_match	YES	10.55	19.2	6.2
PB.28113.1	Protein_PB.28113.1	HSD17B10	HSD17B10	full-splice_match	YES	887.46	1116.06	722.18
PB.28117.1	Protein_PB.28117.1	HUWE1	HUWE1	full-splice_match	YES	161.15	151.72	259.68
PB.28117.11	Protein_PB.28117.11	HUWE1	HUWE1	full-splice_match	YES	321.03	247.79	163.45
PB.28117.12	Protein_PB.28117.12	HUWE1	HUWE1	incomplete-splice_match	YES	806.47	741.3	875.11
PB.28117.13	Protein_PB.28117.13	HUWE1	HUWE1	novel_in_catalog	YES	268.53	257.33	270.87
PB.28117.14	Protein_PB.28117.14	HUWE1	HUWE1	novel_in_catalog	YES	48.72	31.77	79.46
PB.28117.3	Protein_PB.28117.3	HUWE1	HUWE1	full-splice_match	YES	23.6	29.99	23.9
PB.28118.5	Protein_PB.28118.5	PHF8	PHF8	novel_in_catalog	YES	29.22	22.79	25.88
PB.28119.8	Protein_PB.28119.8	FAM120C	FAM120C	incomplete-splice_match	YES	53.76	53.24	62.47
PB.28122.1	Protein_PB.28122.1	FGD1	FGD1	full-splice_match	YES	14.2	16.52	19.02
PB.28125.1	Protein_PB.28125.1	ATP11A	ATP11A	full-splice_match	YES	72.84	25.5	53.61
PB.28125.10	Protein_PB.28125.10	ATP11A	ATP11A	incomplete-splice_match	YES	44.02	39.04	51.68
PB.28125.6	Protein_PB.28125.6	ATP11A	ATP11A	full-splice_match	YES	47.72	48.62	43.28
PB.28127.7	Protein_PB.28127.7	MCF2L	MCF2L	novel_in_catalog	YES	34.1	19.12	25.21
PB.28130.1	Protein_PB.28130.1	CUL4A	CUL4A	full-splice_match	YES	2661.47	3014.78	2185.12
PB.28130.3	Protein_PB.28130.3	CUL4A	CUL4A	full-splice_match	YES	434.24	459.97	317.23
PB.28130.4	Protein_PB.28130.4	CUL4A	CUL4A	novel_not_in_catalog	YES	18.47	11.24	20.57
PB.28131.2	Protein_PB.28131.2	LAMP1	LAMP1	full-splice_match	YES	362.16	354.95	260.48
PB.28131.4	Protein_PB.28131.4	LAMP1	LAMP1	incomplete-splice_match	YES	334.0	334.29	285.73
PB.28132.10	Protein_PB.28132.10	TMCO3	TMCO3	incomplete-splice_match	YES	7.43	5.73	22.35
PB.28132.12	Protein_PB.28132.12	TMCO3	TMCO3	incomplete-splice_match	YES	38.54	65.89	27.86
PB.28132.19	Protein_PB.28132.19	TMCO3	TMCO3	novel_in_catalog	YES	31.03	3.31	21.74
PB.28132.2	Protein_PB.28132.2	TMCO3	TMCO3	incomplete-splice_match	YES	38.68	49.7	20.64
PB.28132.3	Protein_PB.28132.3	TMCO3	TMCO3	novel_in_catalog	YES	17.25	28.12	36.02
PB.28133.1	Protein_PB.28133.1	TFDP1	TFDP1	novel_not_in_catalog	YES	240.49	219.58	196.95
PB.28133.2	Protein_PB.28133.2	TFDP1	TFDP1	novel_not_in_catalog	YES	20.45	36.07	22.27
PB.28136.2	Protein_PB.28136.2	CDC16	CDC16	full-splice_match	YES	129.45	131.01	126.04
PB.28137.11	Protein_PB.28137.11	UPF3A	UPF3A	full-splice_match	YES	33.78	33.26	28.79
PB.28137.13	Protein_PB.28137.13	UPF3A	UPF3A	novel_in_catalog	YES	8.13	14.04	30.43
PB.28137.14	Protein_PB.28137.14	UPF3A	UPF3A	novel_in_catalog	YES	36.0	27.82	17.48
PB.28137.17	Protein_PB.28137.17	UPF3A	UPF3A	full-splice_match	YES	17.61	17.93	25.19
PB.28141.12	Protein_PB.28141.12	TUBGCP3	TUBGCP3	full-splice_match	YES	39.54	17.63	52.14
PB.28141.2	Protein_PB.28141.2	TUBGCP3	TUBGCP3	full-splice_match	YES	15.21	12.87	52.93
PB.28141.4	Protein_PB.28141.4	TUBGCP3	TUBGCP3	full-splice_match	YES	25.12	53.37	28.15
PB.28141.5	Protein_PB.28141.5	TUBGCP3	TUBGCP3	full-splice_match	YES	22.8	21.35	29.07
PB.28141.6	Protein_PB.28141.6	TUBGCP3	TUBGCP3	full-splice_match	YES	35.48	26.69	21.71
PB.28141.8	Protein_PB.28141.8	TUBGCP3	TUBGCP3	novel_in_catalog	YES	31.13	57.71	32.12
PB.28142.3	Protein_PB.28142.3	PCID2	PCID2	full-splice_match	YES	104.61	108.54	88.26
PB.28142.4	Protein_PB.28142.4	PCID2	PCID2	novel_in_catalog	YES	49.3	52.58	77.26
PB.28142.5	Protein_PB.28142.5	PCID2	PCID2	full-splice_match	YES	21.65	17.23	24.38
PB.28144.1	Protein_PB.28144.1	ADPRHL1	ADPRHL1	full-splice_match	YES	469.41	455.53	742.26
PB.28144.2	Protein_PB.28144.2	ADPRHL1	ADPRHL1	full-splice_match	YES	678.02	710.47	1228.59
PB.28144.3	Protein_PB.28144.3	ADPRHL1	ADPRHL1	full-splice_match	YES	22.6	14.77	21.4
PB.28144.5		ADPRHL1	ADPRHL1	novel_not_in_catalog	NO	32.02	22.57	34.24
PB.28145.1	Protein_PB.28145.1	DCUN1D2	DCUN1D2	novel_in_catalog	YES	74.26	79.49	79.8
PB.28145.10	Protein_PB.28145.10	DCUN1D2	DCUN1D2	full-splice_match	YES	46.22	6.92	6.32
PB.28145.11	Protein_PB.28145.11	DCUN1D2	DCUN1D2	full-splice_match	YES	121.34	87.18	141.62
PB.28145.15	Protein_PB.28145.15	DCUN1D2	DCUN1D2	full-splice_match	YES	93.48	200.77	380.84
PB.28145.17	Protein_PB.28145.17	DCUN1D2	DCUN1D2	novel_not_in_catalog	YES	19.42	72.77	20.96
PB.28145.20	Protein_PB.28145.20	DCUN1D2	DCUN1D2	novel_not_in_catalog	YES	27.33	16.56	36.09
PB.28145.23	Protein_PB.28145.23	DCUN1D2	DCUN1D2	novel_not_in_catalog	YES	72.23	38.23	86.44
PB.28145.24	Protein_PB.28145.24	DCUN1D2	DCUN1D2	novel_in_catalog	YES	23.33	24.79	49.42
PB.28145.25	Protein_PB.28145.25	DCUN1D2	DCUN1D2	novel_in_catalog	YES	29.28	10.74	26.7
PB.28145.26	Protein_PB.28145.26	DCUN1D2	DCUN1D2	novel_not_in_catalog	YES	15.71	13.69	33.65
PB.28145.35	Protein_PB.28145.35	DCUN1D2	DCUN1D2	novel_not_in_catalog	YES	47.8	61.01	52.84
PB.28145.40	Protein_PB.28145.40	DCUN1D2	DCUN1D2	novel_in_catalog	YES	705.63	744.47	301.61
PB.28145.41	Protein_PB.28145.41	DCUN1D2	DCUN1D2	novel_in_catalog	YES	304.1	418.16	32.36
PB.28145.47	Protein_PB.28145.47	DCUN1D2	DCUN1D2	novel_not_in_catalog	YES	33.04	6.97	23.59
PB.28145.49	Protein_PB.28145.49	DCUN1D2	DCUN1D2	novel_not_in_catalog	YES	41.62	64.4	47.81
PB.28145.50	Protein_PB.28145.50	DCUN1D2	DCUN1D2	novel_in_catalog	YES	74.59	90.73	84.26
PB.28147.4	Protein_PB.28147.4	GAS6	GAS6	full-splice_match	YES	302.71	258.14	208.72
PB.28148.6	Protein_PB.28148.6	RASA3	RASA3	full-splice_match	YES	113.79	117.27	142.58
PB.28151.2	Protein_PB.28151.2	CHAMP1	CHAMP1	full-splice_match	YES	35.82	42.44	57.82
PB.28152.1	Protein_PB.28152.1	LOC113247607	LOC113247607	full-splice_match	YES	87.42	86.1	56.43
PB.28153.2	Protein_PB.28153.2	ZNF250	ZNF250	full-splice_match	YES	40.78	53.21	43.1
PB.28153.4	Protein_PB.28153.4	ZNF250	ZNF250	incomplete-splice_match	YES	45.48	30.15	38.54
PB.28153.7	Protein_PB.28153.7	ZNF250	ZNF250	full-splice_match	YES	19.44	18.14	22.84
PB.28153.8	Protein_PB.28153.8	ZNF250	ZNF250	full-splice_match	YES	18.66	17.79	18.71
PB.28154.11	Protein_PB.28154.11	ZNF517	ZNF517	full-splice_match	YES	35.84	10.3	23.18
PB.28154.3	Protein_PB.28154.3	ZNF517	ZNF517	novel_in_catalog	YES	21.01	8.16	16.29
PB.28154.4	Protein_PB.28154.4	ZNF517	ZNF517	novel_in_catalog	YES	17.93	28.65	7.36
PB.28154.8	Protein_PB.28154.8	ZNF517	ZNF517	novel_in_catalog	YES	3.4	9.3	23.06
PB.28155.12	Protein_PB.28155.12	ZNF7	ZNF7	full-splice_match	YES	55.06	43.44	55.6
PB.28155.16	Protein_PB.28155.16	ZNF7	ZNF7	novel_not_in_catalog	YES	42.57	30.39	38.88
PB.28155.2	Protein_PB.28155.2	ZNF7	ZNF7	novel_in_catalog	YES	21.85	13.15	27.17
PB.28155.9	Protein_PB.28155.9	ZNF7	ZNF7	novel_not_in_catalog	YES	14.91	17.03	22.04
PB.28158.1	Protein_PB.28158.1	CUNH8orf82	CUNH8orf82	full-splice_match	YES	95.74	122.25	81.08
PB.28162.1	Protein_PB.28162.1	CYHR1	CYHR1	full-splice_match	YES	16.12	23.86	15.89
PB.28162.2	Protein_PB.28162.2	CYHR1	CYHR1	full-splice_match	YES	122.24	132.85	90.19
PB.28162.3	Protein_PB.28162.3	CYHR1	CYHR1	incomplete-splice_match	YES	27.53	23.37	28.76
PB.28162.4	Protein_PB.28162.4	CYHR1	CYHR1	incomplete-splice_match	YES	40.01	43.66	51.96
PB.28164.3	Protein_PB.28164.3	VPS28	VPS28	full-splice_match	YES	264.94	287.64	274.7
PB.28164.4	Protein_PB.28164.4	VPS28	VPS28	novel_not_in_catalog	YES	107.64	102.13	16.67
PB.28166.23	Protein_PB.28166.23	CPSF1	CPSF1	incomplete-splice_match	YES	20.74	15.12	17.34
PB.28166.6	Protein_PB.28166.6	CPSF1	CPSF1	full-splice_match	YES	206.55	168.11	205.76
PB.28166.8	Protein_PB.28166.8	CPSF1	CPSF1	novel_in_catalog	YES	24.16	4.21	10.17
PB.28167.1	Protein_PB.28167.1	FBXL6	FBXL6	full-splice_match	YES	33.34	32.9	24.2
PB.28170.1	Protein_PB.28170.1	DGAT1	DGAT1	novel_in_catalog	YES	56.48	64.08	59.13
PB.28171.1	Protein_PB.28171.1	BOP1	BOP1	full-splice_match	YES	237.65	230.15	265.82
PB.28173.1	Protein_PB.28173.1	SHARPIN	SHARPIN	full-splice_match	YES	51.45	55.04	29.16
PB.28173.2	Protein_PB.28173.2	SHARPIN	SHARPIN	full-splice_match	YES	223.77	220.3	200.27
PB.28173.3	Protein_PB.28173.3	SHARPIN	SHARPIN	full-splice_match	YES	48.81	56.92	52.61
PB.28173.5	Protein_PB.28173.5	SHARPIN	SHARPIN	novel_in_catalog	YES	19.51	20.84	6.19
PB.28174.1	Protein_PB.28174.1	OPLAH	OPLAH	full-splice_match	YES	408.18	374.77	256.55
PB.28174.2	Protein_PB.28174.2	OPLAH	OPLAH	novel_not_in_catalog	YES	11.48	50.67	21.53
PB.28174.4	Protein_PB.28174.4	OPLAH	OPLAH	novel_in_catalog	YES	28.19	11.43	21.9
PB.28174.5	Protein_PB.28174.5	OPLAH	OPLAH	novel_in_catalog	YES	37.85	43.18	28.76
PB.28177.1	Protein_PB.28177.1	LOC113247645	LOC113247645	full-splice_match	YES	170.03	112.41	139.27
PB.28177.2	Protein_PB.28177.2	LOC113247645	LOC113247645	full-splice_match	YES	3158.28	4276.6	3710.11
PB.28177.3	Protein_PB.28177.3	LOC113247645	LOC113247645	full-splice_match	YES	148.59	38.15	167.17
PB.28177.4	Protein_PB.28177.4	LOC113247645	LOC113247645	full-splice_match	YES	357.39	242.73	355.04
PB.28177.5	Protein_PB.28177.5	LOC113247645	LOC113247645	full-splice_match	YES	1817.44	1847.11	2041.4
PB.28177.6	Protein_PB.28177.6	LOC113247645	LOC113247645	full-splice_match	YES	7767.02	5957.73	6141.63
PB.28177.7	Protein_PB.28177.7	LOC113247645	LOC113247645	full-splice_match	YES	206.31	123.43	237.14
PB.28177.8	Protein_PB.28177.8	LOC113247645	LOC113247645	full-splice_match	YES	305.3	220.01	293.57
PB.28178.1	Protein_PB.28178.1	PUF60	PUF60	full-splice_match	YES	369.57	359.23	445.58
PB.28178.2	Protein_PB.28178.2	PUF60	PUF60	novel_in_catalog	YES	423.68	463.85	382.03
PB.28179.1	Protein_PB.28179.1	SCRIB	SCRIB	full-splice_match	YES	35.84	44.64	27.56
PB.28179.2	Protein_PB.28179.2	SCRIB	SCRIB	full-splice_match	YES	23.48	7.13	2.58
PB.28179.4	Protein_PB.28179.4	SCRIB	SCRIB	full-splice_match	YES	84.92	86.79	87.73
PB.28179.5	Protein_PB.28179.5	SCRIB	SCRIB	full-splice_match	YES	176.07	143.85	118.3
PB.28180.1	Protein_PB.28180.1	FAM83H	FAM83H	full-splice_match	YES	10.57	6.12	28.37
PB.28182.6	Protein_PB.28182.6	TSTA3	TSTA3	full-splice_match	YES	21.43	13.91	14.31
PB.28182.7	Protein_PB.28182.7	TSTA3	TSTA3	full-splice_match	YES	81.3	91.75	101.78
PB.28183.1	Protein_PB.28183.1	PYCR3	PYCR3	full-splice_match	YES	14.42	27.57	23.92
PB.28183.3	Protein_PB.28183.3	PYCR3	PYCR3	full-splice_match	YES	59.62	55.71	41.38
PB.28183.4	Protein_PB.28183.4	PYCR3	PYCR3	full-splice_match	YES	34.62	30.85	36.57
PB.28184.1	Protein_PB.28184.1	EEF1D	EEF1D	full-splice_match	YES	2562.32	2650.08	2996.89
PB.28184.2	Protein_PB.28184.2	EEF1D	EEF1D	full-splice_match	YES	12052.76	12365.55	13402.09
PB.28184.3	Protein_PB.28184.3	EEF1D	EEF1D	full-splice_match	YES	527.07	451.4	1363.13
PB.28188.1	Protein_PB.28188.1	MAFA	MAFA	full-splice_match	YES	12.99	10.46	21.15
PB.28189.1	Protein_PB.28189.1	LOC113247672	LOC113247672	full-splice_match	YES	16.1	15.17	25.77
PB.28190.3	Protein_PB.28190.3	GPIHBP1	GPIHBP1	full-splice_match	YES	187.83	270.03	223.54
PB.28193.3	Protein_PB.28193.3	CUNH8orf33	CUNH8orf33	incomplete-splice_match	YES	48.6	52.46	58.82
PB.28194.2	Protein_PB.28194.2	ZNF34	ZNF34	full-splice_match	YES	17.56	11.59	13.17
PB.28194.6	Protein_PB.28194.6	ZNF34	ZNF34	novel_not_in_catalog	YES	26.41	19.67	28.77
PB.28195.1	Protein_PB.28195.1	RPL8	RPL8	full-splice_match	YES	483.0	516.24	755.62
PB.28195.2	Protein_PB.28195.2	RPL8	RPL8	novel_not_in_catalog	YES	2727.99	2719.78	3537.37
PB.28196.2	Protein_PB.28196.2	COMMD5	COMMD5	full-splice_match	YES	48.54	43.77	43.25
PB.28198.9	Protein_PB.28198.9	LRRC14	LRRC14	novel_in_catalog	YES	36.27	20.85	18.58
PB.28199.3	Protein_PB.28199.3	MFSD3	MFSD3	full-splice_match	YES	43.32	48.01	42.48
PB.28200.1	Protein_PB.28200.1	PPP1R16A_GPT	PPP1R16A_GPT	fusion	YES	19.9	5.06	1.98
PB.28200.10	Protein_PB.28200.10	PPP1R16A_GPT	PPP1R16A_GPT	fusion	YES	34.72	42.25	25.88
PB.28200.2	Protein_PB.28200.2	GPT	GPT	novel_not_in_catalog	YES	141.94	155.13	48.73
PB.28200.3	Protein_PB.28200.3	GPT	GPT	full-splice_match	YES	44.26	66.49	16.69
PB.28200.4	Protein_PB.28200.4	GPT	GPT	full-splice_match	YES	71.89	39.07	33.64
PB.28200.6	Protein_PB.28200.6	GPT	GPT	novel_not_in_catalog	YES	72.57	72.28	41.8
PB.28200.8	Protein_PB.28200.8	GPT	GPT	novel_in_catalog	YES	179.76	217.62	45.94
PB.28203.1	Protein_PB.28203.1	LOC113247644	LOC113247644	full-splice_match	YES	17.56	20.65	30.03
PB.28204.5	Protein_PB.28204.5	ADCK5	ADCK5	full-splice_match	YES	33.08	38.12	15.16
PB.28206.3	Protein_PB.28206.3	HSF1	HSF1	full-splice_match	YES	190.59	263.98	219.41
PB.28206.4	Protein_PB.28206.4	HSF1	HSF1	full-splice_match	YES	178.19	214.26	74.98
PB.28207.3	Protein_PB.28207.3	SCX	SCX	full-splice_match	YES	40.93	36.0	19.37
PB.28208.11	Protein_PB.28208.11	MROH1	MROH1	full-splice_match	YES	76.0	61.56	78.14
PB.28208.3	Protein_PB.28208.3	MROH1	MROH1	full-splice_match	YES	102.79	66.32	72.14
PB.28209.1	Protein_PB.28209.1	HGH1	HGH1	full-splice_match	YES	40.59	31.91	47.75
PB.2821.10	Protein_PB.2821.10	KANSL3	KANSL3	novel_not_in_catalog	YES	78.2	88.16	89.75
PB.2821.11	Protein_PB.2821.11	KANSL3	KANSL3	novel_in_catalog	YES	33.2	22.77	24.59
PB.2821.14	Protein_PB.2821.14	KANSL3	KANSL3	novel_in_catalog	YES	210.24	199.21	355.89
PB.2821.18	Protein_PB.2821.18	KANSL3	KANSL3	novel_not_in_catalog	YES	60.72	60.47	43.02
PB.2821.20	Protein_PB.2821.20	KANSL3	KANSL3	novel_in_catalog	YES	404.5	252.14	92.71
PB.2821.21	Protein_PB.2821.21	KANSL3	KANSL3	novel_in_catalog	YES	58.0	104.79	75.45
PB.2821.7	Protein_PB.2821.7	KANSL3	KANSL3	full-splice_match	YES	130.43	131.36	127.07
PB.28211.1	Protein_PB.28211.1	MAF1	MAF1	full-splice_match	YES	1206.67	1231.76	1014.36
PB.28211.2	Protein_PB.28211.2	MAF1	MAF1	full-splice_match	YES	27.73	71.22	52.42
PB.28211.4	Protein_PB.28211.4	MAF1	MAF1	novel_not_in_catalog	YES	171.83	195.63	143.85
PB.28212.1	Protein_PB.28212.1	LOC113247619	LOC113247619	full-splice_match	YES	4540.21	5232.07	3473.46
PB.28213.7	Protein_PB.28213.7	GPAA1	GPAA1	full-splice_match	YES	218.79	229.06	207.87
PB.28217.1	Protein_PB.28217.1	GRINA	GRINA	full-splice_match	YES	82.57	85.8	79.75
PB.2822.4	Protein_PB.2822.4	LMAN2L	LMAN2L	full-splice_match	YES	13.1	18.82	30.82
PB.2822.9	Protein_PB.2822.9	LMAN2L	LMAN2L	novel_in_catalog	YES	59.43	51.38	56.21
PB.28222.4	Protein_PB.28222.4	ZNF623	ZNF623	full-splice_match	YES	67.74	68.31	76.7
PB.28223.1	Protein_PB.28223.1	TIGD5	TIGD5	novel_in_catalog	YES	82.3	61.7	72.36
PB.28224.1	Protein_PB.28224.1	GSDMD	GSDMD	full-splice_match	YES	59.36	33.71	35.96
PB.28226.1	Protein_PB.28226.1	ZNF696	ZNF696	full-splice_match	YES	20.22	17.56	22.14
PB.28226.5	Protein_PB.28226.5	ZNF696	ZNF696	novel_not_in_catalog	YES	22.99	25.67	25.74
PB.28227.1	Protein_PB.28227.1	LOC113247674	LOC113247674	full-splice_match	YES	21.07	32.03	34.12
PB.28228.4	Protein_PB.28228.4	GLI4	GLI4	full-splice_match	YES	56.4	73.58	87.86
PB.28229.1	Protein_PB.28229.1	ZFP41	ZFP41	novel_not_in_catalog	YES	23.89	21.92	48.67
PB.28229.2	Protein_PB.28229.2	ZFP41	ZFP41	full-splice_match	YES	58.93	55.99	24.34
PB.28229.3	Protein_PB.28229.3	ZFP41	ZFP41	full-splice_match	YES	20.93	4.24	16.19
PB.28229.6	Protein_PB.28229.6	ZFP41	ZFP41	full-splice_match	YES	22.35	29.03	23.96
PB.2823.1	Protein_PB.2823.1	ANKRD39	ANKRD39	novel_not_in_catalog	YES	50.3	47.55	36.72
PB.2823.14	Protein_PB.2823.14	ANKRD39	ANKRD39	novel_not_in_catalog	YES	2112.2	2549.49	3120.09
PB.2823.15	Protein_PB.2823.15	ANKRD39	ANKRD39	novel_not_in_catalog	YES	91.03	67.35	71.12
PB.2823.16	Protein_PB.2823.16	ANKRD39	ANKRD39	novel_not_in_catalog	YES	20.94	27.57	31.02
PB.2823.17	Protein_PB.2823.17	ANKRD39	ANKRD39	novel_not_in_catalog	YES	5203.83	4665.12	6834.5
PB.2823.2	Protein_PB.2823.2	ANKRD39	ANKRD39	novel_not_in_catalog	YES	4425.3	3751.35	3494.97
PB.2823.21	Protein_PB.2823.21	ANKRD39	ANKRD39	novel_not_in_catalog	YES	33.83	18.02	51.94
PB.2823.26	Protein_PB.2823.26	ANKRD39	ANKRD39	novel_not_in_catalog	YES	660.99	772.63	677.68
PB.2823.27	Protein_PB.2823.27	ANKRD39	ANKRD39	novel_not_in_catalog	YES	250.43	128.27	188.46
PB.2823.28	Protein_PB.2823.28	ANKRD39	ANKRD39	novel_not_in_catalog	YES	1295.96	1259.57	1755.01
PB.2823.3	Protein_PB.2823.3	ANKRD39	ANKRD39	novel_not_in_catalog	YES	1257.25	2295.16	4387.83
PB.2823.30	Protein_PB.2823.30	ANKRD39	ANKRD39	novel_not_in_catalog	YES	73.74	51.52	113.07
PB.2823.31	Protein_PB.2823.31	ANKRD39	ANKRD39	novel_not_in_catalog	YES	424.96	418.8	695.08
PB.2823.33	Protein_PB.2823.33	ANKRD39	ANKRD39	novel_not_in_catalog	YES	795.61	846.89	1352.84
PB.2823.34	Protein_PB.2823.34	ANKRD39	ANKRD39	novel_not_in_catalog	YES	25.04	21.34	25.81
PB.2823.41	Protein_PB.2823.41	ANKRD39	ANKRD39	full-splice_match	YES	63.81	66.59	104.92
PB.2823.5	Protein_PB.2823.5	ANKRD39	ANKRD39	full-splice_match	YES	218.56	154.58	91.21
PB.2823.6	Protein_PB.2823.6	ANKRD39	ANKRD39	novel_not_in_catalog	YES	41.17	25.45	35.4
PB.2823.8	Protein_PB.2823.8	ANKRD39	ANKRD39	novel_not_in_catalog	YES	46.39	45.33	43.6
PB.28231.1	Protein_PB.28231.1	LY6E	LY6E	full-splice_match	YES	48.8	31.3	15.96
PB.28238.1	Protein_PB.28238.1	TTYH3	TTYH3	full-splice_match	YES	57.43	35.24	19.17
PB.2824.1	Protein_PB.2824.1	SEMA4C	SEMA4C	full-splice_match	YES	26.77	10.53	23.68
PB.28240.3	Protein_PB.28240.3	SNX8	SNX8	full-splice_match	YES	66.86	67.93	42.84
PB.28240.4	Protein_PB.28240.4	SNX8	SNX8	novel_in_catalog	YES	13.35	16.46	44.57
PB.28241.1	Protein_PB.28241.1	MRM2	MRM2	full-splice_match	YES	45.69	35.88	43.13
PB.28242.1	Protein_PB.28242.1	MAD1L1	MAD1L1	full-splice_match	YES	14.51	6.31	37.25
PB.28242.3	Protein_PB.28242.3	MAD1L1	MAD1L1	novel_in_catalog	YES	20.64	32.41	19.75
PB.28245.1	Protein_PB.28245.1	PSMG3	PSMG3	full-splice_match	YES	35.64	34.39	56.37
PB.28245.2	Protein_PB.28245.2	PSMG3	PSMG3	novel_in_catalog	YES	63.31	63.95	73.94
PB.28245.3	Protein_PB.28245.3	PSMG3	PSMG3	full-splice_match	YES	46.85	52.85	57.81
PB.28245.5	Protein_PB.28245.5	PSMG3	PSMG3	full-splice_match	YES	16.6	7.62	25.93
PB.28247.1	Protein_PB.28247.1	INTS1	INTS1	full-splice_match	YES	410.57	351.26	320.28
PB.28247.2	Protein_PB.28247.2	INTS1	INTS1	full-splice_match	YES	39.15	36.82	45.39
PB.28249.9	Protein_PB.28249.9	ZFAND2A	ZFAND2A	novel_in_catalog	YES	4.48	5.45	18.17
PB.28250.3	Protein_PB.28250.3	CUNH7orf50	CUNH7orf50	full-splice_match	YES	74.35	74.26	52.78
PB.28251.3	Protein_PB.28251.3	LOC113247723	LOC113247723	full-splice_match	YES	43.75	43.14	58.36
PB.28253.3	Protein_PB.28253.3	LOC113247739	LOC113247739	full-splice_match	YES	335.04	332.48	254.82
PB.28256.1	Protein_PB.28256.1	LFNG	LFNG	full-splice_match	YES	63.95	47.04	41.1
PB.2826.1	Protein_PB.2826.1	ACTR1B	ACTR1B	novel_not_in_catalog	YES	31.17	27.06	44.14
PB.2826.2	Protein_PB.2826.2	ACTR1B	ACTR1B	novel_not_in_catalog	YES	53.85	48.05	29.84
PB.2826.4	Protein_PB.2826.4	ACTR1B	ACTR1B	full-splice_match	YES	846.75	1099.05	789.2
PB.2826.5	Protein_PB.2826.5	ACTR1B	ACTR1B	novel_not_in_catalog	YES	34.14	73.14	60.59
PB.28260.1	Protein_PB.28260.1	EIF3B	EIF3B	full-splice_match	YES	437.02	476.63	557.06
PB.28260.2	Protein_PB.28260.2	EIF3B	EIF3B	novel_not_in_catalog	YES	1240.95	1313.72	1255.29
PB.28264.4	Protein_PB.28264.4	MAFK	MAFK	full-splice_match	YES	19.42	12.83	12.91
PB.28264.6	Protein_PB.28264.6	MAFK	MAFK	full-splice_match	YES	47.76	42.03	45.84
PB.28268.2	Protein_PB.28268.2	GPER1	GPER1	full-splice_match	YES	21.0	12.66	13.48
PB.28268.3	Protein_PB.28268.3	GPER1	GPER1	full-splice_match	YES	22.1	7.7	18.8
PB.28270.1	Protein_PB.28270.1	GPR146	GPR146	full-splice_match	YES	55.22	22.82	39.51
PB.28270.2	Protein_PB.28270.2	GPR146	GPR146	full-splice_match	YES	124.0	140.78	64.65
PB.28276.1	Protein_PB.28276.1	HJV	HJV	novel_in_catalog	YES	22.02	23.44	41.35
PB.28276.2	Protein_PB.28276.2	HJV	HJV	novel_not_in_catalog	YES	107.9	178.32	302.1
PB.28276.3	Protein_PB.28276.3	HJV	HJV	novel_not_in_catalog	YES	134.31	125.61	157.39
PB.28276.4	Protein_PB.28276.4	HJV	HJV	novel_not_in_catalog	YES	114.91	117.19	173.91
PB.28276.5	Protein_PB.28276.5	HJV	HJV	novel_not_in_catalog	YES	346.88	294.47	452.68
PB.28276.6	Protein_PB.28276.6	HJV	HJV	novel_not_in_catalog	YES	367.84	333.29	634.84
PB.28276.7	Protein_PB.28276.7	HJV	HJV	full-splice_match	YES	152.97	118.89	207.38
PB.28277.12	Protein_PB.28277.12	TXNIP	TXNIP	incomplete-splice_match	YES	976.82	643.86	1268.6
PB.28277.14	Protein_PB.28277.14	TXNIP	TXNIP	novel_in_catalog	YES	167.88	126.28	144.5
PB.28277.15	Protein_PB.28277.15	TXNIP	TXNIP	novel_not_in_catalog	YES	1247.81	938.24	1766.41
PB.28277.4	Protein_PB.28277.4	TXNIP	TXNIP	novel_in_catalog	YES	456.79	422.13	570.98
PB.28277.5	Protein_PB.28277.5	TXNIP	TXNIP	novel_in_catalog	YES	389.71	365.96	424.25
PB.28277.6	Protein_PB.28277.6	TXNIP	TXNIP	novel_in_catalog	YES	2269.04	1661.66	3395.24
PB.28277.8	Protein_PB.28277.8	TXNIP	TXNIP	novel_in_catalog	YES	149.16	154.2	140.95
PB.28277.9	Protein_PB.28277.9	TXNIP	TXNIP	novel_in_catalog	YES	330.27	222.81	339.68
PB.28278.3	Protein_PB.28278.3	ANKRD34A	ANKRD34A	novel_in_catalog	YES	2.96	7.03	53.76
PB.28279.1	Protein_PB.28279.1	LIX1L	LIX1L	full-splice_match	YES	112.06	90.62	139.29
PB.2828.1	Protein_PB.2828.1	TMEM131	TMEM131	full-splice_match	YES	563.1	578.34	527.43
PB.2828.3	Protein_PB.2828.3	TMEM131	TMEM131	incomplete-splice_match	YES	31.18	20.41	24.82
PB.28282.1	Protein_PB.28282.1	RBM8A	RBM8A	full-splice_match	YES	151.51	139.11	151.41
PB.28282.2	Protein_PB.28282.2	RBM8A	RBM8A	novel_not_in_catalog	YES	19.05	56.48	44.5
PB.28282.8	Protein_PB.28282.8	RBM8A	RBM8A	novel_in_catalog	YES	164.48	161.57	199.64
PB.28283.2	Protein_PB.28283.2	PEX11B	PEX11B	full-splice_match	YES	63.73	73.6	64.3
PB.28284.4	Protein_PB.28284.4	ITGA10	ITGA10	full-splice_match	YES	44.83	20.8	22.51
PB.28285.1	Protein_PB.28285.1	ANKRD35	ANKRD35	full-splice_match	YES	56.39	60.41	71.27
PB.28286.17	Protein_PB.28286.17	PIAS3	PIAS3	incomplete-splice_match	YES	0.74	8.91	21.55
PB.28287.1	Protein_PB.28287.1	RNF115	RNF115	full-splice_match	YES	72.82	42.64	49.42
PB.28287.2	Protein_PB.28287.2	RNF115	RNF115	novel_in_catalog	YES	21.83	13.35	10.66
PB.28287.3	Protein_PB.28287.3	RNF115	RNF115	novel_not_in_catalog	YES	189.78	198.14	173.43
PB.28287.5	Protein_PB.28287.5	RNF115	RNF115	incomplete-splice_match	YES	602.09	837.35	509.03
PB.2829.1		LOC113246791	LOC113246791	novel_in_catalog	NO	20.94	26.67	15.01
PB.2829.2	Protein_PB.2829.2	LOC113246791	LOC113246791	full-splice_match	YES	235.47	260.69	230.96
PB.28290.3	Protein_PB.28290.3	GJA5	GJA5	full-splice_match	YES	91.34	86.04	34.96
PB.28291.3	Protein_PB.28291.3	ACP6	ACP6	full-splice_match	YES	107.36	113.12	75.6
PB.28295.3	Protein_PB.28295.3	FMO5	FMO5	novel_not_in_catalog	YES	41.93	45.72	26.72
PB.28296.13	Protein_PB.28296.13	PRKAB2	PRKAB2	novel_in_catalog	YES	115.14	60.15	122.71
PB.28296.14	Protein_PB.28296.14	PRKAB2	PRKAB2	novel_not_in_catalog	YES	113.42	61.27	181.04
PB.28296.3	Protein_PB.28296.3	PRKAB2	PRKAB2	full-splice_match	YES	751.13	689.78	887.78
PB.28296.5	Protein_PB.28296.5	PRKAB2	PRKAB2	full-splice_match	YES	1289.55	1505.01	549.12
PB.28296.6	Protein_PB.28296.6	PRKAB2	PRKAB2	novel_in_catalog	YES	89.35	92.99	256.37
PB.2830.1	Protein_PB.2830.1	MGAT4A	MGAT4A	full-splice_match	YES	36.43	36.95	41.01
PB.28300.1	Protein_PB.28300.1	LOC113247780	LOC113247780	full-splice_match	YES	14.75	21.9	8.59
PB.28300.2	Protein_PB.28300.2	LOC113247780	LOC113247780	incomplete-splice_match	YES	30.31	33.9	23.66
PB.28306.2	Protein_PB.28306.2	POLR3GL	POLR3GL	full-splice_match	YES	55.61	54.73	17.19
PB.28308.1	Protein_PB.28308.1	NUDT17	NUDT17	novel_in_catalog	YES	13.74	26.29	13.97
PB.28308.5	Protein_PB.28308.5	NUDT17	NUDT17	novel_in_catalog	YES	21.96	10.31	8.95
PB.28308.6	Protein_PB.28308.6	NUDT17	NUDT17	full-splice_match	YES	5.49	23.3	7.03
PB.28309.1	Protein_PB.28309.1	POLR3C	POLR3C	full-splice_match	YES	303.74	348.1	256.31
PB.28311.12	Protein_PB.28311.12	GPR89A	GPR89A	novel_in_catalog	YES	20.97	22.69	16.91
PB.28311.14	Protein_PB.28311.14	GPR89A	GPR89A	novel_not_in_catalog	YES	26.75	17.29	1.81
PB.28311.3	Protein_PB.28311.3	GPR89A	GPR89A	full-splice_match	YES	23.48	20.48	10.47
PB.28311.4	Protein_PB.28311.4	GPR89A	GPR89A	novel_in_catalog	YES	79.3	79.13	76.83
PB.28311.5	Protein_PB.28311.5	GPR89A	GPR89A	full-splice_match	YES	44.12	66.38	79.9
PB.28311.8	Protein_PB.28311.8	GPR89A	GPR89A	novel_not_in_catalog	YES	5.38	20.24	25.2
PB.28317.1	Protein_PB.28317.1	CHD1L	CHD1L	full-splice_match	YES	45.28	75.24	53.74
PB.28317.2	Protein_PB.28317.2	CHD1L	CHD1L	full-splice_match	YES	40.15	48.61	34.86
PB.28317.5	Protein_PB.28317.5	CHD1L	CHD1L	novel_not_in_catalog	YES	42.93	4.28	15.23
PB.28317.6	Protein_PB.28317.6	CHD1L	CHD1L	novel_not_in_catalog	YES	20.9	51.19	30.42
PB.28320.1	Protein_PB.28320.1	LOC113247867	LOC113247867	full-splice_match	YES	76.16	72.27	72.97
PB.28320.2	Protein_PB.28320.2	LOC113247867	LOC113247867	incomplete-splice_match	YES	29.12	14.36	19.77
PB.28322.1	Protein_PB.28322.1	MPP1	MPP1	full-splice_match	YES	29.4	30.79	25.7
PB.28322.10	Protein_PB.28322.10	MPP1	MPP1	novel_not_in_catalog	YES	55.59	58.34	55.22
PB.28322.11	Protein_PB.28322.11	MPP1	MPP1	incomplete-splice_match	YES	175.91	204.21	169.19
PB.28322.3	Protein_PB.28322.3	MPP1	MPP1	full-splice_match	YES	137.21	103.92	92.23
PB.28324.1	Protein_PB.28324.1	GAB3	GAB3	full-splice_match	YES	25.78	21.43	20.7
PB.28328.1	Protein_PB.28328.1	FAM3A	FAM3A	full-splice_match	YES	104.41	116.58	96.26
PB.28328.3	Protein_PB.28328.3	FAM3A	FAM3A	novel_not_in_catalog	YES	26.26	29.18	29.41
PB.28329.3	Protein_PB.28329.3	UBL4A_SLC10A3	UBL4A_SLC10A3	fusion	YES	118.26	137.47	175.67
PB.28329.4	Protein_PB.28329.4	SLC10A3	SLC10A3	full-splice_match	YES	15.12	12.87	30.36
PB.28329.5	Protein_PB.28329.5	UBL4A	UBL4A	full-splice_match	YES	554.82	546.93	545.79
PB.28329.6	Protein_PB.28329.6	UBL4A	UBL4A	incomplete-splice_match	YES	14.93	21.76	12.75
PB.2833.5	Protein_PB.2833.5	TSGA10	TSGA10	full-splice_match	YES	9.32	8.29	22.66
PB.2833.8	Protein_PB.2833.8	TSGA10	TSGA10	novel_not_in_catalog	YES	15.26	13.62	16.95
PB.28330.1	Protein_PB.28330.1	LAGE3	LAGE3	full-splice_match	YES	49.4	53.27	44.91
PB.28331.10	Protein_PB.28331.10	DNASE1L1	DNASE1L1	incomplete-splice_match	YES	114.14	76.14	140.66
PB.28331.2	Protein_PB.28331.2	DNASE1L1	DNASE1L1	incomplete-splice_match	YES	57.9	80.2	62.15
PB.28331.3	Protein_PB.28331.3	DNASE1L1	DNASE1L1	novel_in_catalog	YES	29.16	25.02	22.81
PB.28331.6	Protein_PB.28331.6	DNASE1L1	DNASE1L1	full-splice_match	YES	2057.01	2072.8	1283.0
PB.28331.7	Protein_PB.28331.7	DNASE1L1	DNASE1L1	full-splice_match	YES	759.82	799.53	449.4
PB.28331.9	Protein_PB.28331.9	DNASE1L1	DNASE1L1	novel_not_in_catalog	YES	55.81	64.24	36.26
PB.28333.2	Protein_PB.28333.2	EMD	EMD	full-splice_match	YES	142.85	151.21	125.66
PB.28336.1	Protein_PB.28336.1	MECP2	MECP2	full-splice_match	YES	38.55	44.36	49.75
PB.28336.2	Protein_PB.28336.2	MECP2	MECP2	novel_not_in_catalog	YES	119.24	113.84	165.93
PB.28336.3	Protein_PB.28336.3	MECP2	MECP2	novel_in_catalog	YES	91.94	75.42	105.95
PB.28337.1	Protein_PB.28337.1	IRAK1	IRAK1	full-splice_match	YES	31.0	14.39	51.06
PB.28337.2	Protein_PB.28337.2	IRAK1	IRAK1	full-splice_match	YES	211.84	203.0	166.9
PB.28338.4	Protein_PB.28338.4	HCFC1	HCFC1	full-splice_match	YES	42.83	30.35	58.78
PB.28338.5	Protein_PB.28338.5	HCFC1	HCFC1	full-splice_match	YES	123.23	104.21	117.39
PB.28339.1	Protein_PB.28339.1	RENBP	RENBP	full-splice_match	YES	38.25	26.05	51.58
PB.28339.11	Protein_PB.28339.11	RENBP	RENBP	novel_in_catalog	YES	26.12	15.39	13.24
PB.28340.12	Protein_PB.28340.12	NAA10	NAA10	incomplete-splice_match	YES	15.62	14.71	19.78
PB.28340.4	Protein_PB.28340.4	NAA10	NAA10	full-splice_match	YES	204.11	245.44	188.98
PB.28340.5	Protein_PB.28340.5	NAA10	NAA10	full-splice_match	YES	213.03	201.2	183.58
PB.28342.5	Protein_PB.28342.5	L1CAM	L1CAM	full-splice_match	YES	67.86	33.59	47.97
PB.28342.7	Protein_PB.28342.7	L1CAM	L1CAM	full-splice_match	YES	48.93	37.48	36.67
PB.28344.1	Protein_PB.28344.1	IDH3G	IDH3G	novel_not_in_catalog	YES	48.8	40.26	36.18
PB.28344.3	Protein_PB.28344.3	IDH3G	IDH3G	full-splice_match	YES	631.91	698.56	515.62
PB.28344.6	Protein_PB.28344.6	IDH3G	IDH3G	novel_in_catalog	YES	1907.23	2004.88	1779.22
PB.28345.1	Protein_PB.28345.1	BCAP31	BCAP31	full-splice_match	YES	246.03	244.67	225.33
PB.28345.2	Protein_PB.28345.2	BCAP31	BCAP31	full-splice_match	YES	48.28	18.12	44.95
PB.28347.1	Protein_PB.28347.1	PNCK	PNCK	full-splice_match	YES	15.31	13.16	19.25
PB.28348.1	Protein_PB.28348.1	CCNQ	CCNQ	full-splice_match	YES	5.47	14.76	18.03
PB.28348.2	Protein_PB.28348.2	CCNQ	CCNQ	full-splice_match	YES	65.46	59.03	54.64
PB.28348.3	Protein_PB.28348.3	CCNQ	CCNQ	full-splice_match	YES	8.03	10.56	16.39
PB.28349.3	Protein_PB.28349.3	TREX2_HAUS7	TREX2_HAUS7	full-splice_match	YES	40.34	38.3	39.08
PB.28350.2	Protein_PB.28350.2	DKC1	DKC1	full-splice_match	YES	137.77	148.23	173.91
PB.28352.1	Protein_PB.28352.1	SLC6A8	SLC6A8	full-splice_match	YES	113.14	136.61	111.44
PB.28352.2	Protein_PB.28352.2	SLC6A8	SLC6A8	incomplete-splice_match	YES	220.37	219.77	226.57
PB.28354.1	Protein_PB.28354.1	IKBKG	IKBKG	full-splice_match	YES	22.5	17.33	31.29
PB.28354.12	Protein_PB.28354.12	IKBKG	IKBKG	novel_not_in_catalog	YES	109.22	88.48	45.28
PB.28355.3	Protein_PB.28355.3	PLXNA3	PLXNA3	full-splice_match	YES	19.33	5.36	7.8
PB.28356.4	Protein_PB.28356.4	FAM50A	FAM50A	full-splice_match	YES	248.81	265.0	260.16
PB.28357.14	Protein_PB.28357.14	GDI1	GDI1	full-splice_match	YES	161.6	140.25	179.66
PB.28358.10	Protein_PB.28358.10	ATP6AP1	ATP6AP1	full-splice_match	YES	422.77	428.81	386.64
PB.28359.3	Protein_PB.28359.3	TAZ	TAZ	full-splice_match	YES	52.79	37.05	43.78
PB.28359.4	Protein_PB.28359.4	TAZ	TAZ	novel_not_in_catalog	YES	22.97	35.05	31.31
PB.28359.7	Protein_PB.28359.7	TAZ	TAZ	novel_in_catalog	YES	13.03	22.43	4.96
PB.28360.1	Protein_PB.28360.1	RPL10	RPL10	novel_not_in_catalog	YES	399.77	403.03	564.08
PB.28360.3	Protein_PB.28360.3	RPL10	RPL10	full-splice_match	YES	36646.64	36089.27	56757.72
PB.28360.4	Protein_PB.28360.4	RPL10	RPL10	novel_not_in_catalog	YES	712.54	814.33	1427.21
PB.28360.5	Protein_PB.28360.5	RPL10	RPL10	novel_not_in_catalog	YES	13.58	8.85	18.39
PB.28360.6	Protein_PB.28360.6	RPL10	RPL10	novel_in_catalog	YES	93.97	106.2	181.78
PB.28360.8	Protein_PB.28360.8	RPL10	RPL10	full-splice_match	YES	34.44	44.43	71.12
PB.28361.1	Protein_PB.28361.1	FLNA	FLNA	novel_in_catalog	YES	16.6	8.73	19.61
PB.28361.2	Protein_PB.28361.2	FLNA	FLNA	novel_in_catalog	YES	14.18	42.43	29.7
PB.28361.3	Protein_PB.28361.3	FLNA	FLNA	full-splice_match	YES	806.39	350.16	674.84
PB.28361.4	Protein_PB.28361.4	FLNA	FLNA	full-splice_match	YES	1177.6	733.72	1228.25
PB.28366.1	Protein_PB.28366.1	SSR4	SSR4	full-splice_match	YES	126.04	122.89	238.36
PB.28366.2	Protein_PB.28366.2	SSR4	SSR4	full-splice_match	YES	326.8	308.85	529.07
PB.28367.1	Protein_PB.28367.1	SRPK3	SRPK3	full-splice_match	YES	653.83	687.08	740.23
PB.28368.1	Protein_PB.28368.1	PLXNB3	PLXNB3	full-splice_match	YES	69.4	63.8	82.07
PB.28369.1	Protein_PB.28369.1	ABCD1	ABCD1	full-splice_match	YES	72.78	79.14	56.83
PB.28369.2	Protein_PB.28369.2	ABCD1	ABCD1	novel_in_catalog	YES	99.93	91.12	51.29
PB.28371.2	Protein_PB.28371.2	ATP2B3	ATP2B3	full-splice_match	YES	39.92	25.76	19.85
PB.28371.3	Protein_PB.28371.3	ATP2B3	ATP2B3	full-splice_match	YES	49.2	52.18	20.12
PB.28372.3	Protein_PB.28372.3	BGN	BGN	full-splice_match	YES	173.25	41.84	79.67
PB.28374.1	Protein_PB.28374.1	ZFP92	ZFP92	full-splice_match	YES	26.28	22.21	16.06
PB.28375.4	Protein_PB.28375.4	ZNF275	ZNF275	genic	YES	52.97	52.36	64.55
PB.28385.1	Protein_PB.28385.1	LOC113247890	LOC113247890	full-splice_match	YES	265.39	291.54	263.23
PB.28388.2	Protein_PB.28388.2	LOC113247893	LOC113247893	novel_not_in_catalog	YES	24.56	26.54	16.86
PB.2839.4	Protein_PB.2839.4	TXNDC9	TXNDC9	full-splice_match	YES	92.91	94.09	80.32
PB.28393.1	Protein_PB.28393.1	LOC113247899	LOC113247899	full-splice_match	YES	35.34	25.51	34.33
PB.28393.3	Protein_PB.28393.3	LOC113247899	LOC113247899	novel_not_in_catalog	YES	21.22	33.68	50.68
PB.28397.2	Protein_PB.28397.2	LOC113247886	LOC113247886	full-splice_match	YES	26.58	5.27	32.0
PB.28397.7	Protein_PB.28397.7	LOC113247886	LOC113247886	full-splice_match	YES	30.05	19.1	16.24
PB.28398.2	Protein_PB.28398.2	LOC113247889	LOC113247889	full-splice_match	YES	29.54	23.57	26.68
PB.284.4	Protein_PB.284.4	QTRT2	QTRT2	full-splice_match	YES	17.9	8.92	14.72
PB.2840.10	Protein_PB.2840.10	REV1	REV1	full-splice_match	YES	192.97	162.82	119.74
PB.2840.11	Protein_PB.2840.11	REV1	REV1	full-splice_match	YES	47.12	111.81	35.59
PB.2840.6	Protein_PB.2840.6	REV1	REV1	full-splice_match	YES	43.61	12.51	9.41
PB.2840.7	Protein_PB.2840.7	REV1	REV1	full-splice_match	YES	34.65	54.0	45.96
PB.2840.8	Protein_PB.2840.8	REV1	REV1	full-splice_match	YES	171.78	148.51	101.98
PB.28402.3	Protein_PB.28402.3	LOC113247918	LOC113247918	full-splice_match	YES	60.9	65.74	51.95
PB.28402.4	Protein_PB.28402.4	LOC113247918	LOC113247918	full-splice_match	YES	9.05	16.83	10.42
PB.28402.5	Protein_PB.28402.5	LOC113247918	LOC113247918	novel_not_in_catalog	YES	19.27	11.39	16.31
PB.28404.1	Protein_PB.28404.1	novelGene_3070	novelGene_3070	intergenic	YES	15.59	11.84	17.44
PB.28408.22	Protein_PB.28408.22	LOC113247924	LOC113247924	novel_in_catalog	YES	206.73	190.18	211.32
PB.2841.1	Protein_PB.2841.1	AFF3	AFF3	full-splice_match	YES	36.88	13.34	31.72
PB.28412.1	Protein_PB.28412.1	LOC113247923	LOC113247923	full-splice_match	YES	157.31	161.42	222.18
PB.28416.2	Protein_PB.28416.2	LOC113247922	LOC113247922	full-splice_match	YES	445.6	527.28	419.36
PB.28418.1	Protein_PB.28418.1	LOC113247902	LOC113247902	full-splice_match	YES	51.96	24.79	33.54
PB.28419.1	Protein_PB.28419.1	LOC113247909	LOC113247909	full-splice_match	YES	28.26	29.62	47.78
PB.2842.1	Protein_PB.2842.1	LONRF2	LONRF2	full-splice_match	YES	70.1	62.06	71.86
PB.28423.3	Protein_PB.28423.3	LOC113247941	LOC113247941	full-splice_match	YES	16.4	17.75	19.5
PB.28424.1	Protein_PB.28424.1	ACSS1	ACSS1	full-splice_match	YES	380.17	459.09	285.91
PB.28424.2	Protein_PB.28424.2	ACSS1	ACSS1	incomplete-splice_match	YES	40.18	65.18	31.97
PB.28425.1	Protein_PB.28425.1	APMAP	APMAP	full-splice_match	YES	71.27	60.11	60.76
PB.28425.14	Protein_PB.28425.14	APMAP	APMAP	novel_in_catalog	YES	40.6	38.01	30.17
PB.28425.17		APMAP	APMAP	novel_not_in_catalog	NO	6.67	7.91	16.76
PB.28427.1	Protein_PB.28427.1	LOC113247936	LOC113247936	full-splice_match	YES	1128.9	1044.37	942.6
PB.2843.1	Protein_PB.2843.1	CHST10	CHST10	full-splice_match	YES	216.47	202.81	197.17
PB.2843.5	Protein_PB.2843.5	CHST10	CHST10	full-splice_match	YES	34.68	28.41	38.81
PB.2843.6	Protein_PB.2843.6	CHST10	CHST10	full-splice_match	YES	312.71	300.12	303.46
PB.2843.7	Protein_PB.2843.7	CHST10	CHST10	full-splice_match	YES	17.0	15.91	26.71
PB.28438.1	Protein_PB.28438.1	DENND3	DENND3	full-splice_match	YES	152.81	125.94	133.01
PB.28440.1	Protein_PB.28440.1	PTP4A3	PTP4A3	full-splice_match	YES	163.7	207.68	358.75
PB.28440.2	Protein_PB.28440.2	PTP4A3	PTP4A3	full-splice_match	YES	0.0	12.09	42.86
PB.28440.3	Protein_PB.28440.3	PTP4A3	PTP4A3	novel_not_in_catalog	YES	107.85	96.15	144.06
PB.28440.4	Protein_PB.28440.4	PTP4A3	PTP4A3	novel_not_in_catalog	YES	555.95	775.97	1177.91
PB.28446.1	Protein_PB.28446.1	SLC45A4	SLC45A4	full-splice_match	YES	48.0	49.51	49.13
PB.2845.1	Protein_PB.2845.1	TBC1D8	TBC1D8	full-splice_match	YES	55.98	73.15	99.33
PB.2845.2	Protein_PB.2845.2	TBC1D8	TBC1D8	full-splice_match	YES	161.31	177.77	207.34
PB.2845.4	Protein_PB.2845.4	TBC1D8	TBC1D8	full-splice_match	YES	7.38	20.28	30.35
PB.2845.5	Protein_PB.2845.5	TBC1D8	TBC1D8	novel_not_in_catalog	YES	16.5	22.71	14.64
PB.28450.2	Protein_PB.28450.2	TSNARE1	TSNARE1	full-splice_match	YES	19.0	16.3	23.97
PB.28452.1	Protein_PB.28452.1	JRK	JRK	full-splice_match	YES	64.83	58.89	73.9
PB.28456.2	Protein_PB.28456.2	RRAGB	RRAGB	full-splice_match	YES	9.47	16.77	20.55
PB.28456.6	Protein_PB.28456.6	RRAGB	RRAGB	full-splice_match	YES	11.85	7.72	27.13
PB.2846.1	Protein_PB.2846.1	RNF149	RNF149	novel_not_in_catalog	YES	13.7	12.62	21.87
PB.2846.2	Protein_PB.2846.2	RNF149	RNF149	full-splice_match	YES	23.96	18.41	34.08
PB.28461.1	Protein_PB.28461.1	UBQLN2	UBQLN2	full-splice_match	YES	98.01	81.09	107.47
PB.28467.1	Protein_PB.28467.1	UBE2M	UBE2M	full-splice_match	YES	285.52	298.56	299.71
PB.28468.3	Protein_PB.28468.3	CHMP2A	CHMP2A	full-splice_match	YES	180.02	180.58	104.41
PB.28468.4	Protein_PB.28468.4	CHMP2A	CHMP2A	full-splice_match	YES	276.48	294.58	366.76
PB.28471.1	Protein_PB.28471.1	LOC113248033	LOC113248033	novel_not_in_catalog	YES	136.44	175.61	192.85
PB.28471.2	Protein_PB.28471.2	LOC113248033	LOC113248033	full-splice_match	YES	44.78	75.89	86.92
PB.28472.2	Protein_PB.28472.2	LOC113248016	LOC113248016	full-splice_match	YES	5.41	16.74	8.89
PB.28472.4	Protein_PB.28472.4	LOC113248016	LOC113248016	full-splice_match	YES	21.71	11.62	13.2
PB.28475.4		LOC113248043	LOC113248043	full-splice_match	NO	14.14	19.84	12.43
PB.28479.1	Protein_PB.28479.1	ZNF329	ZNF329	novel_not_in_catalog	YES	130.82	143.5	88.9
PB.28479.6	Protein_PB.28479.6	ZSCAN18	ZSCAN18	novel_in_catalog	YES	17.43	25.82	31.38
PB.28479.9	Protein_PB.28479.9	ZSCAN18	ZSCAN18	full-splice_match	YES	126.16	116.11	91.85
PB.28480.2	Protein_PB.28480.2	ZNF606	ZNF606	novel_in_catalog	YES	106.02	94.66	128.11
PB.28480.4	Protein_PB.28480.4	ZNF606	ZNF606	novel_not_in_catalog	YES	27.02	18.7	8.91
PB.28480.5	Protein_PB.28480.5	ZNF606	ZNF606	full-splice_match	YES	109.15	116.13	112.28
PB.28482.1	Protein_PB.28482.1	LOC113248028	LOC113248028	full-splice_match	YES	8.63	10.52	19.18
PB.28482.3	Protein_PB.28482.3	LOC113248028	LOC113248028	novel_not_in_catalog	YES	19.0	21.01	20.72
PB.28482.4	Protein_PB.28482.4	LOC113248028	LOC113248028	full-splice_match	YES	11.38	24.88	18.86
PB.28482.6	Protein_PB.28482.6	LOC113248028	LOC113248028	novel_not_in_catalog	YES	19.1	9.34	24.07
PB.28483.1	Protein_PB.28483.1	LOC113247999	LOC113247999	full-splice_match	YES	64.46	54.62	71.8
PB.28484.1	Protein_PB.28484.1	LOC113247998	LOC113247998	full-splice_match	YES	216.68	217.12	293.65
PB.28486.1	Protein_PB.28486.1	LOC113247983	LOC113247983	full-splice_match	YES	78.17	80.95	89.65
PB.28490.1	Protein_PB.28490.1	ZNF550	ZNF550	novel_not_in_catalog	YES	82.71	54.29	111.21
PB.28490.3	Protein_PB.28490.3	ZNF550	ZNF550	novel_not_in_catalog	YES	150.36	157.71	150.03
PB.28494.10	Protein_PB.28494.10	ZNF772	ZNF772	novel_in_catalog	YES	12.86	27.39	8.99
PB.28494.11	Protein_PB.28494.11	ZNF772	ZNF772	incomplete-splice_match	YES	19.97	3.38	2.17
PB.28494.13	Protein_PB.28494.13	ZNF772	ZNF772	full-splice_match	YES	51.31	54.29	67.56
PB.28494.14	Protein_PB.28494.14	ZNF772	ZNF772	novel_in_catalog	YES	32.93	6.48	3.69
PB.28494.6	Protein_PB.28494.6	ZNF772	ZNF772	novel_not_in_catalog	YES	29.99	32.94	48.95
PB.28495.1	Protein_PB.28495.1	LOC113248019	LOC113248019	full-splice_match	YES	43.87	40.23	33.45
PB.28495.2	Protein_PB.28495.2	LOC113248019	LOC113248019	full-splice_match	YES	11.81	9.16	21.55
PB.28495.3	Protein_PB.28495.3	LOC113248019	LOC113248019	novel_not_in_catalog	YES	16.95	14.02	40.28
PB.28496.1		novelGene_3080	novelGene_3080	intergenic	NO	39.09	34.75	56.6
PB.28497.1	Protein_PB.28497.1	TRIM28	TRIM28	full-splice_match	YES	494.14	432.16	652.59
PB.28498.3	Protein_PB.28498.3	LOC113248020	LOC113248020	full-splice_match	YES	50.67	43.68	56.85
PB.28498.4	Protein_PB.28498.4	LOC113248020	LOC113248020	novel_in_catalog	YES	17.29	17.53	27.63
PB.28499.1	Protein_PB.28499.1	ZNF584	ZNF584	full-splice_match	YES	13.63	11.67	19.79
PB.28501.1	Protein_PB.28501.1	RPS5	RPS5	full-splice_match	YES	3666.78	3965.83	4756.01
PB.28502.11	Protein_PB.28502.11	ZSCAN22	ZSCAN22	full-splice_match	YES	17.82	22.81	27.65
PB.28502.12	Protein_PB.28502.12	ZSCAN22	ZSCAN22	incomplete-splice_match	YES	20.83	20.18	27.42
PB.28503.2	Protein_PB.28503.2	ZNF8	ZNF8	full-splice_match	YES	54.34	43.53	64.11
PB.28504.16	Protein_PB.28504.16	ZNF274	ZNF274	novel_not_in_catalog	YES	28.69	30.25	52.97
PB.28505.1	Protein_PB.28505.1	ZNF135	ZNF135	novel_not_in_catalog	YES	22.02	24.76	29.42
PB.28506.2		ZSCAN1	ZSCAN1	novel_not_in_catalog	NO	40.0	33.55	38.18
PB.28513.8	Protein_PB.28513.8	ZNF211	ZNF211	novel_not_in_catalog	YES	18.87	10.85	19.01
PB.28513.9	Protein_PB.28513.9	ZNF211	ZNF211	novel_not_in_catalog	YES	12.61	16.35	20.59
PB.28514.1	Protein_PB.28514.1	ZNF134	ZNF134	full-splice_match	YES	290.19	315.43	278.69
PB.28514.2	Protein_PB.28514.2	ZNF134	ZNF134	novel_in_catalog	YES	34.74	18.03	46.88
PB.28518.4	Protein_PB.28518.4	LOC113247986	LOC113247986	full-splice_match	YES	17.49	15.55	26.11
PB.28519.8	Protein_PB.28519.8	LOC113247989	LOC113247989	novel_not_in_catalog	YES	16.55	25.62	29.31
PB.28520.2	Protein_PB.28520.2	LOC113248009	LOC113248009	incomplete-splice_match	YES	54.68	59.77	70.98
PB.28521.1	Protein_PB.28521.1	ZNF304	ZNF304	full-splice_match	YES	18.16	14.0	31.36
PB.28521.3	Protein_PB.28521.3	ZNF304	ZNF304	novel_not_in_catalog	YES	43.44	40.29	30.75
PB.2854.1	Protein_PB.2854.1	MFSD9	MFSD9	full-splice_match	YES	19.05	16.3	27.64
PB.28545.1	Protein_PB.28545.1	LOC113248075	LOC113248075	full-splice_match	YES	95.24	85.22	85.56
PB.28548.1	Protein_PB.28548.1	ETFA	ETFA	novel_not_in_catalog	YES	1229.79	1753.61	1166.21
PB.28548.2	Protein_PB.28548.2	ETFA	ETFA	full-splice_match	YES	1753.98	2556.39	1596.43
PB.28552.1	Protein_PB.28552.1	TUBGCP5	TUBGCP5	full-splice_match	YES	82.06	52.5	47.24
PB.28552.2	Protein_PB.28552.2	TUBGCP5	TUBGCP5	full-splice_match	YES	77.82	115.98	86.76
PB.28552.4	Protein_PB.28552.4	TUBGCP5	TUBGCP5	novel_in_catalog	YES	26.79	42.31	31.0
PB.28553.1	Protein_PB.28553.1	LOC113248080	LOC113248080	full-splice_match	YES	6.36	9.98	19.54
PB.28553.2	Protein_PB.28553.2	LOC113248080	LOC113248080	full-splice_match	YES	57.07	55.79	47.79
PB.28557.1	Protein_PB.28557.1	TMEM266	TMEM266	full-splice_match	YES	167.07	98.18	108.16
PB.28560.1	Protein_PB.28560.1	FBXO22	FBXO22	full-splice_match	YES	63.36	58.8	68.31
PB.28560.3	Protein_PB.28560.3	UBE2Q2	UBE2Q2	full-splice_match	YES	47.44	41.85	20.23
PB.28560.5	Protein_PB.28560.5	UBE2Q2	UBE2Q2	full-splice_match	YES	61.56	62.08	58.28
PB.28563.1	Protein_PB.28563.1	BEX4	BEX4	full-splice_match	YES	14.16	18.11	22.83
PB.28575.1	Protein_PB.28575.1	LOC113248123	LOC113248123	full-splice_match	YES	84.29	64.0	91.33
PB.2858.1	Protein_PB.2858.1	TGFBRAP1	TGFBRAP1	full-splice_match	YES	196.84	167.18	184.01
PB.28581.2	Protein_PB.28581.2	TCEAL8	TCEAL8	full-splice_match	YES	65.93	63.94	63.15
PB.28583.1	Protein_PB.28583.1	LOC113248100	LOC113248100	full-splice_match	YES	23.68	20.04	46.84
PB.28583.2	Protein_PB.28583.2	LOC113248100	LOC113248100	novel_not_in_catalog	YES	45.04	53.82	54.16
PB.28587.2	Protein_PB.28587.2	MORF4L2	MORF4L2	full-splice_match	YES	338.89	324.37	330.95
PB.28587.4	Protein_PB.28587.4	MORF4L2	MORF4L2	full-splice_match	YES	617.62	742.77	715.72
PB.2860.1	Protein_PB.2860.1	FHL2	FHL2	full-splice_match	YES	12.37	5.54	27.94
PB.2860.2	Protein_PB.2860.2	FHL2	FHL2	full-splice_match	YES	28.96	37.47	24.11
PB.2860.3	Protein_PB.2860.3	FHL2	FHL2	full-splice_match	YES	276.09	692.26	144.42
PB.2860.4	Protein_PB.2860.4	FHL2	FHL2	novel_in_catalog	YES	13.72	39.2	4.69
PB.28601.4	Protein_PB.28601.4	ZNF311	ZNF311	full-splice_match	YES	14.13	17.01	16.25
PB.28606.2	Protein_PB.28606.2	TRIM27	TRIM27	full-splice_match	YES	74.16	73.07	75.91
PB.28608.1		novelGene_3101	novelGene_3101	intergenic	NO	32.9	29.27	26.48
PB.28608.2		novelGene_3102	novelGene_3102	intergenic	NO	77.75	77.94	78.04
PB.28608.3		novelGene_3103	novelGene_3103	intergenic	NO	26.88	26.37	32.88
PB.2861.1	Protein_PB.2861.1	UXS1	UXS1	full-splice_match	YES	31.71	30.33	30.12
PB.2861.2	Protein_PB.2861.2	UXS1	UXS1	full-splice_match	YES	69.31	75.11	68.62
PB.28625.1	Protein_PB.28625.1	ZBED9	ZBED9	full-splice_match	YES	47.8	45.44	62.57
PB.28632.14	Protein_PB.28632.14	ZSCAN23	ZSCAN23	novel_not_in_catalog	YES	2.99	17.12	3.99
PB.28632.15	Protein_PB.28632.15	ZSCAN23	ZSCAN23	incomplete-splice_match	YES	67.36	76.08	119.23
PB.28632.2	Protein_PB.28632.2	ZSCAN23	ZSCAN23	full-splice_match	YES	11.51	13.0	25.26
PB.28632.4	Protein_PB.28632.4	ZSCAN23	ZSCAN23	full-splice_match	YES	123.17	118.8	170.06
PB.28632.7	Protein_PB.28632.7	ZSCAN23	ZSCAN23	novel_not_in_catalog	YES	9.96	13.53	17.68
PB.28632.8	Protein_PB.28632.8	LOC113248167	LOC113248167	novel_not_in_catalog	YES	4.75	2.71	23.15
PB.28633.1	Protein_PB.28633.1	ZSCAN12	ZSCAN12	incomplete-splice_match	YES	75.09	90.96	112.24
PB.28635.1	Protein_PB.28635.1	LOC113248158	LOC113248158	full-splice_match	YES	24.08	20.09	32.98
PB.28635.2	Protein_PB.28635.2	LOC113248158	LOC113248158	full-splice_match	YES	15.43	17.85	14.25
PB.28636.4	Protein_PB.28636.4	PGBD1	PGBD1	novel_not_in_catalog	YES	22.02	28.97	4.39
PB.28636.5	Protein_PB.28636.5	PGBD1	PGBD1	novel_in_catalog	YES	27.42	24.84	31.72
PB.28636.6	Protein_PB.28636.6	PGBD1	PGBD1	novel_not_in_catalog	YES	17.06	16.99	20.8
PB.28637.1	Protein_PB.28637.1	LOC113248154	LOC113248154	full-splice_match	YES	43.01	39.08	50.17
PB.28638.1	Protein_PB.28638.1	LOC113248147	LOC113248147	full-splice_match	YES	80.03	69.03	105.01
PB.28661.1	Protein_PB.28661.1	ZKSCAN4	ZKSCAN4	full-splice_match	YES	47.71	60.82	62.49
PB.28662.6	Protein_PB.28662.6	ZSCAN31	ZSCAN31	full-splice_match	YES	25.88	19.67	16.35
PB.28663.3	Protein_PB.28663.3	ZSCAN9	ZSCAN9	full-splice_match	YES	11.28	2.8	24.49
PB.28665.13	Protein_PB.28665.13	LOC113248165	LOC113248165	novel_not_in_catalog	YES	58.59	64.51	80.2
PB.28665.15	Protein_PB.28665.15	ZKSCAN8	ZKSCAN8	novel_in_catalog	YES	6.36	7.87	21.2
PB.28665.17	Protein_PB.28665.17	ZKSCAN8	ZKSCAN8	full-splice_match	YES	13.63	12.89	32.22
PB.28665.5	Protein_PB.28665.5	LOC113248165	LOC113248165	full-splice_match	YES	199.39	223.95	254.21
PB.28666.1	Protein_PB.28666.1	ZSCAN16	ZSCAN16	full-splice_match	YES	33.89	32.86	25.92
PB.28666.2	Protein_PB.28666.2	ZSCAN16	ZSCAN16	novel_in_catalog	YES	27.7	26.91	24.74
PB.28667.1	Protein_PB.28667.1	LOC113248155	LOC113248155	full-splice_match	YES	161.71	121.93	166.32
PB.28667.3	Protein_PB.28667.3	LOC113248155	LOC113248155	full-splice_match	YES	50.33	29.07	43.36
PB.28667.4	Protein_PB.28667.4	LOC113248155	LOC113248155	full-splice_match	YES	12.23	52.03	33.03
PB.28668.1	Protein_PB.28668.1	ZNF165	ZNF165	full-splice_match	YES	14.82	17.17	25.2
PB.2869.11	Protein_PB.2869.11	SEPT10	SEPT10	novel_in_catalog	YES	47.5	61.67	59.63
PB.2869.12	Protein_PB.2869.12	SEPT10	SEPT10	novel_not_in_catalog	YES	62.35	4.57	35.56
PB.2869.2	Protein_PB.2869.2	SEPT10	SEPT10	full-splice_match	YES	23.56	8.64	34.15
PB.2869.3	Protein_PB.2869.3	SEPT10	SEPT10	full-splice_match	YES	80.11	102.04	71.84
PB.2869.8	Protein_PB.2869.8	SEPT10	SEPT10	novel_in_catalog	YES	42.97	16.15	22.25
PB.28697.1	Protein_PB.28697.1	LOC113248288	LOC113248288	full-splice_match	YES	40.16	65.8	134.74
PB.28698.1	Protein_PB.28698.1	LOC113248289	LOC113248289	full-splice_match	YES	34.43	68.77	119.57
PB.2872.2	Protein_PB.2872.2	DTYMK	DTYMK	full-splice_match	YES	25.92	31.75	28.96
PB.2872.3	Protein_PB.2872.3	DTYMK	DTYMK	full-splice_match	YES	18.89	26.75	35.8
PB.2873.1	Protein_PB.2873.1	THAP4	THAP4	novel_not_in_catalog	YES	279.51	284.83	265.61
PB.2873.2	Protein_PB.2873.2	THAP4	THAP4	full-splice_match	YES	40.57	28.5	17.05
PB.2874.3	Protein_PB.2874.3	STK25	STK25	full-splice_match	YES	53.34	47.85	24.59
PB.2874.4	Protein_PB.2874.4	STK25	STK25	full-splice_match	YES	222.46	239.42	166.62
PB.2874.5	Protein_PB.2874.5	STK25	STK25	incomplete-splice_match	YES	10.71	11.12	24.97
PB.28740.2	Protein_PB.28740.2	LOC113248307	LOC113248307	novel_in_catalog	YES	75.01	17.38	50.6
PB.28740.20	Protein_PB.28740.20	LOC113248307	LOC113248307	incomplete-splice_match	YES	12.53	28.68	15.46
PB.28741.1	Protein_PB.28741.1	LOC113248303	LOC113248303	full-splice_match	YES	63.03	39.72	49.35
PB.28743.3	Protein_PB.28743.3	LOC113248300	LOC113248300	full-splice_match	YES	18.87	20.68	6.57
PB.28746.1	Protein_PB.28746.1	LOC113248309	LOC113248309	full-splice_match	YES	396.59	461.94	345.83
PB.28749.1	Protein_PB.28749.1	LOC113248302	LOC113248302	novel_not_in_catalog	YES	31.15	22.0	31.65
PB.28749.2	Protein_PB.28749.2	LOC113248302	LOC113248302	novel_not_in_catalog	YES	89.7	82.44	97.55
PB.28749.3	Protein_PB.28749.3	LOC113248302	LOC113248302	novel_not_in_catalog	YES	24.56	22.7	38.08
PB.28749.7	Protein_PB.28749.7	LOC113248302	LOC113248302	full-splice_match	YES	59.51	53.13	32.36
PB.2875.1	Protein_PB.2875.1	HDLBP	HDLBP	novel_not_in_catalog	YES	41.93	15.26	50.97
PB.2875.11	Protein_PB.2875.11	HDLBP	HDLBP	novel_not_in_catalog	YES	425.02	542.41	365.8
PB.2875.12	Protein_PB.2875.12	HDLBP	HDLBP	full-splice_match	YES	20.51	22.46	43.29
PB.2875.13	Protein_PB.2875.13	HDLBP	HDLBP	full-splice_match	YES	35.38	10.37	52.01
PB.2875.14	Protein_PB.2875.14	HDLBP	HDLBP	incomplete-splice_match	YES	1496.99	1377.19	912.41
PB.2875.15	Protein_PB.2875.15	HDLBP	HDLBP	incomplete-splice_match	YES	71.53	48.35	47.84
PB.2875.16	Protein_PB.2875.16	HDLBP	HDLBP	incomplete-splice_match	YES	293.44	260.9	228.05
PB.2875.2	Protein_PB.2875.2	HDLBP	HDLBP	incomplete-splice_match	YES	73.49	70.69	51.98
PB.2875.5	Protein_PB.2875.5	HDLBP	HDLBP	full-splice_match	YES	446.57	463.06	226.22
PB.2875.6	Protein_PB.2875.6	HDLBP	HDLBP	incomplete-splice_match	YES	338.6	298.58	208.64
PB.2875.7	Protein_PB.2875.7	HDLBP	HDLBP	full-splice_match	YES	103.15	185.21	107.06
PB.2875.9	Protein_PB.2875.9	HDLBP	HDLBP	full-splice_match	YES	28.17	43.22	22.22
PB.28750.1	Protein_PB.28750.1	LOC113248298	LOC113248298	full-splice_match	YES	566.46	613.3	554.4
PB.28752.1	Protein_PB.28752.1	LOC113248304	LOC113248304	full-splice_match	YES	86.43	84.52	100.1
PB.28753.1	Protein_PB.28753.1	LOC113248319	LOC113248319	full-splice_match	YES	17.01	9.6	27.02
PB.28753.3	Protein_PB.28753.3	LOC113248319	LOC113248319	novel_not_in_catalog	YES	283.35	303.88	288.68
PB.28755.3	Protein_PB.28755.3	LOC113248326	LOC113248326	novel_in_catalog	YES	19.26	32.09	35.96
PB.28756.3	Protein_PB.28756.3	LOC113248323	LOC113248323	full-splice_match	YES	85.59	100.3	72.98
PB.28756.4	Protein_PB.28756.4	LOC113248323	LOC113248323	novel_not_in_catalog	YES	269.92	289.95	252.84
PB.28758.3	Protein_PB.28758.3	LOC113248314	LOC113248314	full-splice_match	YES	23.25	25.68	9.47
PB.2876.1	Protein_PB.2876.1	PASK	PASK	full-splice_match	YES	17.54	22.48	20.83
PB.2876.4	Protein_PB.2876.4	MTERF4	MTERF4	full-splice_match	YES	23.08	20.08	22.7
PB.2876.8	Protein_PB.2876.8	MTERF4	MTERF4	incomplete-splice_match	YES	79.53	84.67	66.85
PB.28761.1	Protein_PB.28761.1	LOC113248328	LOC113248328	full-splice_match	YES	41.18	43.95	47.21
PB.28761.3	Protein_PB.28761.3	LOC113248328	LOC113248328	full-splice_match	YES	90.17	90.38	74.08
PB.28766.1	Protein_PB.28766.1	LOC113248318	LOC113248318	full-splice_match	YES	288.24	338.7	274.48
PB.28767.4	Protein_PB.28767.4	LOC113248325	LOC113248325	full-splice_match	YES	45.23	23.65	31.56
PB.28769.1	Protein_PB.28769.1	CLIC2	CLIC2	full-splice_match	YES	16.81	9.99	17.55
PB.28771.1		CMC4	CMC4	full-splice_match	NO	77.97	69.62	95.77
PB.28773.10	Protein_PB.28773.10	F8	F8	full-splice_match	YES	23.96	38.87	35.22
PB.28773.11	Protein_PB.28773.11	F8	F8	full-splice_match	YES	224.25	207.21	215.44
PB.28773.13	Protein_PB.28773.13	F8	F8	incomplete-splice_match	YES	21.7	39.12	29.22
PB.28773.6	Protein_PB.28773.6	F8	F8	full-splice_match	YES	89.51	41.22	54.13
PB.28777.1	Protein_PB.28777.1	VAMP7	VAMP7	novel_in_catalog	YES	12.65	22.13	4.72
PB.28777.3	Protein_PB.28777.3	VAMP7	VAMP7	novel_in_catalog	YES	7.04	8.77	18.11
PB.28777.5	Protein_PB.28777.5	VAMP7	VAMP7	full-splice_match	YES	94.16	88.11	79.69
PB.28779.1	Protein_PB.28779.1	VBP1	VBP1	full-splice_match	YES	320.77	331.84	349.65
PB.28781.1	Protein_PB.28781.1	BRCC3	BRCC3	full-splice_match	YES	77.07	71.61	100.03
PB.28781.2	Protein_PB.28781.2	BRCC3	BRCC3	full-splice_match	YES	60.58	72.04	53.54
PB.28782.1	Protein_PB.28782.1	FUNDC2	FUNDC2	full-splice_match	YES	334.78	398.47	210.37
PB.28782.2	Protein_PB.28782.2	FUNDC2	FUNDC2	full-splice_match	YES	1221.76	1446.47	949.28
PB.28782.3	Protein_PB.28782.3	FUNDC2	FUNDC2	novel_in_catalog	YES	34.56	45.11	61.11
PB.28782.4	Protein_PB.28782.4	FUNDC2	FUNDC2	incomplete-splice_match	YES	45.45	45.87	31.94
PB.28784.1	Protein_PB.28784.1	LOC113248329	LOC113248329	full-splice_match	YES	47.85	37.1	44.48
PB.28786.2	Protein_PB.28786.2	TMLHE	TMLHE	full-splice_match	YES	35.26	39.49	17.26
PB.28786.3	Protein_PB.28786.3	TMLHE	TMLHE	full-splice_match	YES	14.95	25.32	3.36
PB.28786.4	Protein_PB.28786.4	TMLHE	TMLHE	full-splice_match	YES	86.96	90.26	65.65
PB.28789.3	Protein_PB.28789.3	ENTPD6	ENTPD6	full-splice_match	YES	60.35	52.63	51.87
PB.28789.7	Protein_PB.28789.7	ENTPD6	ENTPD6	full-splice_match	YES	12.75	23.15	11.47
PB.28790.2	Protein_PB.28790.2	PYGB	PYGB	full-splice_match	YES	61.71	34.22	74.47
PB.28790.7	Protein_PB.28790.7	PYGB	PYGB	incomplete-splice_match	YES	34.92	20.31	13.52
PB.28795.4	Protein_PB.28795.4	ABHD12	ABHD12	full-splice_match	YES	52.9	62.2	45.0
PB.28801.1	Protein_PB.28801.1	LOC113248379	LOC113248379	full-splice_match	YES	53.39	65.76	61.98
PB.28801.2	Protein_PB.28801.2	LOC113248379	LOC113248379	full-splice_match	YES	21.61	20.03	26.32
PB.28802.1		LOC113248368	LOC113248368	full-splice_match	NO	170.74	103.86	107.18
PB.28803.1	Protein_PB.28803.1	LOC113248372	LOC113248372	full-splice_match	YES	717.31	726.47	758.9
PB.28803.4	Protein_PB.28803.4	LOC113248372	LOC113248372	incomplete-splice_match	YES	126.62	114.59	141.27
PB.28804.3	Protein_PB.28804.3	LOC113248381	LOC113248381	full-splice_match	YES	108.8	134.7	151.68
PB.28804.7	Protein_PB.28804.7	LOC113248381	LOC113248381	novel_not_in_catalog	YES	152.84	88.08	127.08
PB.28805.1	Protein_PB.28805.1	LOC113248376	LOC113248376	incomplete-splice_match	YES	50.71	52.42	100.29
PB.28805.8	Protein_PB.28805.8	LOC113248376	LOC113248376	full-splice_match	YES	49.54	42.31	46.57
PB.28817.1	Protein_PB.28817.1	LOC113248398	LOC113248398	full-splice_match	YES	185.05	310.64	151.75
PB.28823.2	Protein_PB.28823.2	LOC113248414	LOC113248414	incomplete-splice_match	YES	179.33	201.84	229.2
PB.28824.2	Protein_PB.28824.2	LOC113248416	LOC113248416	incomplete-splice_match	YES	14.31	13.38	43.14
PB.28828.1	Protein_PB.28828.1	LOC113248387	LOC113248387	full-splice_match	YES	112.6	122.96	108.41
PB.28844.1	Protein_PB.28844.1	LOC113248392	LOC113248392	novel_not_in_catalog	YES	16.13	6.85	17.02
PB.28847.1	Protein_PB.28847.1	LOC113248410	LOC113248410	full-splice_match	YES	29.65	32.99	36.0
PB.28849.1	Protein_PB.28849.1	LOC113248439	LOC113248439	full-splice_match	YES	170.42	72.69	235.73
PB.2885.1		novelGene_332	novelGene_332	intergenic	NO	26.93	28.73	18.17
PB.28850.11	Protein_PB.28850.11	LOC113248444	LOC113248444	full-splice_match	YES	34.71	42.32	37.0
PB.28854.1	Protein_PB.28854.1	LOC113248454	LOC113248454	full-splice_match	YES	768.84	684.0	921.06
PB.28856.1	Protein_PB.28856.1	LOC113248457	LOC113248457	full-splice_match	YES	173.24	173.2	192.28
PB.28859.1	Protein_PB.28859.1	LOC113248427	LOC113248427	full-splice_match	YES	112.6	122.96	108.41
PB.28861.4	Protein_PB.28861.4	LOC113248430	LOC113248430	novel_not_in_catalog	YES	42.91	23.99	36.24
PB.28861.5	Protein_PB.28861.5	LOC113248430	LOC113248430	incomplete-splice_match	YES	188.83	195.22	172.11
PB.28863.1	Protein_PB.28863.1	LOC113248447	LOC113248447	full-splice_match	YES	33.9	36.58	29.36
PB.28866.1	Protein_PB.28866.1	LOC113248437	LOC113248437	full-splice_match	YES	140.31	163.86	130.12
PB.28867.1	Protein_PB.28867.1	LOC113248438	LOC113248438	full-splice_match	YES	101.64	121.86	178.01
PB.28868.1	Protein_PB.28868.1	LOC113248426	LOC113248426	full-splice_match	YES	110.53	108.28	80.58
PB.2887.1		COPS9	COPS9	full-splice_match	NO	357.13	387.92	438.24
PB.28872.1	Protein_PB.28872.1	LOC113248428	LOC113248428	full-splice_match	YES	32.94	19.79	19.86
PB.28873.1	Protein_PB.28873.1	LOC113248433	LOC113248433	full-splice_match	YES	42.57	28.06	50.79
PB.28876.13	Protein_PB.28876.13	LOC113248431	LOC113248431	novel_not_in_catalog	YES	87.57	23.01	163.55
PB.28876.14	Protein_PB.28876.14	LOC113248431	LOC113248431	novel_not_in_catalog	YES	46.65	33.33	12.35
PB.28876.15	Protein_PB.28876.15	LOC113248431	LOC113248431	novel_not_in_catalog	YES	14.93	22.85	8.02
PB.28876.16	Protein_PB.28876.16	LOC113248431	LOC113248431	novel_not_in_catalog	YES	210.79	331.7	234.48
PB.28876.18	Protein_PB.28876.18	LOC113248431	LOC113248431	novel_not_in_catalog	YES	350.02	200.69	72.27
PB.28876.19	Protein_PB.28876.19	LOC113248431	LOC113248431	novel_not_in_catalog	YES	4.48	23.37	2.87
PB.28876.22	Protein_PB.28876.22	LOC113248431	LOC113248431	novel_not_in_catalog	YES	6.12	16.5	67.01
PB.28876.23	Protein_PB.28876.23	LOC113248431	LOC113248431	novel_not_in_catalog	YES	46.02	79.39	174.09
PB.28876.3	Protein_PB.28876.3	LOC113248431	LOC113248431	novel_not_in_catalog	YES	44.82	45.71	36.18
PB.28876.5	Protein_PB.28876.5	LOC113248431	LOC113248431	novel_in_catalog	YES	449.67	433.51	320.83
PB.28876.7	Protein_PB.28876.7	LOC113248431	LOC113248431	novel_not_in_catalog	YES	18.04	24.93	38.31
PB.28876.9	Protein_PB.28876.9	LOC113248431	LOC113248431	novel_not_in_catalog	YES	66.2	76.34	106.01
PB.28878.1	Protein_PB.28878.1	LOC113248450	LOC113248450	full-splice_match	YES	29.65	32.99	36.0
PB.28879.1	Protein_PB.28879.1	PTK2	PTK2	full-splice_match	YES	25.03	166.78	91.56
PB.28879.2	Protein_PB.28879.2	PTK2	PTK2	full-splice_match	YES	155.6	35.99	86.65
PB.28879.3	Protein_PB.28879.3	PTK2	PTK2	full-splice_match	YES	26.49	52.01	15.55
PB.28879.4	Protein_PB.28879.4	PTK2	PTK2	full-splice_match	YES	235.78	112.43	151.24
PB.28879.5	Protein_PB.28879.5	PTK2	PTK2	full-splice_match	YES	204.44	83.98	109.17
PB.28879.6	Protein_PB.28879.6	PTK2	PTK2	full-splice_match	YES	149.59	85.91	107.63
PB.28879.7	Protein_PB.28879.7	PTK2	PTK2	full-splice_match	YES	23.68	212.17	54.63
PB.28879.8	Protein_PB.28879.8	PTK2	PTK2	novel_not_in_catalog	YES	11.59	13.84	21.52
PB.28880.1	Protein_PB.28880.1	AGO2	AGO2	full-splice_match	YES	28.48	23.95	33.87
PB.28880.2	Protein_PB.28880.2	AGO2	AGO2	full-splice_match	YES	254.97	292.76	327.42
PB.28881.1	Protein_PB.28881.1	LOC113248465	LOC113248465	full-splice_match	YES	27.84	36.86	26.79
PB.28881.2	Protein_PB.28881.2	LOC113248465	LOC113248465	full-splice_match	YES	99.88	89.17	57.39
PB.28883.1	Protein_PB.28883.1	CHRAC1	CHRAC1	novel_not_in_catalog	YES	37.19	22.35	51.78
PB.28883.4	Protein_PB.28883.4	CHRAC1	CHRAC1	full-splice_match	YES	96.33	96.73	115.78
PB.28886.1	Protein_PB.28886.1	METTL17	METTL17	full-splice_match	YES	62.52	65.74	40.84
PB.28889.1	Protein_PB.28889.1	ARHGEF40	ARHGEF40	full-splice_match	YES	141.69	105.89	157.77
PB.2889.13	Protein_PB.2889.13	NDUFA10	NDUFA10	novel_not_in_catalog	YES	9.06	23.86	21.57
PB.2889.2	Protein_PB.2889.2	NDUFA10	NDUFA10	full-splice_match	YES	29.34	41.01	8.33
PB.2889.3	Protein_PB.2889.3	NDUFA10	NDUFA10	full-splice_match	YES	149.87	177.74	121.85
PB.2889.4	Protein_PB.2889.4	NDUFA10	NDUFA10	full-splice_match	YES	1236.98	1517.63	600.6
PB.2889.5	Protein_PB.2889.5	NDUFA10	NDUFA10	novel_not_in_catalog	YES	64.4	55.86	74.01
PB.2889.6	Protein_PB.2889.6	NDUFA10	NDUFA10	novel_in_catalog	YES	5.29	6.65	23.02
PB.28893.1	Protein_PB.28893.1	TOX4	TOX4	full-splice_match	YES	43.19	41.87	36.44
PB.28893.2	Protein_PB.28893.2	TOX4	TOX4	novel_in_catalog	YES	164.28	213.22	183.47
PB.28893.3	Protein_PB.28893.3	TOX4	TOX4	novel_in_catalog	YES	269.83	297.24	306.36
PB.28893.4	Protein_PB.28893.4	TOX4	TOX4	incomplete-splice_match	YES	10.92	20.16	28.75
PB.28896.17	Protein_PB.28896.17	NDRG2	NDRG2	novel_not_in_catalog	YES	19.05	8.55	45.44
PB.28896.19	Protein_PB.28896.19	NDRG2	NDRG2	novel_not_in_catalog	YES	90.53	21.15	126.28
PB.28896.2	Protein_PB.28896.2	NDRG2	NDRG2	full-splice_match	YES	2426.27	2491.57	4129.66
PB.28896.20	Protein_PB.28896.20	NDRG2	NDRG2	novel_not_in_catalog	YES	26.24	83.07	46.99
PB.28896.21	Protein_PB.28896.21	NDRG2	NDRG2	novel_in_catalog	YES	17.3	11.43	24.74
PB.28896.23	Protein_PB.28896.23	NDRG2	NDRG2	novel_in_catalog	YES	16.4	7.56	32.65
PB.28896.28	Protein_PB.28896.28	NDRG2	NDRG2	novel_not_in_catalog	YES	105.22	133.48	350.43
PB.28896.3	Protein_PB.28896.3	NDRG2	NDRG2	full-splice_match	YES	590.89	725.49	441.28
PB.28896.30	Protein_PB.28896.30	NDRG2	NDRG2	novel_not_in_catalog	YES	539.63	537.21	883.04
PB.28896.31	Protein_PB.28896.31	NDRG2	NDRG2	novel_not_in_catalog	YES	59.23	34.92	82.39
PB.28896.4	Protein_PB.28896.4	NDRG2	NDRG2	full-splice_match	YES	1633.84	1422.2	3070.07
PB.28896.5	Protein_PB.28896.5	NDRG2	NDRG2	novel_in_catalog	YES	159.25	155.35	340.61
PB.28896.7	Protein_PB.28896.7	NDRG2	NDRG2	novel_in_catalog	YES	30.96	74.9	98.93
PB.28899.3	Protein_PB.28899.3	ZNF219	ZNF219	full-splice_match	YES	25.88	19.93	45.95
PB.2890.2	Protein_PB.2890.2	HDAC4	HDAC4	full-splice_match	YES	61.89	22.44	37.2
PB.2890.3	Protein_PB.2890.3	HDAC4	HDAC4	full-splice_match	YES	41.28	76.19	54.59
PB.2890.4	Protein_PB.2890.4	HDAC4	HDAC4	full-splice_match	YES	73.17	28.49	50.15
PB.2890.5	Protein_PB.2890.5	HDAC4	HDAC4	full-splice_match	YES	41.48	77.46	61.83
PB.28901.11	Protein_PB.28901.11	HNRNPC	HNRNPC	full-splice_match	YES	22.55	19.7	27.31
PB.28901.13	Protein_PB.28901.13	HNRNPC	HNRNPC	full-splice_match	YES	67.51	58.24	21.53
PB.28901.14	Protein_PB.28901.14	HNRNPC	HNRNPC	full-splice_match	YES	14.43	8.18	19.1
PB.28901.15	Protein_PB.28901.15	HNRNPC	HNRNPC	full-splice_match	YES	110.01	103.84	40.59
PB.28901.16	Protein_PB.28901.16	HNRNPC	HNRNPC	novel_in_catalog	YES	41.06	28.33	45.42
PB.28901.2	Protein_PB.28901.2	HNRNPC	HNRNPC	full-splice_match	YES	105.24	113.86	93.71
PB.28901.21	Protein_PB.28901.21	HNRNPC	HNRNPC	novel_in_catalog	YES	149.09	156.29	135.97
PB.28901.6	Protein_PB.28901.6	HNRNPC	HNRNPC	full-splice_match	YES	135.85	141.61	122.47
PB.28901.7	Protein_PB.28901.7	HNRNPC	HNRNPC	novel_in_catalog	YES	19.18	11.75	17.77
PB.28901.8	Protein_PB.28901.8	HNRNPC	HNRNPC	novel_in_catalog	YES	20.89	18.66	31.1
PB.28903.2	Protein_PB.28903.2	SUPT16H	SUPT16H	full-splice_match	YES	216.7	200.58	242.65
PB.28904.12	Protein_PB.28904.12	CHD8	CHD8	incomplete-splice_match	YES	23.04	10.58	12.2
PB.28904.3	Protein_PB.28904.3	CHD8	CHD8	novel_in_catalog	YES	89.81	69.36	94.87
PB.28904.5	Protein_PB.28904.5	CHD8	CHD8	full-splice_match	YES	147.58	99.46	102.62
PB.28904.8	Protein_PB.28904.8	CHD8	CHD8	incomplete-splice_match	YES	228.73	212.0	285.97
PB.28904.9	Protein_PB.28904.9	CHD8	CHD8	novel_in_catalog	YES	16.92	26.57	57.27
PB.28907.1	Protein_PB.28907.1	RAB2B	RAB2B	full-splice_match	YES	81.07	80.98	101.76
PB.28908.13	Protein_PB.28908.13	METTL3	METTL3	novel_in_catalog	YES	29.68	13.84	11.19
PB.28908.8	Protein_PB.28908.8	METTL3	METTL3	full-splice_match	YES	91.92	84.67	54.02
PB.28919.10	Protein_PB.28919.10	LOC113248513	LOC113248513	full-splice_match	YES	143.37	145.53	152.19
PB.2892.1	Protein_PB.2892.1	PER2	PER2	novel_in_catalog	YES	90.47	49.72	24.94
PB.2892.2	Protein_PB.2892.2	PER2	PER2	full-splice_match	YES	435.3	350.33	290.54
PB.28920.5	Protein_PB.28920.5	LOC113248505	LOC113248505	novel_in_catalog	YES	143.18	179.37	116.19
PB.28920.6	Protein_PB.28920.6	LOC113248505	LOC113248505	novel_not_in_catalog	YES	23.67	52.6	74.66
PB.28920.8	Protein_PB.28920.8	LOC113248505	LOC113248505	novel_not_in_catalog	YES	91.83	106.3	133.66
PB.28921.1	Protein_PB.28921.1	LOC113248508	LOC113248508	full-splice_match	YES	61.98	89.17	72.25
PB.28924.3	Protein_PB.28924.3	LOC113248507	LOC113248507	incomplete-splice_match	YES	16.11	25.51	16.36
PB.28927.4	Protein_PB.28927.4	LOC113248523	LOC113248523	novel_not_in_catalog	YES	4.79	10.69	22.48
PB.28928.3	Protein_PB.28928.3	LOC113248525	LOC113248525	full-splice_match	YES	73.93	48.02	65.75
PB.28930.9	Protein_PB.28930.9	LOC113248526	LOC113248526	full-splice_match	YES	143.37	145.53	152.19
PB.28931.14	Protein_PB.28931.14	LOC113248518	LOC113248518	novel_in_catalog	YES	30.17	8.97	19.55
PB.28931.16	Protein_PB.28931.16	LOC113248518	LOC113248518	novel_not_in_catalog	YES	62.69	35.28	53.93
PB.28931.18	Protein_PB.28931.18	LOC113248518	LOC113248518	novel_in_catalog	YES	25.21	19.15	20.82
PB.28931.19	Protein_PB.28931.19	LOC113248518	LOC113248518	novel_in_catalog	YES	126.4	117.35	98.94
PB.28931.24	Protein_PB.28931.24	LOC113248518	LOC113248518	novel_not_in_catalog	YES	157.17	188.31	179.16
PB.28931.25	Protein_PB.28931.25	LOC113248518	LOC113248518	novel_in_catalog	YES	10.62	59.66	51.92
PB.28931.5	Protein_PB.28931.5	LOC113248518	LOC113248518	novel_in_catalog	YES	58.32	55.52	82.06
PB.28932.2	Protein_PB.28932.2	LOC113248522	LOC113248522	incomplete-splice_match	YES	29.3	31.04	24.81
PB.28935.1	Protein_PB.28935.1	LOC113248520	LOC113248520	full-splice_match	YES	140.86	124.51	142.57
PB.28936.1	Protein_PB.28936.1	ARHGEF7	ARHGEF7	novel_not_in_catalog	YES	19.6	21.96	20.56
PB.28936.10	Protein_PB.28936.10	ARHGEF7	ARHGEF7	novel_in_catalog	YES	74.23	91.51	121.8
PB.28936.12	Protein_PB.28936.12	ARHGEF7	ARHGEF7	novel_in_catalog	YES	57.83	76.58	63.85
PB.28936.14	Protein_PB.28936.14	ARHGEF7	ARHGEF7	novel_not_in_catalog	YES	9.97	7.28	22.75
PB.28936.17	Protein_PB.28936.17	ARHGEF7	ARHGEF7	novel_not_in_catalog	YES	41.73	16.16	23.38
PB.28936.22	Protein_PB.28936.22	ARHGEF7	ARHGEF7	novel_in_catalog	YES	196.89	214.44	236.77
PB.28936.24	Protein_PB.28936.24	ARHGEF7	ARHGEF7	incomplete-splice_match	YES	8.78	24.22	24.23
PB.28936.3	Protein_PB.28936.3	ARHGEF7	ARHGEF7	full-splice_match	YES	40.25	44.12	82.71
PB.28936.5	Protein_PB.28936.5	ARHGEF7	ARHGEF7	full-splice_match	YES	116.49	85.13	3.77
PB.28936.7	Protein_PB.28936.7	ARHGEF7	ARHGEF7	incomplete-splice_match	YES	147.53	159.99	138.72
PB.28937.1	Protein_PB.28937.1	TEX29	TEX29	full-splice_match	YES	42.86	44.15	37.82
PB.28938.1	Protein_PB.28938.1	LOC113248530	LOC113248530	full-splice_match	YES	17.48	17.34	17.45
PB.28942.2	Protein_PB.28942.2	ZNF444	ZNF444	full-splice_match	YES	29.71	20.55	18.7
PB.28946.1	Protein_PB.28946.1	ZNF667	ZNF667	full-splice_match	YES	83.94	99.42	87.38
PB.28946.2	Protein_PB.28946.2	ZNF667	ZNF667	full-splice_match	YES	52.63	34.87	55.71
PB.28946.4	Protein_PB.28946.4	ZNF667	ZNF667	full-splice_match	YES	28.27	19.47	32.84
PB.28948.2	Protein_PB.28948.2	ZNF582	ZNF582	incomplete-splice_match	YES	26.83	20.09	9.53
PB.28948.3	Protein_PB.28948.3	ZNF582	ZNF582	novel_not_in_catalog	YES	30.38	43.67	43.2
PB.28948.5	Protein_PB.28948.5	ZNF582	ZNF582	full-splice_match	YES	23.62	33.78	29.17
PB.28948.6	Protein_PB.28948.6	ZNF582	ZNF582	genic	YES	33.46	39.74	36.64
PB.2895.2	Protein_PB.2895.2	ILKAP	ILKAP	full-splice_match	YES	94.38	115.33	81.16
PB.2895.3	Protein_PB.2895.3	ILKAP	ILKAP	full-splice_match	YES	10.91	6.29	21.8
PB.28950.1	Protein_PB.28950.1	LOC113248539	LOC113248539	full-splice_match	YES	116.8	121.48	161.21
PB.28950.2	Protein_PB.28950.2	LOC113248539	LOC113248539	incomplete-splice_match	YES	183.19	188.1	258.5
PB.28954.2	Protein_PB.28954.2	ZNF787	ZNF787	full-splice_match	YES	84.68	84.23	78.31
PB.28956.5	Protein_PB.28956.5	ZNF583	ZNF583	full-splice_match	YES	26.19	37.51	19.12
PB.28956.6	Protein_PB.28956.6	ZNF583	ZNF583	full-splice_match	YES	33.68	27.15	11.42
PB.28963.1	Protein_PB.28963.1	LOC113248584	LOC113248584	novel_not_in_catalog	YES	16.52	24.67	13.65
PB.28963.2	Protein_PB.28963.2	LOC113248584	LOC113248584	full-splice_match	YES	56.86	17.81	31.34
PB.28963.3	Protein_PB.28963.3	LOC113248584	LOC113248584	novel_in_catalog	YES	91.84	115.46	80.14
PB.28963.4	Protein_PB.28963.4	LOC113248584	LOC113248584	full-splice_match	YES	25.3	31.01	25.65
PB.28965.7	Protein_PB.28965.7	LOC113248580	LOC113248580	full-splice_match	YES	95.01	63.39	80.88
PB.28970.2	Protein_PB.28970.2	LOC113248592	LOC113248592	full-splice_match	YES	89.74	73.45	79.17
PB.28972.1	Protein_PB.28972.1	LOC113248562	LOC113248562	full-splice_match	YES	401.81	443.5	346.72
PB.28973.3	Protein_PB.28973.3	LOC113248590	LOC113248590	novel_not_in_catalog	YES	18.64	18.08	15.83
PB.28979.2	Protein_PB.28979.2	LOC113248605	LOC113248605	full-splice_match	YES	24.57	45.61	28.65
PB.28983.1	Protein_PB.28983.1	LOC113248578	LOC113248578	full-splice_match	YES	30.05	29.15	30.23
PB.28986.1	Protein_PB.28986.1	LOC113248606	LOC113248606	full-splice_match	YES	21.84	30.74	33.61
PB.28986.3	Protein_PB.28986.3	LOC113248606	LOC113248606	full-splice_match	YES	71.73	53.08	27.39
PB.28986.4	Protein_PB.28986.4	LOC113248606	LOC113248606	full-splice_match	YES	30.58	20.48	31.46
PB.28986.6	Protein_PB.28986.6	LOC113248606	LOC113248606	incomplete-splice_match	YES	190.27	212.28	147.95
PB.28987.2	Protein_PB.28987.2	LOC113248583	LOC113248583	full-splice_match	YES	35.43	43.94	41.02
PB.28988.1	Protein_PB.28988.1	LOC113248582	LOC113248582	full-splice_match	YES	55.9	52.49	61.94
PB.28990.3	Protein_PB.28990.3	LOC113248579	LOC113248579	full-splice_match	YES	27.63	66.6	27.82
PB.28995.1	Protein_PB.28995.1	LOC113248602	LOC113248602	full-splice_match	YES	562.78	574.45	516.93
PB.28996.3	Protein_PB.28996.3	LOC113248597	LOC113248597	novel_not_in_catalog	YES	83.49	55.36	85.79
PB.28998.2	Protein_PB.28998.2	LOC113248593	LOC113248593	full-splice_match	YES	25.29	45.0	39.65
PB.29004.1	Protein_PB.29004.1	PMPCA	PMPCA	full-splice_match	YES	25.3	31.01	25.65
PB.29004.3	Protein_PB.29004.3	PMPCA	PMPCA	full-splice_match	YES	432.6	582.5	404.89
PB.29004.4	Protein_PB.29004.4	PMPCA	PMPCA	novel_not_in_catalog	YES	154.81	153.48	51.02
PB.29007.6	Protein_PB.29007.6	EGFL7	EGFL7	novel_not_in_catalog	YES	27.05	17.88	25.92
PB.29009.1	Protein_PB.29009.1	DIPK1B	DIPK1B	full-splice_match	YES	30.75	35.95	22.43
PB.29010.1	Protein_PB.29010.1	TMEM141	TMEM141	full-splice_match	YES	52.27	55.6	35.86
PB.29012.1	Protein_PB.29012.1	LOC113248648	LOC113248648	full-splice_match	YES	144.9	132.71	87.92
PB.29012.2	Protein_PB.29012.2	LOC113248648	LOC113248648	full-splice_match	YES	65.62	74.3	110.47
PB.29014.1	Protein_PB.29014.1	LOC113248616	LOC113248616	full-splice_match	YES	401.81	443.5	346.72
PB.29017.7	Protein_PB.29017.7	LOC113248645	LOC113248645	full-splice_match	YES	30.45	19.65	38.49
PB.2902.1	Protein_PB.2902.1	COL6A3	COL6A3	incomplete-splice_match	YES	90.72	63.27	52.79
PB.2902.4	Protein_PB.2902.4	COL6A3	COL6A3	full-splice_match	YES	164.97	71.58	161.92
PB.2902.5	Protein_PB.2902.5	COL6A3	COL6A3	full-splice_match	YES	219.62	136.83	91.91
PB.2902.6	Protein_PB.2902.6	COL6A3	COL6A3	full-splice_match	YES	991.16	462.87	711.08
PB.2902.7	Protein_PB.2902.7	COL6A3	COL6A3	full-splice_match	YES	883.99	509.34	465.58
PB.29023.1	Protein_PB.29023.1	LOC113248611	LOC113248611	full-splice_match	YES	49.75	33.33	42.37
PB.29023.2	Protein_PB.29023.2	LOC113248611	LOC113248611	full-splice_match	YES	191.01	198.63	199.13
PB.29023.3	Protein_PB.29023.3	LOC113248611	LOC113248611	full-splice_match	YES	15.86	21.3	22.66
PB.29025.1	Protein_PB.29025.1	LOC113248657	LOC113248657	full-splice_match	YES	25.93	15.55	16.78
PB.29026.2	Protein_PB.29026.2	LOC113248656	LOC113248656	full-splice_match	YES	109.46	130.67	123.04
PB.29027.1	Protein_PB.29027.1	DNLZ	DNLZ	full-splice_match	YES	30.05	29.15	30.23
PB.29029.5	Protein_PB.29029.5	LOC113248626	LOC113248626	novel_in_catalog	YES	93.32	73.61	117.39
PB.29030.2	Protein_PB.29030.2	ENTR1	ENTR1	full-splice_match	YES	21.84	30.74	33.61
PB.29030.4	Protein_PB.29030.4	ENTR1	ENTR1	full-splice_match	YES	71.73	53.08	27.39
PB.29030.5	Protein_PB.29030.5	ENTR1	ENTR1	full-splice_match	YES	30.58	20.48	31.46
PB.29031.2	Protein_PB.29031.2	INPP5E	INPP5E	full-splice_match	YES	85.53	111.76	80.25
PB.29032.1	Protein_PB.29032.1	LOC113248631	LOC113248631	full-splice_match	YES	165.28	168.23	150.51
PB.29032.4	Protein_PB.29032.4	LOC113248631	LOC113248631	full-splice_match	YES	42.43	13.46	32.04
PB.29033.1	Protein_PB.29033.1	LOC113248639	LOC113248639	full-splice_match	YES	117.52	69.9	89.14
PB.29034.2	Protein_PB.29034.2	AGPAT2	AGPAT2	novel_not_in_catalog	YES	17.9	38.0	26.3
PB.29034.4	Protein_PB.29034.4	AGPAT2	AGPAT2	full-splice_match	YES	71.84	84.51	51.77
PB.29035.6		LOC113248612	LOC113248612	incomplete-splice_match	NO	47.97	68.72	35.58
PB.29039.2	Protein_PB.29039.2	LOC113248658	LOC113248658	full-splice_match	YES	562.78	574.45	516.93
PB.29040.11	Protein_PB.29040.11	LOC113248653	LOC113248653	novel_in_catalog	YES	79.77	98.85	115.2
PB.29040.2	Protein_PB.29040.2	LOC113248653	LOC113248653	full-splice_match	YES	410.93	420.9	222.61
PB.29040.3	Protein_PB.29040.3	LOC113248653	LOC113248653	novel_not_in_catalog	YES	14.2	18.97	21.13
PB.29040.8	Protein_PB.29040.8	LOC113248653	LOC113248653	novel_not_in_catalog	YES	25.75	13.99	4.92
PB.29042.1	Protein_PB.29042.1	LOC113248649	LOC113248649	full-splice_match	YES	585.22	595.97	526.35
PB.29044.1	Protein_PB.29044.1	LOC113248651	LOC113248651	full-splice_match	YES	34.9	35.82	32.44
PB.29049.22	Protein_PB.29049.22	PFKFB1	PFKFB1	novel_in_catalog	YES	19.23	8.84	10.23
PB.29049.4	Protein_PB.29049.4	PFKFB1	PFKFB1	full-splice_match	YES	123.46	62.47	30.44
PB.29049.79	Protein_PB.29049.79	PFKFB1	PFKFB1	novel_not_in_catalog	YES	162.88	60.21	44.19
PB.29049.8	Protein_PB.29049.8	PFKFB1	PFKFB1	full-splice_match	YES	57.26	36.95	12.05
PB.29050.15	Protein_PB.29050.15	MAGED2	MAGED2	full-splice_match	YES	132.6	60.4	170.08
PB.29050.21	Protein_PB.29050.21	MAGED2	MAGED2	full-splice_match	YES	153.83	141.17	194.83
PB.29050.24	Protein_PB.29050.24	MAGED2	MAGED2	incomplete-splice_match	YES	47.47	19.59	75.14
PB.29052.1	Protein_PB.29052.1	APEX2	APEX2	full-splice_match	YES	29.83	32.79	43.36
PB.29052.2	Protein_PB.29052.2	APEX2	APEX2	novel_not_in_catalog	YES	57.57	54.27	44.4
PB.29056.1	Protein_PB.29056.1	ASB12	ASB12	full-splice_match	YES	114.13	113.86	94.04
PB.29057.1	Protein_PB.29057.1	AMER1	AMER1	full-splice_match	YES	44.63	34.46	64.82
PB.2906.1	Protein_PB.2906.1	ASB18	ASB18	full-splice_match	YES	87.86	100.65	98.56
PB.29061.1	Protein_PB.29061.1	PDSS1	PDSS1	full-splice_match	YES	50.9	50.45	53.12
PB.29061.4	Protein_PB.29061.4	PDSS1	PDSS1	full-splice_match	YES	11.57	23.55	5.45
PB.29061.5	Protein_PB.29061.5	PDSS1	PDSS1	full-splice_match	YES	31.42	29.18	26.32
PB.29063.1	Protein_PB.29063.1	ACBD5	ACBD5	full-splice_match	YES	37.47	30.48	53.66
PB.29063.11	Protein_PB.29063.11	ACBD5	ACBD5	incomplete-splice_match	YES	8.83	27.91	21.06
PB.29063.2	Protein_PB.29063.2	ACBD5	ACBD5	novel_in_catalog	YES	98.71	119.47	41.68
PB.29063.3	Protein_PB.29063.3	ACBD5	ACBD5	novel_in_catalog	YES	36.01	25.71	10.74
PB.29063.4	Protein_PB.29063.4	ACBD5	ACBD5	novel_not_in_catalog	YES	15.51	37.45	23.99
PB.29063.5	Protein_PB.29063.5	ACBD5	ACBD5	novel_in_catalog	YES	38.95	58.65	59.36
PB.29063.7	Protein_PB.29063.7	ACBD5	ACBD5	novel_in_catalog	YES	123.13	115.03	108.58
PB.29064.11	Protein_PB.29064.11	YME1L1_LOC113248686	YME1L1_LOC113248686	full-splice_match	YES	106.6	112.61	143.51
PB.29064.12	Protein_PB.29064.12	YME1L1	YME1L1	incomplete-splice_match	YES	345.63	362.18	301.12
PB.29064.14	Protein_PB.29064.14	LOC113248686	LOC113248686	full-splice_match	YES	18.8	32.7	31.82
PB.29064.16	Protein_PB.29064.16	LOC113248686	LOC113248686	full-splice_match	YES	32.15	14.07	26.47
PB.29064.17	Protein_PB.29064.17	LOC113248686	LOC113248686	full-splice_match	YES	32.88	31.55	24.37
PB.29064.2	Protein_PB.29064.2	YME1L1	YME1L1	incomplete-splice_match	YES	507.6	505.28	447.75
PB.29064.4	Protein_PB.29064.4	YME1L1	YME1L1	incomplete-splice_match	YES	12.79	13.54	21.76
PB.29064.7	Protein_PB.29064.7	YME1L1	YME1L1	novel_in_catalog	YES	38.06	42.92	31.79
PB.29065.1	Protein_PB.29065.1	LOC113248694	LOC113248694	full-splice_match	YES	17.31	18.51	25.73
PB.29065.2	Protein_PB.29065.2	LOC113248694	LOC113248694	full-splice_match	YES	18.81	22.29	15.9
PB.29066.1	Protein_PB.29066.1	LOC113248688	LOC113248688	full-splice_match	YES	19.33	18.47	16.76
PB.29066.2	Protein_PB.29066.2	LOC113248688	LOC113248688	full-splice_match	YES	75.99	91.46	94.39
PB.29068.13	Protein_PB.29068.13	ABI1	ABI1	novel_in_catalog	YES	44.47	17.06	26.58
PB.29068.17	Protein_PB.29068.17	ABI1	ABI1	full-splice_match	YES	11.36	6.26	16.4
PB.29068.18	Protein_PB.29068.18	ABI1	ABI1	novel_not_in_catalog	YES	56.78	45.94	56.28
PB.29068.6	Protein_PB.29068.6	ABI1	ABI1	full-splice_match	YES	45.31	61.13	65.37
PB.29081.1	Protein_PB.29081.1	SYDE1	SYDE1	novel_in_catalog	YES	34.57	25.66	26.48
PB.29081.2	Protein_PB.29081.2	SYDE1	SYDE1	novel_not_in_catalog	YES	19.01	12.5	22.65
PB.29087.8	Protein_PB.29087.8	ILVBL	ILVBL	novel_in_catalog	YES	44.52	41.6	70.3
PB.29087.9	Protein_PB.29087.9	ILVBL	ILVBL	full-splice_match	YES	132.87	150.97	156.24
PB.29088.3	Protein_PB.29088.3	NOTCH3	NOTCH3	full-splice_match	YES	281.56	179.58	248.66
PB.29090.2	Protein_PB.29090.2	BRD4	BRD4	full-splice_match	YES	97.17	80.61	94.09
PB.29090.3	Protein_PB.29090.3	BRD4	BRD4	novel_not_in_catalog	YES	69.09	74.79	57.2
PB.29091.2	Protein_PB.29091.2	AKAP8	AKAP8	full-splice_match	YES	214.69	227.54	243.7
PB.29091.6	Protein_PB.29091.6	AKAP8	AKAP8	novel_in_catalog	YES	8.53	5.95	33.03
PB.29092.1	Protein_PB.29092.1	AKAP8L	AKAP8L	full-splice_match	YES	124.61	112.94	114.22
PB.29093.2	Protein_PB.29093.2	WIZ	WIZ	full-splice_match	YES	59.46	48.43	49.68
PB.29093.3	Protein_PB.29093.3	WIZ	WIZ	full-splice_match	YES	11.5	19.74	18.33
PB.29098.1	Protein_PB.29098.1	ZNF280B	ZNF280B	novel_not_in_catalog	YES	85.13	77.13	114.6
PB.29098.2	Protein_PB.29098.2	ZNF280B	ZNF280B	novel_not_in_catalog	YES	548.51	430.41	974.44
PB.29102.1	Protein_PB.29102.1	LOC113248746	LOC113248746	full-splice_match	YES	611.92	686.94	806.41
PB.29120.1		LOC113248751	LOC113248751	full-splice_match	NO	461072.97	341349.72	776967.55
PB.29121.1		novelGene_3153	novelGene_3153	intergenic	NO	1421.31	582.36	2373.09
PB.29130.1	Protein_PB.29130.1	LOC113248766	LOC113248766	full-splice_match	YES	166.73	165.69	207.64
PB.29136.3	Protein_PB.29136.3	RIC8A	RIC8A	full-splice_match	YES	136.51	124.43	133.71
PB.29138.10	Protein_PB.29138.10	PSMD13	PSMD13	full-splice_match	YES	23.68	31.87	64.42
PB.29138.11	Protein_PB.29138.11	PSMD13	PSMD13	full-splice_match	YES	553.03	577.02	758.72
PB.29141.1	Protein_PB.29141.1	LOC113248775	LOC113248775	full-splice_match	YES	41.56	27.72	50.12
PB.29145.2	Protein_PB.29145.2	PTDSS2	PTDSS2	full-splice_match	YES	26.86	33.97	38.2
PB.29148.2	Protein_PB.29148.2	PHRF1	PHRF1	full-splice_match	YES	72.58	86.98	168.47
PB.29148.3	Protein_PB.29148.3	PHRF1	PHRF1	full-splice_match	YES	36.17	45.49	40.86
PB.29148.5	Protein_PB.29148.5	PHRF1	PHRF1	full-splice_match	YES	135.74	74.91	40.95
PB.29150.1	Protein_PB.29150.1	TMEM80	TMEM80	novel_in_catalog	YES	22.21	23.33	23.04
PB.29150.2	Protein_PB.29150.2	TMEM80	TMEM80	novel_in_catalog	YES	59.59	49.61	79.99
PB.29150.9	Protein_PB.29150.9	TMEM80	TMEM80	novel_not_in_catalog	YES	32.4	31.7	42.07
PB.29152.2	Protein_PB.29152.2	TALDO1	TALDO1	full-splice_match	YES	777.1	890.04	615.85
PB.29155.1	Protein_PB.29155.1	RPLP2	RPLP2	full-splice_match	YES	2034.31	2101.27	2833.81
PB.29155.5		novelGene_3155	novelGene_3155	intergenic	NO	44.46	50.14	34.44
PB.29156.1	Protein_PB.29156.1	PNPLA2	PNPLA2	full-splice_match	YES	878.18	1264.54	1474.24
PB.29156.4	Protein_PB.29156.4	PNPLA2	PNPLA2	novel_in_catalog	YES	5.73	8.42	33.93
PB.29156.9	Protein_PB.29156.9	PNPLA2	PNPLA2	incomplete-splice_match	YES	15.9	26.63	23.66
PB.29157.1	Protein_PB.29157.1	LOC113248801	LOC113248801	full-splice_match	YES	13.66	19.25	24.14
PB.29158.1	Protein_PB.29158.1	BET1L	BET1L	full-splice_match	YES	31.42	32.45	34.48
PB.29158.2	Protein_PB.29158.2	BET1L	BET1L	novel_in_catalog	YES	8.47	2.82	33.9
PB.29158.4	Protein_PB.29158.4	BET1L	BET1L	full-splice_match	YES	12.98	8.74	36.96
PB.29158.7	Protein_PB.29158.7	BET1L	BET1L	novel_in_catalog	YES	11.94	6.36	32.68
PB.29158.8	Protein_PB.29158.8	BET1L	BET1L	novel_not_in_catalog	YES	74.44	69.69	39.76
PB.29158.9	Protein_PB.29158.9	BET1L	BET1L	novel_not_in_catalog	YES	208.08	194.28	161.58
PB.29159.1	Protein_PB.29159.1	SIRT3	SIRT3	full-splice_match	YES	11.53	16.87	9.32
PB.29159.10	Protein_PB.29159.10	SIRT3	SIRT3	full-splice_match	YES	135.93	166.39	67.0
PB.29159.14	Protein_PB.29159.14	SIRT3	SIRT3	novel_in_catalog	YES	32.9	31.96	22.21
PB.29159.2	Protein_PB.29159.2	SIRT3	SIRT3	novel_in_catalog	YES	90.09	134.81	31.64
PB.29159.7	Protein_PB.29159.7	SIRT3	SIRT3	novel_in_catalog	YES	53.87	68.95	28.57
PB.29159.8	Protein_PB.29159.8	SIRT3	SIRT3	novel_in_catalog	YES	38.58	21.86	35.96
PB.29160.1	Protein_PB.29160.1	novelGene_PSMD13_AS	novelGene_PSMD13_AS	antisense	YES	29.99	30.74	29.75
PB.29160.4	Protein_PB.29160.4	novelGene_PSMD13_AS	novelGene_PSMD13_AS	antisense	YES	4311.74	4979.31	3978.15
PB.29167.2	Protein_PB.29167.2	LOC113248807	LOC113248807	full-splice_match	YES	114.85	133.72	143.68
PB.29167.4	Protein_PB.29167.4	LOC113248807	LOC113248807	full-splice_match	YES	41.23	35.17	23.18
PB.29172.2	Protein_PB.29172.2	DEAF1	DEAF1	full-splice_match	YES	230.85	204.32	232.84
PB.29173.10	Protein_PB.29173.10	GATD1	GATD1	full-splice_match	YES	79.61	77.57	79.66
PB.29173.15	Protein_PB.29173.15	GATD1	GATD1	novel_in_catalog	YES	66.24	59.66	105.77
PB.29173.5	Protein_PB.29173.5	GATD1	GATD1	full-splice_match	YES	9.43	4.96	17.62
PB.29178.1	Protein_PB.29178.1	GSPT2	GSPT2	full-splice_match	YES	12.08	19.5	18.93
PB.29179.1	Protein_PB.29179.1	MAGED1	MAGED1	full-splice_match	YES	305.11	343.29	371.41
PB.29179.11	Protein_PB.29179.11	MAGED1	MAGED1	full-splice_match	YES	76.58	83.73	97.64
PB.29179.15	Protein_PB.29179.15	MAGED1	MAGED1	incomplete-splice_match	YES	21.25	10.98	17.22
PB.29179.2	Protein_PB.29179.2	MAGED1	MAGED1	novel_not_in_catalog	YES	12.5	17.08	21.3
PB.29179.3	Protein_PB.29179.3	MAGED1	MAGED1	novel_not_in_catalog	YES	57.21	21.24	71.19
PB.29184.3	Protein_PB.29184.3	LOC113248820	LOC113248820	full-splice_match	YES	43.05	15.6	13.78
PB.29184.4	Protein_PB.29184.4	LOC113248820	LOC113248820	full-splice_match	YES	37.63	21.3	58.77
PB.2919.2	Protein_PB.2919.2	PDE6D	PDE6D	full-splice_match	YES	199.94	253.53	182.01
PB.29190.5	Protein_PB.29190.5	ARHGEF9	ARHGEF9	full-splice_match	YES	29.81	14.07	24.5
PB.29203.1	Protein_PB.29203.1	LOC113248861	LOC113248861	full-splice_match	YES	15.83	6.04	19.25
PB.29203.2	Protein_PB.29203.2	LOC113248861	LOC113248861	full-splice_match	YES	101.64	117.46	100.77
PB.29220.1	Protein_PB.29220.1	PPP1R11	PPP1R11	full-splice_match	YES	151.31	120.61	149.75
PB.29220.2	Protein_PB.29220.2	PPP1R11	PPP1R11	novel_not_in_catalog	YES	24.77	33.68	16.82
PB.29221.1	Protein_PB.29221.1	ZNRD1	ZNRD1	full-splice_match	YES	80.67	95.89	82.53
PB.2923.1	Protein_PB.2923.1	NCL	NCL	incomplete-splice_match	YES	77.73	77.59	97.89
PB.2923.12	Protein_PB.2923.12	NCL	NCL	incomplete-splice_match	YES	151.76	121.57	157.71
PB.2923.16	Protein_PB.2923.16	NCL	NCL	incomplete-splice_match	YES	103.52	102.11	78.31
PB.2923.18	Protein_PB.2923.18	NCL	NCL	incomplete-splice_match	YES	180.12	153.31	205.74
PB.2923.3	Protein_PB.2923.3	NCL	NCL	full-splice_match	YES	123.2	133.56	286.97
PB.2923.7	Protein_PB.2923.7	NCL	NCL	novel_not_in_catalog	YES	51.49	22.61	66.14
PB.29234.1	Protein_PB.29234.1	novelGene_LOC113248884_AS	novelGene_LOC113248884_AS	antisense	YES	23.78	18.65	30.56
PB.29239.10	Protein_PB.29239.10	STX3	STX3	novel_not_in_catalog	YES	21.39	37.9	26.27
PB.29239.4	Protein_PB.29239.4	STX3	STX3	incomplete-splice_match	YES	218.29	256.47	209.42
PB.29239.5	Protein_PB.29239.5	STX3	STX3	novel_not_in_catalog	YES	53.13	71.02	109.31
PB.29239.6	Protein_PB.29239.6	STX3	STX3	novel_not_in_catalog	YES	61.62	65.09	95.97
PB.29239.7	Protein_PB.29239.7	STX3	STX3	novel_in_catalog	YES	50.22	56.93	68.48
PB.29239.9	Protein_PB.29239.9	STX3	STX3	novel_in_catalog	YES	172.06	148.48	144.13
PB.29248.1	Protein_PB.29248.1	OSBP	OSBP	full-splice_match	YES	345.93	304.04	427.29
PB.29249.10	Protein_PB.29249.10	PATL1	PATL1	incomplete-splice_match	YES	12.4	11.42	18.51
PB.29249.5	Protein_PB.29249.5	PATL1	PATL1	novel_not_in_catalog	YES	14.36	24.5	9.84
PB.29249.8	Protein_PB.29249.8	PATL1	PATL1	full-splice_match	YES	120.51	106.99	139.01
PB.29254.2	Protein_PB.29254.2	MRPL16	MRPL16	full-splice_match	YES	705.98	929.25	613.8
PB.29254.4	Protein_PB.29254.4	MRPL16	MRPL16	novel_not_in_catalog	YES	190.38	128.11	116.31
PB.29260.1	Protein_PB.29260.1	PEG3	PEG3	full-splice_match	YES	1778.89	2556.84	3408.08
PB.29260.2	Protein_PB.29260.2	PEG3	PEG3	incomplete-splice_match	YES	144.45	183.35	261.64
PB.29260.3	Protein_PB.29260.3	PEG3	PEG3	novel_not_in_catalog	YES	22.86	58.33	124.14
PB.29293.1	Protein_PB.29293.1	PARP2	PARP2	novel_not_in_catalog	YES	9.07	19.04	0.57
PB.29293.4	Protein_PB.29293.4	PARP2	PARP2	full-splice_match	YES	93.47	96.72	83.73
PB.29294.1	Protein_PB.29294.1	APEX1	APEX1	full-splice_match	YES	216.61	261.71	199.0
PB.29295.1	Protein_PB.29295.1	PNP	PNP	novel_in_catalog	YES	160.45	140.02	139.08
PB.29295.10	Protein_PB.29295.10	PNP	PNP	incomplete-splice_match	YES	539.16	418.97	482.1
PB.29295.5	Protein_PB.29295.5	PNP	PNP	novel_not_in_catalog	YES	25.96	14.24	16.79
PB.29295.7	Protein_PB.29295.7	PNP	PNP	full-splice_match	YES	103.41	85.81	105.63
PB.29295.8	Protein_PB.29295.8	PNP	PNP	full-splice_match	YES	65.65	57.55	80.32
PB.29300.2	Protein_PB.29300.2	TTC5	TTC5	full-splice_match	YES	57.5	65.18	46.29
PB.29303.7		LOC113248951	LOC113248951	full-splice_match	NO	11883.61	11495.22	9596.42
PB.29306.1	Protein_PB.29306.1	TEP1	TEP1	full-splice_match	YES	8.08	25.42	4.29
PB.29306.3	Protein_PB.29306.3	TEP1	TEP1	novel_not_in_catalog	YES	91.91	71.91	134.51
PB.29307.1	Protein_PB.29307.1	KLHL33	KLHL33	novel_not_in_catalog	YES	63.94	111.34	108.7
PB.29307.10	Protein_PB.29307.10	KLHL33	KLHL33	full-splice_match	YES	6.91	17.95	23.48
PB.29307.2	Protein_PB.29307.2	KLHL33	KLHL33	novel_not_in_catalog	YES	63.21	46.43	42.33
PB.29307.4	Protein_PB.29307.4	KLHL33	KLHL33	full-splice_match	YES	6.43	2.84	17.52
PB.29307.5	Protein_PB.29307.5	KLHL33	KLHL33	novel_not_in_catalog	YES	195.78	138.79	213.61
PB.29307.6	Protein_PB.29307.6	KLHL33	KLHL33	novel_not_in_catalog	YES	713.21	693.68	896.12
PB.29307.8	Protein_PB.29307.8	KLHL33	KLHL33	novel_not_in_catalog	YES	79.92	29.83	55.06
PB.29308.3	Protein_PB.29308.3	OSGEP	OSGEP	full-splice_match	YES	82.64	86.15	75.49
PB.29309.2	Protein_PB.29309.2	PIP4P1	PIP4P1	full-splice_match	YES	33.24	28.82	34.75
PB.2932.14	Protein_PB.2932.14	TRIP12	TRIP12	full-splice_match	YES	229.11	166.68	291.77
PB.2932.15	Protein_PB.2932.15	TRIP12	TRIP12	full-splice_match	YES	24.1	36.71	42.94
PB.2932.18	Protein_PB.2932.18	TRIP12	TRIP12	novel_not_in_catalog	YES	348.63	353.63	441.03
PB.2932.2	Protein_PB.2932.2	TRIP12	TRIP12	full-splice_match	YES	51.39	25.34	31.7
PB.2932.22	Protein_PB.2932.22	TRIP12	TRIP12	novel_not_in_catalog	YES	118.42	184.52	150.45
PB.2932.24	Protein_PB.2932.24	TRIP12	TRIP12	novel_not_in_catalog	YES	501.72	384.65	446.01
PB.2932.26	Protein_PB.2932.26	TRIP12	TRIP12	incomplete-splice_match	YES	1885.05	2044.31	1973.34
PB.2932.27	Protein_PB.2932.27	TRIP12	TRIP12	novel_not_in_catalog	YES	35.52	43.1	41.97
PB.2932.28	Protein_PB.2932.28	TRIP12	TRIP12	novel_not_in_catalog	YES	19.84	17.6	12.33
PB.2932.3	Protein_PB.2932.3	TRIP12	TRIP12	full-splice_match	YES	284.24	370.84	252.27
PB.2932.30	Protein_PB.2932.30	TRIP12	TRIP12	incomplete-splice_match	YES	143.81	272.93	318.8
PB.2932.32	Protein_PB.2932.32	TRIP12	TRIP12	novel_in_catalog	YES	46.02	33.7	25.31
PB.2932.33	Protein_PB.2932.33	TRIP12	TRIP12	incomplete-splice_match	YES	83.01	77.5	69.99
PB.29324.2	Protein_PB.29324.2	CTR9	CTR9	full-splice_match	YES	167.44	197.15	180.67
PB.29324.3	Protein_PB.29324.3	CTR9	CTR9	incomplete-splice_match	YES	22.24	3.31	18.25
PB.29325.10	Protein_PB.29325.10	EIF4G2	EIF4G2	novel_not_in_catalog	YES	25.99	9.31	39.17
PB.29325.105	Protein_PB.29325.105	EIF4G2	EIF4G2	novel_not_in_catalog	YES	35.66	33.37	49.37
PB.29325.107	Protein_PB.29325.107	EIF4G2	EIF4G2	novel_not_in_catalog	YES	4.21	23.32	15.45
PB.29325.108	Protein_PB.29325.108	EIF4G2	EIF4G2	novel_not_in_catalog	YES	59.83	31.4	21.75
PB.29325.111	Protein_PB.29325.111	EIF4G2	EIF4G2	novel_not_in_catalog	YES	25.56	48.58	1.22
PB.29325.112	Protein_PB.29325.112	EIF4G2	EIF4G2	novel_not_in_catalog	YES	722.87	768.31	551.91
PB.29325.113	Protein_PB.29325.113	EIF4G2	EIF4G2	novel_not_in_catalog	YES	127.54	33.77	104.9
PB.29325.115		novelGene_3181	novelGene_3181	intergenic	NO	220.26	180.71	218.4
PB.29325.116	Protein_PB.29325.116	novelGene_3183	novelGene_3183	intergenic	YES	15.7	6.97	17.29
PB.29325.117	Protein_PB.29325.117	novelGene_3184	novelGene_3184	intergenic	YES	56.41	63.98	22.82
PB.29325.118	Protein_PB.29325.118	novelGene_3185	novelGene_3185	intergenic	YES	90.59	67.15	81.43
PB.29325.119	Protein_PB.29325.119	novelGene_3186	novelGene_3186	intergenic	YES	37.51	60.22	32.92
PB.29325.12	Protein_PB.29325.12	EIF4G2	EIF4G2	novel_not_in_catalog	YES	41.97	19.04	17.67
PB.29325.120	Protein_PB.29325.120	novelGene_3187	novelGene_3187	intergenic	YES	16.85	16.98	35.29
PB.29325.121	Protein_PB.29325.121	novelGene_3188	novelGene_3188	intergenic	YES	15.87	22.59	16.94
PB.29325.20	Protein_PB.29325.20	EIF4G2	EIF4G2	novel_not_in_catalog	YES	13.33	19.4	10.69
PB.29325.26	Protein_PB.29325.26	EIF4G2	EIF4G2	novel_not_in_catalog	YES	15.45	33.21	17.29
PB.29325.30	Protein_PB.29325.30	EIF4G2	EIF4G2	novel_not_in_catalog	YES	19.79	14.52	33.18
PB.29325.37	Protein_PB.29325.37	EIF4G2	EIF4G2	novel_not_in_catalog	YES	33.32	10.7	7.3
PB.29325.50	Protein_PB.29325.50	EIF4G2	EIF4G2	novel_not_in_catalog	YES	6.71	0.54	17.68
PB.29325.8	Protein_PB.29325.8	EIF4G2	EIF4G2	novel_not_in_catalog	YES	38.97	19.23	31.65
PB.29325.80	Protein_PB.29325.80	EIF4G2	EIF4G2	novel_not_in_catalog	YES	3298.9	3397.65	2926.12
PB.29325.87	Protein_PB.29325.87	EIF4G2	EIF4G2	novel_not_in_catalog	YES	6.95	5.91	19.37
PB.29325.88	Protein_PB.29325.88	EIF4G2	EIF4G2	novel_not_in_catalog	YES	43.37	35.21	18.71
PB.29325.89	Protein_PB.29325.89	EIF4G2	EIF4G2	novel_not_in_catalog	YES	29.71	17.07	172.46
PB.29325.9	Protein_PB.29325.9	EIF4G2	EIF4G2	novel_not_in_catalog	YES	16.23	27.59	45.71
PB.29325.90	Protein_PB.29325.90	EIF4G2	EIF4G2	novel_not_in_catalog	YES	5.86	8.74	53.56
PB.29325.96	Protein_PB.29325.96	EIF4G2	EIF4G2	novel_not_in_catalog	YES	219.35	220.42	63.72
PB.29336.2	Protein_PB.29336.2	BEX5	BEX5	full-splice_match	YES	27.88	22.37	22.6
PB.29339.4	Protein_PB.29339.4	LOC113249006	LOC113249006	full-splice_match	YES	25.94	22.65	18.77
PB.2934.3	Protein_PB.2934.3	PID1	PID1	full-splice_match	YES	55.81	41.72	36.14
PB.29341.2	Protein_PB.29341.2	LOC113249004	LOC113249004	novel_not_in_catalog	YES	32.79	29.24	25.18
PB.29341.3	Protein_PB.29341.3	LOC113249004	LOC113249004	novel_not_in_catalog	YES	52.08	46.31	46.69
PB.29341.5	Protein_PB.29341.5	LOC113249004	LOC113249004	full-splice_match	YES	48.75	69.5	83.83
PB.29343.1	Protein_PB.29343.1	LOC113249008	LOC113249008	full-splice_match	YES	31.62	31.5	29.64
PB.29343.3	Protein_PB.29343.3	LOC113249008	LOC113249008	novel_not_in_catalog	YES	58.62	62.63	59.24
PB.29343.5	Protein_PB.29343.5	LOC113249008	LOC113249008	novel_in_catalog	YES	31.88	63.36	49.86
PB.2935.1	Protein_PB.2935.1	SPHKAP	SPHKAP	full-splice_match	YES	76.62	26.8	59.98
PB.29367.1	Protein_PB.29367.1	LOC113249041	LOC113249041	full-splice_match	YES	2177.34	2322.68	2284.47
PB.29367.2	Protein_PB.29367.2	LOC113249041	LOC113249041	full-splice_match	YES	1993.57	2169.15	2196.74
PB.29368.1	Protein_PB.29368.1	LOC113249039	LOC113249039	novel_in_catalog	YES	17038.36	18501.15	18558.8
PB.29368.2	Protein_PB.29368.2	LOC113249039	LOC113249039	novel_not_in_catalog	YES	1088.36	1373.76	828.48
PB.29368.3	Protein_PB.29368.3	LOC113249039	LOC113249039	incomplete-splice_match	YES	42.81	56.23	28.16
PB.29369.3		SEC22B	SEC22B	novel_in_catalog	NO	50.87	42.02	47.65
PB.29369.4	Protein_PB.29369.4	SEC22B	SEC22B	novel_not_in_catalog	YES	129.62	160.36	150.37
PB.29369.5	Protein_PB.29369.5	SEC22B	SEC22B	novel_not_in_catalog	YES	20.53	12.73	29.39
PB.2940.3	Protein_PB.2940.3	COL4A4	COL4A4	full-splice_match	YES	19.21	25.39	7.74
PB.2942.4	Protein_PB.2942.4	IRS1	IRS1	full-splice_match	YES	710.06	504.31	788.7
PB.29426.10	Protein_PB.29426.10	INTS6L	INTS6L	novel_not_in_catalog	YES	19.72	10.33	13.21
PB.29428.6	Protein_PB.29428.6	LOC113249103	LOC113249103	full-splice_match	YES	32.81	30.01	45.03
PB.29429.1	Protein_PB.29429.1	LOC113249104	LOC113249104	full-splice_match	YES	63.06	63.08	86.91
PB.29429.10	Protein_PB.29429.10	LOC113249104	LOC113249104	full-splice_match	YES	25.35	31.9	56.77
PB.29429.12	Protein_PB.29429.12	LOC113249104	LOC113249104	full-splice_match	YES	124.56	83.57	152.1
PB.29429.13	Protein_PB.29429.13	LOC113249104	LOC113249104	full-splice_match	YES	81.04	52.14	68.38
PB.29429.14	Protein_PB.29429.14	LOC113249104	LOC113249104	full-splice_match	YES	78.5	96.76	106.41
PB.29429.2	Protein_PB.29429.2	LOC113249104	LOC113249104	full-splice_match	YES	20.24	20.67	20.56
PB.29429.8	Protein_PB.29429.8	LOC113249104	LOC113249104	full-splice_match	YES	42.06	41.53	63.51
PB.29459.1	Protein_PB.29459.1	LOC113249141	LOC113249141	full-splice_match	YES	41.84	25.21	47.04
PB.2946.2	Protein_PB.2946.2	DOCK10	DOCK10	full-splice_match	YES	35.5	21.24	34.93
PB.29460.1	Protein_PB.29460.1	LOC113249140	LOC113249140	full-splice_match	YES	16.97	9.57	15.99
PB.29460.2	Protein_PB.29460.2	LOC113249140	LOC113249140	novel_not_in_catalog	YES	18.33	19.41	16.78
PB.29460.4	Protein_PB.29460.4	LOC113249140	LOC113249140	novel_not_in_catalog	YES	57.12	28.26	48.35
PB.29460.5	Protein_PB.29460.5	LOC113249140	LOC113249140	novel_not_in_catalog	YES	26.95	14.95	20.63
PB.29461.2	Protein_PB.29461.2	LOC113249139	LOC113249139	full-splice_match	YES	66.39	65.63	84.76
PB.29461.6	Protein_PB.29461.6	LOC113249139	LOC113249139	full-splice_match	YES	20.86	22.28	42.77
PB.2947.1	Protein_PB.2947.1	CUL3	CUL3	full-splice_match	YES	911.44	911.53	991.6
PB.2947.2	Protein_PB.2947.2	CUL3	CUL3	incomplete-splice_match	YES	724.98	763.03	932.9
PB.2949.1	Protein_PB.2949.1	FAM124B	FAM124B	full-splice_match	YES	34.72	21.71	21.67
PB.295.1	Protein_PB.295.1	ARHGAP31	ARHGAP31	full-splice_match	YES	232.29	173.32	174.41
PB.29503.2	Protein_PB.29503.2	LOC113249186	LOC113249186	full-splice_match	YES	124.55	115.62	89.49
PB.29504.1	Protein_PB.29504.1	LOC113249190	LOC113249190	novel_in_catalog	YES	44.96	30.98	35.74
PB.29504.2	Protein_PB.29504.2	LOC113249190	LOC113249190	novel_in_catalog	YES	20.59	21.68	26.77
PB.29504.3	Protein_PB.29504.3	LOC113249190	LOC113249190	novel_in_catalog	YES	43.81	38.56	34.89
PB.2952.1	Protein_PB.2952.1	SERPINE2	SERPINE2	full-splice_match	YES	91.43	81.04	88.71
PB.2953.1	Protein_PB.2953.1	WDFY1	WDFY1	full-splice_match	YES	291.61	227.83	227.71
PB.2953.3	Protein_PB.2953.3	WDFY1	WDFY1	novel_not_in_catalog	YES	37.1	47.53	14.01
PB.2953.4	Protein_PB.2953.4	WDFY1	WDFY1	novel_in_catalog	YES	17.91	14.43	12.87
PB.2953.5	Protein_PB.2953.5	WDFY1	WDFY1	novel_in_catalog	YES	27.86	26.57	7.76
PB.29531.4	Protein_PB.29531.4	LOC113249219	LOC113249219	full-splice_match	YES	40.6	28.39	42.02
PB.29532.1	Protein_PB.29532.1	WFDC1	WFDC1	full-splice_match	YES	29.57	24.13	20.69
PB.29537.4	Protein_PB.29537.4	GIMAP4	GIMAP4	full-splice_match	YES	9.98	15.84	17.02
PB.29544.1	Protein_PB.29544.1	LOC113249235	LOC113249235	novel_in_catalog	YES	49.3	52.62	51.84
PB.29563.11		LOC113249257	LOC113249257	full-splice_match	NO	13.92	13.45	28.38
PB.2957.1	Protein_PB.2957.1	FARSB	FARSB	novel_in_catalog	YES	197.95	222.19	163.41
PB.2957.2	Protein_PB.2957.2	FARSB	FARSB	novel_not_in_catalog	YES	77.96	69.34	104.37
PB.2957.3	Protein_PB.2957.3	FARSB	FARSB	full-splice_match	YES	9.93	10.88	23.14
PB.2957.5	Protein_PB.2957.5	FARSB	FARSB	novel_not_in_catalog	YES	147.81	212.08	158.77
PB.29575.2		LOC113249270	LOC113249270	full-splice_match	NO	31.56	21.03	23.64
PB.29578.1	Protein_PB.29578.1	LOC113249271	LOC113249271	full-splice_match	YES	27.62	18.55	36.08
PB.29578.3	Protein_PB.29578.3	LOC113249271	LOC113249271	full-splice_match	YES	59.76	62.03	40.24
PB.29578.4	Protein_PB.29578.4	LOC113249271	LOC113249271	novel_in_catalog	YES	489.52	513.55	498.56
PB.29578.5	Protein_PB.29578.5	LOC113249271	LOC113249271	full-splice_match	YES	48.59	48.11	66.68
PB.2960.2	Protein_PB.2960.2	EPHA4	EPHA4	full-splice_match	YES	18.46	15.62	25.14
PB.2960.4	Protein_PB.2960.4	EPHA4	EPHA4	full-splice_match	YES	28.18	25.21	19.09
PB.29611.1	Protein_PB.29611.1	LOC113249310	LOC113249310	full-splice_match	YES	60.37	76.6	57.28
PB.2962.1	Protein_PB.2962.1	OBSL1	OBSL1	full-splice_match	YES	362.93	340.45	377.83
PB.2962.3	Protein_PB.2962.3	OBSL1	OBSL1	full-splice_match	YES	111.74	73.66	59.7
PB.2962.4	Protein_PB.2962.4	OBSL1	OBSL1	novel_not_in_catalog	YES	570.42	414.08	150.66
PB.2962.5	Protein_PB.2962.5	OBSL1	OBSL1	incomplete-splice_match	YES	222.02	185.89	248.24
PB.29621.3	Protein_PB.29621.3	LOC113249318	LOC113249318	full-splice_match	YES	101.23	56.87	76.54
PB.29627.1	Protein_PB.29627.1	LOC113249328	LOC113249328	full-splice_match	YES	17.57	12.4	16.66
PB.2963.1	Protein_PB.2963.1	CHPF	CHPF	full-splice_match	YES	34.55	10.23	6.89
PB.29644.1	Protein_PB.29644.1	LOC113249350	LOC113249350	full-splice_match	YES	34.32	43.91	33.96
PB.29648.2	Protein_PB.29648.2	LOC113249352	LOC113249352	full-splice_match	YES	78.22	90.75	94.21
PB.2965.2	Protein_PB.2965.2	DNPEP	DNPEP	full-splice_match	YES	380.9	457.29	325.33
PB.2965.4	Protein_PB.2965.4	DNPEP	DNPEP	full-splice_match	YES	277.94	336.61	267.83
PB.29653.1	Protein_PB.29653.1	LOC113249361	LOC113249361	full-splice_match	YES	110.59	88.75	92.02
PB.29654.1	Protein_PB.29654.1	LOC113249363	LOC113249363	full-splice_match	YES	144.89	168.69	130.5
PB.29655.1		LOC113249366	LOC113249366	full-splice_match	NO	33.2	34.02	42.11
PB.29656.7	Protein_PB.29656.7	LOC113249365	LOC113249365	full-splice_match	YES	19.26	4.5	6.34
PB.29657.2	Protein_PB.29657.2	LOC113249364	LOC113249364	full-splice_match	YES	30.4	71.41	27.45
PB.29657.3	Protein_PB.29657.3	LOC113249364	LOC113249364	full-splice_match	YES	75.16	53.37	24.1
PB.29657.4	Protein_PB.29657.4	LOC113249364	LOC113249364	full-splice_match	YES	448.54	444.31	516.99
PB.29657.5	Protein_PB.29657.5	LOC113249364	LOC113249364	incomplete-splice_match	YES	105.05	63.4	54.08
PB.29657.6	Protein_PB.29657.6	LOC113249364	LOC113249364	novel_in_catalog	YES	63.92	132.62	114.42
PB.29657.7	Protein_PB.29657.7	LOC113249364	LOC113249364	incomplete-splice_match	YES	87.73	104.49	69.73
PB.29657.8	Protein_PB.29657.8	LOC113249364	LOC113249364	novel_not_in_catalog	YES	37.95	54.61	64.4
PB.29659.1	Protein_PB.29659.1	LOC113249369	LOC113249369	full-splice_match	YES	144.89	168.69	130.5
PB.29660.1		LOC113249372	LOC113249372	full-splice_match	NO	478.93	474.15	383.24
PB.29662.1	Protein_PB.29662.1	LOC113249370	LOC113249370	novel_not_in_catalog	YES	147.84	165.67	94.53
PB.29662.11	Protein_PB.29662.11	LOC113249370	LOC113249370	full-splice_match	YES	86.85	109.79	45.92
PB.29662.12	Protein_PB.29662.12	LOC113249370	LOC113249370	full-splice_match	YES	196.71	185.81	140.93
PB.29662.2	Protein_PB.29662.2	LOC113249370	LOC113249370	full-splice_match	YES	26.74	45.76	17.65
PB.29662.7	Protein_PB.29662.7	LOC113249370	LOC113249370	novel_not_in_catalog	YES	101.34	43.35	99.12
PB.29663.4	Protein_PB.29663.4	LOC113249367	LOC113249367	novel_in_catalog	YES	45.17	38.27	61.67
PB.2968.1	Protein_PB.2968.1	LOC113250431	LOC113250431	full-splice_match	YES	5187.36	5387.61	8239.35
PB.2968.2	Protein_PB.2968.2	LOC113250431	LOC113250431	novel_not_in_catalog	YES	3904.83	3899.21	7855.53
PB.2968.3	Protein_PB.2968.3	LOC113250431	LOC113250431	novel_in_catalog	YES	21.34	29.45	352.37
PB.29688.1	Protein_PB.29688.1	LOC113249399	LOC113249399	novel_not_in_catalog	YES	23.77	18.38	34.97
PB.29697.1	Protein_PB.29697.1	LOC113249408	LOC113249408	full-splice_match	YES	18.12	7.9	8.86
PB.297.1	Protein_PB.297.1	POGLUT1	POGLUT1	full-splice_match	YES	27.78	22.36	20.83
PB.2970.10	Protein_PB.2970.10	ATG9A	ATG9A	novel_in_catalog	YES	190.39	210.98	208.42
PB.2970.14	Protein_PB.2970.14	ATG9A	ATG9A	novel_in_catalog	YES	3.98	21.57	34.89
PB.2970.17	Protein_PB.2970.17	ATG9A	ATG9A	full-splice_match	YES	6.55	18.81	22.89
PB.2970.19	Protein_PB.2970.19	ATG9A	ATG9A	novel_in_catalog	YES	25.47	24.74	19.92
PB.2970.2	Protein_PB.2970.2	ATG9A	ATG9A	full-splice_match	YES	53.65	108.86	37.67
PB.2970.21	Protein_PB.2970.21	ATG9A	ATG9A	full-splice_match	YES	18.11	10.77	7.48
PB.2970.4	Protein_PB.2970.4	ATG9A	ATG9A	full-splice_match	YES	96.92	60.51	69.92
PB.2970.5	Protein_PB.2970.5	ATG9A	ATG9A	novel_in_catalog	YES	15.84	32.76	13.78
PB.2970.7	Protein_PB.2970.7	ATG9A	ATG9A	full-splice_match	YES	125.29	156.89	140.89
PB.2970.8	Protein_PB.2970.8	ATG9A	ATG9A	novel_in_catalog	YES	28.19	21.42	0.16
PB.2970.9	Protein_PB.2970.9	ATG9A	ATG9A	novel_in_catalog	YES	83.53	98.3	6.45
PB.29706.1		LOC113249418	LOC113249418	full-splice_match	NO	14.56	11.85	19.2
PB.29707.1	Protein_PB.29707.1	LOC113249417	LOC113249417	novel_not_in_catalog	YES	20.55	14.23	37.87
PB.29707.3	Protein_PB.29707.3	LOC113249417	LOC113249417	novel_not_in_catalog	YES	44.81	27.56	50.29
PB.29708.1		LOC113249420	LOC113249420	full-splice_match	NO	14.56	11.85	19.2
PB.29708.2		LOC113249420	LOC113249420	incomplete-splice_match	NO	170.57	170.2	259.29
PB.29709.3	Protein_PB.29709.3	LOC113249419	LOC113249419	incomplete-splice_match	YES	36.8	29.1	44.48
PB.29709.4	Protein_PB.29709.4	LOC113249419	LOC113249419	novel_in_catalog	YES	132.42	108.29	131.73
PB.29709.5		LOC113249419	LOC113249419	novel_not_in_catalog	NO	12.1	11.62	18.04
PB.2971.20	Protein_PB.2971.20	ABCB6	ABCB6	novel_not_in_catalog	YES	67.87	147.28	117.78
PB.2971.3	Protein_PB.2971.3	ABCB6	ABCB6	full-splice_match	YES	389.6	382.46	213.81
PB.29710.1	Protein_PB.29710.1	LOC113249423	LOC113249423	incomplete-splice_match	YES	30.03	26.28	28.5
PB.29714.3	Protein_PB.29714.3	LOC113249425	LOC113249425	full-splice_match	YES	25.47	16.77	24.24
PB.29715.1		LOC113249426	LOC113249426	full-splice_match	NO	95.34	96.24	65.85
PB.29715.2		LOC113249426	LOC113249426	full-splice_match	NO	25.54	23.87	23.98
PB.2972.14	Protein_PB.2972.14	CNPPD1	CNPPD1	incomplete-splice_match	YES	57.06	45.41	45.55
PB.2972.3	Protein_PB.2972.3	CNPPD1	CNPPD1	full-splice_match	YES	16.19	17.1	6.62
PB.29728.2	Protein_PB.29728.2	LOC113249440	LOC113249440	full-splice_match	YES	38.31	40.97	25.95
PB.29729.1	Protein_PB.29729.1	LOC113249441	LOC113249441	full-splice_match	YES	185.61	162.46	237.1
PB.2974.4	Protein_PB.2974.4	NHEJ1	NHEJ1	novel_in_catalog	YES	18.4	19.24	28.65
PB.29742.1	Protein_PB.29742.1	LOC113249452	LOC113249452	full-splice_match	YES	435.17	291.01	589.98
PB.29756.1		LOC113249469	LOC113249469	full-splice_match	NO	56.49	34.2	51.18
PB.29759.1	Protein_PB.29759.1	LOC113249473	LOC113249473	novel_in_catalog	YES	12065.97	13215.29	12864.14
PB.29762.1		LOC113249476	LOC113249476	full-splice_match	NO	37.41	42.66	46.64
PB.2979.3	Protein_PB.2979.3	PRKAG3	PRKAG3	novel_not_in_catalog	YES	23.76	18.61	42.43
PB.2979.4	Protein_PB.2979.4	PRKAG3	PRKAG3	novel_not_in_catalog	YES	22.72	29.67	11.39
PB.29791.1	Protein_PB.29791.1	LOC113249508	LOC113249508	full-splice_match	YES	1682.03	2063.71	1578.95
PB.29792.1	Protein_PB.29792.1	LOC113249507	LOC113249507	full-splice_match	YES	22.86	20.05	29.98
PB.29792.2	Protein_PB.29792.2	LOC113249507	LOC113249507	full-splice_match	YES	19.38	28.07	36.02
PB.29792.3	Protein_PB.29792.3	LOC113249507	LOC113249507	novel_not_in_catalog	YES	41.47	51.4	32.78
PB.29793.1	Protein_PB.29793.1	LOC113249505	LOC113249505	full-splice_match	YES	25.68	22.67	35.84
PB.29795.1	Protein_PB.29795.1	LOC113249512	LOC113249512	full-splice_match	YES	1682.03	2063.71	1578.95
PB.29796.1	Protein_PB.29796.1	LOC113249511	LOC113249511	full-splice_match	YES	22.86	20.05	29.98
PB.29797.1	Protein_PB.29797.1	LOC113249509	LOC113249509	full-splice_match	YES	25.68	22.67	35.84
PB.298.3	Protein_PB.298.3	TIMMDC1	TIMMDC1	full-splice_match	YES	182.43	207.84	199.84
PB.298.5	Protein_PB.298.5	TIMMDC1	TIMMDC1	full-splice_match	YES	192.66	230.0	170.53
PB.2980.1	Protein_PB.2980.1	RNF25	RNF25	full-splice_match	YES	20.26	25.54	33.89
PB.2980.3	Protein_PB.2980.3	RNF25	RNF25	full-splice_match	YES	78.31	72.55	71.87
PB.2981.1	Protein_PB.2981.1	ZNF142	ZNF142	full-splice_match	YES	141.6	148.92	203.85
PB.29813.1	Protein_PB.29813.1	LOC113249530	LOC113249530	full-splice_match	YES	26.79	16.82	21.77
PB.29817.1	Protein_PB.29817.1	LOC113249534	LOC113249534	full-splice_match	YES	65.36	62.4	50.05
PB.29818.1	Protein_PB.29818.1	LOC113249535	LOC113249535	full-splice_match	YES	65.36	62.4	50.05
PB.29819.1	Protein_PB.29819.1	LOC113249536	LOC113249536	full-splice_match	YES	35.25	23.03	32.43
PB.29819.2	Protein_PB.29819.2	LOC113249536	LOC113249536	novel_not_in_catalog	YES	206.98	92.77	48.63
PB.29819.3	Protein_PB.29819.3	LOC113249536	LOC113249536	novel_not_in_catalog	YES	604.85	378.71	131.68
PB.2982.1	Protein_PB.2982.1	USP37	USP37	full-splice_match	YES	14.06	16.26	28.41
PB.2982.2	Protein_PB.2982.2	USP37	USP37	full-splice_match	YES	52.84	53.79	71.25
PB.2982.3	Protein_PB.2982.3	USP37	USP37	full-splice_match	YES	195.57	154.42	222.56
PB.29849.1	Protein_PB.29849.1	LOC113249569	LOC113249569	full-splice_match	YES	45.75	38.09	49.17
PB.29849.2		LOC113249569	LOC113249569	novel_not_in_catalog	NO	18.26	13.57	20.61
PB.2985.12	Protein_PB.2985.12	TMBIM1	TMBIM1	novel_in_catalog	YES	86.61	59.61	97.43
PB.2985.21	Protein_PB.2985.21	TMBIM1	TMBIM1	incomplete-splice_match	YES	1194.36	1280.33	1432.96
PB.2985.6	Protein_PB.2985.6	TMBIM1	TMBIM1	novel_in_catalog	YES	372.16	418.45	411.08
PB.29850.2	Protein_PB.29850.2	LOC113249570	LOC113249570	full-splice_match	YES	33.69	23.69	39.28
PB.29851.1		LOC113249571	LOC113249571	full-splice_match	NO	45.38	29.36	42.8
PB.2986.1	Protein_PB.2986.1	AAMP	AAMP	full-splice_match	YES	349.19	306.35	350.81
PB.2986.3	Protein_PB.2986.3	AAMP	AAMP	full-splice_match	YES	88.93	146.33	158.05
PB.29865.2	Protein_PB.29865.2	LOC113249588	LOC113249588	full-splice_match	YES	47.79	50.49	51.64
PB.29871.2	Protein_PB.29871.2	LOC113249594	LOC113249594	full-splice_match	YES	134.42	141.41	124.55
PB.29878.1	Protein_PB.29878.1	LOC113249602	LOC113249602	full-splice_match	YES	19.55	15.16	19.31
PB.29880.1	Protein_PB.29880.1	LOC113249606	LOC113249606	full-splice_match	YES	19.55	15.16	19.31
PB.29882.1	Protein_PB.29882.1	LOC113249608	LOC113249608	full-splice_match	YES	12.9	23.54	16.97
PB.29888.1	Protein_PB.29888.1	ZNF200	ZNF200	full-splice_match	YES	19.85	16.38	17.06
PB.2989.10	Protein_PB.2989.10	TNS1	TNS1	novel_in_catalog	YES	265.05	108.04	226.73
PB.2989.11	Protein_PB.2989.11	TNS1	TNS1	novel_not_in_catalog	YES	71.7	70.92	102.99
PB.2989.15	Protein_PB.2989.15	TNS1	TNS1	novel_not_in_catalog	YES	73.14	11.82	77.12
PB.2989.16	Protein_PB.2989.16	TNS1	TNS1	novel_not_in_catalog	YES	304.1	492.14	783.23
PB.2989.17	Protein_PB.2989.17	TNS1	TNS1	incomplete-splice_match	YES	17.08	8.04	36.84
PB.2989.2	Protein_PB.2989.2	TNS1	TNS1	full-splice_match	YES	21.17	8.55	61.64
PB.2989.3	Protein_PB.2989.3	TNS1	TNS1	novel_not_in_catalog	YES	116.3	82.65	136.6
PB.2989.6	Protein_PB.2989.6	TNS1	TNS1	full-splice_match	YES	80.17	57.2	104.18
PB.29896.3	Protein_PB.29896.3	LOC113249623	LOC113249623	full-splice_match	YES	35.12	17.54	34.36
PB.299.3	Protein_PB.299.3	ADPRH	ADPRH	full-splice_match	YES	30.58	36.17	36.75
PB.299.6	Protein_PB.299.6	ADPRH	ADPRH	novel_not_in_catalog	YES	86.96	78.82	64.62
PB.299.7	Protein_PB.299.7	ADPRH	ADPRH	full-splice_match	YES	31.77	21.6	14.85
PB.2991.2	Protein_PB.2991.2	novelGene_364	novelGene_364	intergenic	YES	59.23	39.68	20.64
PB.29921.1	Protein_PB.29921.1	LOC113249648	LOC113249648	full-splice_match	YES	7742.04	8362.13	8404.88
PB.29926.1	Protein_PB.29926.1	LOC113249653	LOC113249653	full-splice_match	YES	28.23	25.73	31.81
PB.29927.1	Protein_PB.29927.1	LOC113249654	LOC113249654	full-splice_match	YES	28.23	25.73	31.81
PB.2993.1	Protein_PB.2993.1	IGFBP5	IGFBP5	full-splice_match	YES	822.98	401.48	678.46
PB.29948.11	Protein_PB.29948.11	LOC113249677	LOC113249677	full-splice_match	YES	9.18	12.01	31.32
PB.29948.4	Protein_PB.29948.4	LOC113249677	LOC113249677	full-splice_match	YES	21.16	25.93	7.64
PB.29949.1	Protein_PB.29949.1	LOC113249678	LOC113249678	full-splice_match	YES	10.9	17.02	15.44
PB.29949.2	Protein_PB.29949.2	LOC113249678	LOC113249678	full-splice_match	YES	38.52	40.4	32.68
PB.29951.1	Protein_PB.29951.1	LOC113249681	LOC113249681	full-splice_match	YES	10.9	17.02	15.44
PB.29951.2	Protein_PB.29951.2	LOC113249681	LOC113249681	full-splice_match	YES	38.52	40.4	32.68
PB.29957.1	Protein_PB.29957.1	LOC113249687	LOC113249687	full-splice_match	YES	25.29	13.32	25.73
PB.29958.1		LOC113249688	LOC113249688	full-splice_match	NO	122.71	129.55	118.1
PB.29964.1	Protein_PB.29964.1	LOC113249694	LOC113249694	full-splice_match	YES	133.41	130.49	172.66
PB.29965.1	Protein_PB.29965.1	LOC113249695	LOC113249695	full-splice_match	YES	133.41	130.49	172.66
PB.2997.3	Protein_PB.2997.3	PECR	PECR	full-splice_match	YES	79.85	82.52	88.37
PB.29974.1		novelGene_3246	novelGene_3246	intergenic	NO	103.45	127.95	69.46
PB.2998.1	Protein_PB.2998.1	MREG	MREG	full-splice_match	YES	121.45	120.9	167.47
PB.29996.10	Protein_PB.29996.10	LOC113249727	LOC113249727	incomplete-splice_match	YES	125.01	108.32	160.91
PB.29996.4	Protein_PB.29996.4	LOC113249727	LOC113249727	full-splice_match	YES	286.3	315.91	304.4
PB.29996.5	Protein_PB.29996.5	LOC113249727	LOC113249727	full-splice_match	YES	142.45	158.35	176.42
PB.29996.7	Protein_PB.29996.7	LOC113249727	LOC113249727	novel_in_catalog	YES	34.54	14.26	44.72
PB.3000.1	Protein_PB.3000.1	FN1	FN1	incomplete-splice_match	YES	23.39	1.63	7.77
PB.3000.11	Protein_PB.3000.11	FN1	FN1	full-splice_match	YES	160.01	19.35	28.74
PB.3000.13	Protein_PB.3000.13	FN1	FN1	full-splice_match	YES	1920.64	214.28	388.89
PB.3000.15	Protein_PB.3000.15	FN1	FN1	full-splice_match	YES	1730.15	266.46	427.64
PB.3000.16	Protein_PB.3000.16	FN1	FN1	full-splice_match	YES	1575.66	533.23	887.28
PB.3000.18	Protein_PB.3000.18	FN1	FN1	full-splice_match	YES	164.61	45.25	92.98
PB.3000.28	Protein_PB.3000.28	FN1	FN1	incomplete-splice_match	YES	265.53	21.06	54.96
PB.3000.4	Protein_PB.3000.4	FN1	FN1	incomplete-splice_match	YES	20.14	5.34	14.77
PB.3000.5	Protein_PB.3000.5	FN1	FN1	incomplete-splice_match	YES	1413.88	240.61	431.21
PB.30008.1	Protein_PB.30008.1	LOC113249740	LOC113249740	full-splice_match	YES	31.13	24.8	32.96
PB.30010.1	Protein_PB.30010.1	LOC113249742	LOC113249742	full-splice_match	YES	206.02	223.41	196.97
PB.30019.1	Protein_PB.30019.1	LOC113249752	LOC113249752	full-splice_match	YES	87.47	75.45	93.88
PB.3002.2	Protein_PB.3002.2	BARD1	BARD1	full-splice_match	YES	11.65	29.44	17.13
PB.30029.2	Protein_PB.30029.2	LOC113249762	LOC113249762	full-splice_match	YES	9.19	13.2	17.95
PB.30029.3	Protein_PB.30029.3	LOC113249762	LOC113249762	full-splice_match	YES	37.52	33.19	34.1
PB.30036.1	Protein_PB.30036.1	LOC113249770	LOC113249770	full-splice_match	YES	204.15	155.29	235.57
PB.3004.1	Protein_PB.3004.1	IKZF2	IKZF2	full-splice_match	YES	26.56	17.97	15.71
PB.30057.1	Protein_PB.30057.1	LOC113249791	LOC113249791	full-splice_match	YES	14.34	15.62	22.03
PB.30059.1	Protein_PB.30059.1	LOC113249794	LOC113249794	full-splice_match	YES	14.34	15.62	22.03
PB.30066.1		novelGene_3260	novelGene_3260	intergenic	NO	72.07	96.48	77.98
PB.30068.1		novelGene_3259	novelGene_3259	intergenic	NO	72.07	96.48	77.98
PB.3007.2	Protein_PB.3007.2	LANCL1	LANCL1	full-splice_match	YES	200.77	227.83	171.38
PB.3007.5	Protein_PB.3007.5	LANCL1	LANCL1	full-splice_match	YES	299.8	357.08	323.59
PB.30077.1	Protein_PB.30077.1	LOC113249813	LOC113249813	full-splice_match	YES	17.88	19.37	17.5
PB.30079.1	Protein_PB.30079.1	LOC113249815	LOC113249815	full-splice_match	YES	17.88	19.37	17.5
PB.3008.1	Protein_PB.3008.1	novelGene_373	novelGene_373	intergenic	YES	2361.31	1335.75	1529.44
PB.3008.3	Protein_PB.3008.3	novelGene_376	novelGene_376	intergenic	YES	15614.92	9494.82	11281.86
PB.3008.4		novelGene_377	novelGene_377	intergenic	NO	194.18	121.92	182.18
PB.3008.5		novelGene_378	novelGene_378	intergenic	NO	68.85	49.01	74.42
PB.3008.6	Protein_PB.3008.6	novelGene_379	novelGene_379	intergenic	YES	18040.26	11570.53	12116.58
PB.3008.7	Protein_PB.3008.7	novelGene_380	novelGene_380	intergenic	YES	56049.42	34061.41	35133.84
PB.3008.8	Protein_PB.3008.8	novelGene_381	novelGene_381	intergenic	YES	29.01	18.68	25.45
PB.30083.1	Protein_PB.30083.1	LOC113249819	LOC113249819	full-splice_match	YES	3424.43	3790.73	3669.15
PB.30083.2	Protein_PB.30083.2	LOC113249819	LOC113249819	full-splice_match	YES	143.86	119.89	139.43
PB.3009.1	Protein_PB.3009.1	ACADL	ACADL	novel_not_in_catalog	YES	1283.05	1689.68	785.13
PB.3009.3	Protein_PB.3009.3	ACADL	ACADL	novel_not_in_catalog	YES	111.95	156.07	124.78
PB.3009.4	Protein_PB.3009.4	ACADL	ACADL	full-splice_match	YES	968.75	1186.8	695.67
PB.3009.6	Protein_PB.3009.6	ACADL	ACADL	novel_in_catalog	YES	108.86	121.17	64.26
PB.3009.7	Protein_PB.3009.7	ACADL	ACADL	full-splice_match	YES	211.87	311.57	226.78
PB.3009.9	Protein_PB.3009.9	ACADL	ACADL	full-splice_match	YES	114.75	176.56	99.85
PB.30090.2	Protein_PB.30090.2	LOC113249827	LOC113249827	full-splice_match	YES	26.86	19.51	19.85
PB.30091.1	Protein_PB.30091.1	LOC113249828	LOC113249828	full-splice_match	YES	19.39	21.64	51.65
PB.30091.3	Protein_PB.30091.3	LOC113249828	LOC113249828	incomplete-splice_match	YES	33.25	15.2	6.4
PB.30099.1	Protein_PB.30099.1	TCEAL1	TCEAL1	full-splice_match	YES	8.77	5.98	23.21
PB.30099.4	Protein_PB.30099.4	TCEAL1	TCEAL1	full-splice_match	YES	300.1	340.95	253.85
PB.30099.5	Protein_PB.30099.5	TCEAL1	TCEAL1	full-splice_match	YES	24.11	28.95	38.08
PB.3010.1	Protein_PB.3010.1	KANSL1L	KANSL1L	full-splice_match	YES	359.13	401.33	428.0
PB.3010.2	Protein_PB.3010.2	KANSL1L	KANSL1L	novel_not_in_catalog	YES	43.18	62.71	66.1
PB.30108.1	Protein_PB.30108.1	THUMPD1	THUMPD1	full-splice_match	YES	538.68	473.03	544.39
PB.30108.2	Protein_PB.30108.2	THUMPD1	THUMPD1	novel_in_catalog	YES	31.91	23.27	19.66
PB.30113.1	Protein_PB.30113.1	LOC113249851	LOC113249851	full-splice_match	YES	22.79	24.1	15.28
PB.30117.1	Protein_PB.30117.1	LOC113249854	LOC113249854	full-splice_match	YES	123.74	115.8	114.96
PB.3012.9	Protein_PB.3012.9	IDH1	IDH1	full-splice_match	YES	35.67	33.23	38.78
PB.30138.1	Protein_PB.30138.1	LOC113249877	LOC113249877	full-splice_match	YES	18.44	37.66	37.28
PB.30141.1	Protein_PB.30141.1	LOC113249880	LOC113249880	full-splice_match	YES	18.44	37.66	37.28
PB.30151.1	Protein_PB.30151.1	LOC113249890	LOC113249890	full-splice_match	YES	40.95	30.85	43.58
PB.30155.1	Protein_PB.30155.1	LOC113249894	LOC113249894	full-splice_match	YES	112.74	121.19	125.08
PB.30164.1	Protein_PB.30164.1	LOC113249904	LOC113249904	full-splice_match	YES	511.04	467.28	512.26
PB.30165.1	Protein_PB.30165.1	LOC113249903	LOC113249903	full-splice_match	YES	160.75	171.53	211.29
PB.30166.2	Protein_PB.30166.2	LOC113249906	LOC113249906	incomplete-splice_match	YES	14.04	15.67	26.4
PB.30167.1	Protein_PB.30167.1	LOC113249905	LOC113249905	full-splice_match	YES	160.75	171.53	211.29
PB.30170.2	Protein_PB.30170.2	LOC113249909	LOC113249909	full-splice_match	YES	26.07	18.74	9.99
PB.30170.3	Protein_PB.30170.3	LOC113249909	LOC113249909	full-splice_match	YES	67.63	65.43	44.0
PB.3018.2	Protein_PB.3018.2	PLEKHM3	PLEKHM3	full-splice_match	YES	14.86	12.83	32.12
PB.3018.5	Protein_PB.3018.5	PLEKHM3	PLEKHM3	full-splice_match	YES	29.92	33.44	25.47
PB.3018.6	Protein_PB.3018.6	PLEKHM3	PLEKHM3	full-splice_match	YES	28.8	20.02	20.36
PB.30183.1	Protein_PB.30183.1	LOC113249923	LOC113249923	full-splice_match	YES	252.69	214.56	339.79
PB.30183.2	Protein_PB.30183.2	LOC113249923	LOC113249923	novel_not_in_catalog	YES	26859.22	24320.24	35030.8
PB.3020.12	Protein_PB.3020.12	METTL21A	METTL21A	full-splice_match	YES	19.12	17.2	8.52
PB.3020.20	Protein_PB.3020.20	METTL21A	METTL21A	full-splice_match	YES	24.2	16.03	13.82
PB.3020.5	Protein_PB.3020.5	METTL21A	METTL21A	novel_in_catalog	YES	11.35	13.63	24.69
PB.3020.9	Protein_PB.3020.9	METTL21A	METTL21A	full-splice_match	YES	12.53	12.54	25.52
PB.3021.2	Protein_PB.3021.2	KLF7	KLF7	full-splice_match	YES	41.85	31.43	50.65
PB.30215.1	Protein_PB.30215.1	LOC113249956	LOC113249956	full-splice_match	YES	11.32	13.67	17.8
PB.30223.1	Protein_PB.30223.1	LOC113249965	LOC113249965	full-splice_match	YES	21.4	25.01	11.63
PB.30223.2	Protein_PB.30223.2	LOC113249965	LOC113249965	full-splice_match	YES	22.81	20.92	36.09
PB.30236.1		LOC113249978	LOC113249978	full-splice_match	NO	29.93	20.87	29.43
PB.30245.1	Protein_PB.30245.1	LOC113249987	LOC113249987	full-splice_match	YES	11009.93	10239.46	14807.93
PB.3025.1	Protein_PB.3025.1	NDUFS1	NDUFS1	full-splice_match	YES	723.41	781.83	384.91
PB.3025.11	Protein_PB.3025.11	NDUFS1	NDUFS1	novel_not_in_catalog	YES	19.48	16.91	27.1
PB.3025.12	Protein_PB.3025.12	NDUFS1	NDUFS1	incomplete-splice_match	YES	1226.59	1515.35	881.57
PB.3025.2	Protein_PB.3025.2	NDUFS1	NDUFS1	full-splice_match	YES	51.19	63.15	47.33
PB.3025.3	Protein_PB.3025.3	NDUFS1	NDUFS1	novel_not_in_catalog	YES	529.39	594.41	361.71
PB.3025.4	Protein_PB.3025.4	NDUFS1	NDUFS1	novel_not_in_catalog	YES	2138.83	2626.49	1432.33
PB.3025.5	Protein_PB.3025.5	NDUFS1_LOC113250548	NDUFS1_LOC113250548	fusion	YES	28.24	34.53	46.98
PB.3025.6	Protein_PB.3025.6	NDUFS1	NDUFS1	novel_not_in_catalog	YES	817.97	715.92	446.37
PB.3025.8	Protein_PB.3025.8	NDUFS1	NDUFS1	novel_not_in_catalog	YES	625.54	716.49	416.44
PB.3025.9	Protein_PB.3025.9	NDUFS1	NDUFS1	novel_in_catalog	YES	68.13	103.13	56.82
PB.30252.1	Protein_PB.30252.1	LOC113249995	LOC113249995	full-splice_match	YES	25.88	31.31	33.18
PB.30253.1	Protein_PB.30253.1	LOC113249996	LOC113249996	full-splice_match	YES	25.88	31.31	33.18
PB.30268.1	Protein_PB.30268.1	LOC113250012	LOC113250012	full-splice_match	YES	16.02	17.79	19.86
PB.30277.1	Protein_PB.30277.1	LOC113250021	LOC113250021	full-splice_match	YES	108.24	132.34	108.06
PB.30278.1	Protein_PB.30278.1	LOC113250022	LOC113250022	full-splice_match	YES	108.24	132.34	108.06
PB.30304.1	Protein_PB.30304.1	LOC113250050	LOC113250050	full-splice_match	YES	41.74	53.37	51.86
PB.30305.1	Protein_PB.30305.1	LOC113250051	LOC113250051	full-splice_match	YES	41.74	53.37	51.86
PB.30306.1	Protein_PB.30306.1	LOC113250052	LOC113250052	full-splice_match	YES	23.35	22.35	18.22
PB.30307.1	Protein_PB.30307.1	LOC113250054	LOC113250054	full-splice_match	YES	23.35	22.35	18.22
PB.3033.1	Protein_PB.3033.1	RAPH1	RAPH1	full-splice_match	YES	198.57	151.97	199.98
PB.30337.1	Protein_PB.30337.1	LOC113250086	LOC113250086	full-splice_match	YES	16.94	11.84	25.14
PB.30365.1	Protein_PB.30365.1	LOC113250115	LOC113250115	full-splice_match	YES	304.73	242.92	334.28
PB.30367.1		LOC113250117	LOC113250117	full-splice_match	NO	18.25	15.58	23.68
PB.30368.1		LOC113250118	LOC113250118	full-splice_match	NO	142.74	80.3	34.59
PB.3038.2	Protein_PB.3038.2	WDR12	WDR12	full-splice_match	YES	32.95	37.83	15.49
PB.3038.3	Protein_PB.3038.3	WDR12	WDR12	novel_not_in_catalog	YES	57.36	63.55	71.95
PB.3038.4	Protein_PB.3038.4	WDR12	WDR12	full-splice_match	YES	153.62	151.08	151.18
PB.30389.1	Protein_PB.30389.1	LOC113250140	LOC113250140	full-splice_match	YES	121.37	108.28	102.48
PB.30407.1	Protein_PB.30407.1	LOC113250159	LOC113250159	full-splice_match	YES	7.61	2.66	17.14
PB.30408.1	Protein_PB.30408.1	LOC113250160	LOC113250160	full-splice_match	YES	9.84	17.58	6.21
PB.30412.1	Protein_PB.30412.1	LOC113250164	LOC113250164	full-splice_match	YES	10.3	5.72	18.57
PB.30413.1	Protein_PB.30413.1	LOC113250165	LOC113250165	full-splice_match	YES	17.92	23.3	21.95
PB.30420.1		LOC113250172	LOC113250172	full-splice_match	NO	22.22	15.92	21.91
PB.30427.1	Protein_PB.30427.1	LOC113250180	LOC113250180	full-splice_match	YES	41.3	28.13	48.63
PB.3043.2	Protein_PB.3043.2	SUMO1	SUMO1	novel_not_in_catalog	YES	199.8	213.5	197.43
PB.3043.4	Protein_PB.3043.4	SUMO1	SUMO1	full-splice_match	YES	169.82	157.05	149.01
PB.30440.1	Protein_PB.30440.1	LOC113250194	LOC113250194	full-splice_match	YES	1574.35	1719.66	1460.87
PB.30441.1	Protein_PB.30441.1	LOC113250195	LOC113250195	full-splice_match	YES	2015.59	2222.24	1694.44
PB.3045.12	Protein_PB.3045.12	ALS2	ALS2	novel_not_in_catalog	YES	492.62	525.32	518.4
PB.3045.13	Protein_PB.3045.13	ALS2	ALS2	incomplete-splice_match	YES	29.79	29.41	12.66
PB.3045.14	Protein_PB.3045.14	ALS2	ALS2	novel_in_catalog	YES	59.84	55.48	44.61
PB.3045.18	Protein_PB.3045.18	ALS2	ALS2	novel_not_in_catalog	YES	51.62	51.16	53.95
PB.3045.9	Protein_PB.3045.9	ALS2	ALS2	novel_not_in_catalog	YES	46.71	80.65	24.78
PB.30451.1		LOC113250207	LOC113250207	full-splice_match	NO	96.4	77.18	163.48
PB.30452.1		LOC113250209	LOC113250209	full-splice_match	NO	96.4	77.18	163.48
PB.3047.4	Protein_PB.3047.4	TMEM237	TMEM237	full-splice_match	YES	61.17	46.19	58.69
PB.3047.5	Protein_PB.3047.5	TMEM237	TMEM237	novel_not_in_catalog	YES	22.46	25.44	29.05
PB.30472.2		LOC113250230	LOC113250230	full-splice_match	NO	70.98	57.52	68.82
PB.30474.1	Protein_PB.30474.1	LOC113250232	LOC113250232	full-splice_match	YES	984.32	894.23	878.69
PB.30475.1	Protein_PB.30475.1	LOC113250233	LOC113250233	full-splice_match	YES	984.32	894.23	878.69
PB.3049.1	Protein_PB.3049.1	TRAK2	TRAK2	full-splice_match	YES	644.43	556.14	366.97
PB.3049.3	Protein_PB.3049.3	TRAK2	TRAK2	novel_in_catalog	YES	332.05	413.81	155.45
PB.3049.5	Protein_PB.3049.5	TRAK2	TRAK2	novel_in_catalog	YES	73.11	102.24	54.77
PB.3049.6	Protein_PB.3049.6	TRAK2	TRAK2	novel_in_catalog	YES	43.31	83.35	57.35
PB.305.1	Protein_PB.305.1	NDUFB4	NDUFB4	full-splice_match	YES	652.78	764.0	526.61
PB.30500.1	Protein_PB.30500.1	LOC113250258	LOC113250258	full-splice_match	YES	28.25	19.94	35.06
PB.3052.7	Protein_PB.3052.7	FAM126B	FAM126B	novel_in_catalog	YES	29.64	31.81	31.13
PB.3052.8	Protein_PB.3052.8	FAM126B	FAM126B	novel_in_catalog	YES	48.3	42.86	67.62
PB.3053.2	Protein_PB.3053.2	ORC2	ORC2	full-splice_match	YES	36.53	35.62	40.07
PB.3053.8	Protein_PB.3053.8	ORC2	ORC2	incomplete-splice_match	YES	19.99	22.04	16.32
PB.3054.2	Protein_PB.3054.2	PPIL3	PPIL3	novel_in_catalog	YES	65.29	60.24	61.9
PB.3054.3	Protein_PB.3054.3	PPIL3	PPIL3	full-splice_match	YES	38.69	47.76	36.65
PB.3055.2	Protein_PB.3055.2	CLK1	CLK1	novel_not_in_catalog	YES	18.61	6.99	14.76
PB.3055.3	Protein_PB.3055.3	CLK1	CLK1	full-splice_match	YES	155.35	146.23	185.62
PB.3055.4	Protein_PB.3055.4	CLK1	CLK1	novel_in_catalog	YES	14.94	10.17	21.32
PB.3055.5	Protein_PB.3055.5	CLK1	CLK1	novel_in_catalog	YES	48.1	35.26	46.26
PB.3055.7	Protein_PB.3055.7	CLK1	CLK1	novel_in_catalog	YES	47.81	36.78	41.43
PB.3057.2	Protein_PB.3057.2	KCTD18	KCTD18	full-splice_match	YES	13.38	14.15	35.93
PB.3057.3	Protein_PB.3057.3	KCTD18	KCTD18	incomplete-splice_match	YES	16.17	27.15	15.7
PB.3057.4	Protein_PB.3057.4	KCTD18	KCTD18	novel_not_in_catalog	YES	43.67	46.57	39.37
PB.3059.2	Protein_PB.3059.2	TYW5	TYW5	full-splice_match	YES	22.14	24.85	22.41
PB.3059.5	Protein_PB.3059.5	TYW5	TYW5	full-splice_match	YES	17.92	15.3	13.42
PB.3066.1	Protein_PB.3066.1	RFTN2	RFTN2	full-splice_match	YES	72.94	60.89	57.94
PB.3067.1	Protein_PB.3067.1	HSPD1	HSPD1	novel_not_in_catalog	YES	193.22	125.23	135.79
PB.3067.2	Protein_PB.3067.2	HSPD1	HSPD1	novel_in_catalog	YES	54.97	65.01	44.18
PB.3067.5	Protein_PB.3067.5	HSPD1	HSPD1	full-splice_match	YES	1586.59	1983.6	1253.46
PB.3068.17	Protein_PB.3068.17	SF3B1	SF3B1	incomplete-splice_match	YES	36.03	69.39	102.41
PB.3068.19	Protein_PB.3068.19	SF3B1	SF3B1	incomplete-splice_match	YES	135.51	47.77	122.43
PB.3068.39	Protein_PB.3068.39	SF3B1	SF3B1	novel_not_in_catalog	YES	19.37	5.83	12.79
PB.3068.48	Protein_PB.3068.48	SF3B1	SF3B1	incomplete-splice_match	YES	112.57	125.93	168.36
PB.3068.8	Protein_PB.3068.8	SF3B1	SF3B1	full-splice_match	YES	465.57	442.98	490.0
PB.3069.2	Protein_PB.3069.2	ANKRD44	ANKRD44	novel_in_catalog	YES	24.69	14.28	23.58
PB.307.1	Protein_PB.307.1	GTF2E1	GTF2E1	novel_not_in_catalog	YES	76.35	91.1	95.26
PB.307.2	Protein_PB.307.2	GTF2E1	GTF2E1	full-splice_match	YES	61.74	59.26	57.84
PB.3071.2	Protein_PB.3071.2	PGAP1	PGAP1	full-splice_match	YES	41.52	53.11	37.45
PB.3073.1	Protein_PB.3073.1	GTF3C3	GTF3C3	full-splice_match	YES	132.45	130.05	106.49
PB.3076.1	Protein_PB.3076.1	HECW2	HECW2	full-splice_match	YES	44.43	40.32	57.05
PB.3076.2	Protein_PB.3076.2	HECW2	HECW2	full-splice_match	YES	59.68	29.58	3.74
PB.3077.1	Protein_PB.3077.1	STK17B	STK17B	full-splice_match	YES	121.28	110.21	118.25
PB.3088.1	Protein_PB.3088.1	CAVIN2	CAVIN2	full-splice_match	YES	613.03	415.44	423.25
PB.3091.11	Protein_PB.3091.11	STAT1	STAT1	full-splice_match	YES	30.9	56.87	77.84
PB.3091.13	Protein_PB.3091.13	STAT1	STAT1	novel_in_catalog	YES	13.41	2.66	23.01
PB.3091.15	Protein_PB.3091.15	STAT1	STAT1	novel_in_catalog	YES	35.84	28.6	91.38
PB.3091.2	Protein_PB.3091.2	STAT1	STAT1	incomplete-splice_match	YES	206.25	173.65	218.33
PB.3091.20	Protein_PB.3091.20	STAT1	STAT1	incomplete-splice_match	YES	783.52	698.55	1160.49
PB.3091.8	Protein_PB.3091.8	STAT1	STAT1	incomplete-splice_match	YES	119.24	111.51	220.68
PB.3091.9	Protein_PB.3091.9	STAT1	STAT1	incomplete-splice_match	YES	94.15	99.29	108.05
PB.3094.5	Protein_PB.3094.5	NEMP2	NEMP2	full-splice_match	YES	4.16	24.68	3.64
PB.3094.7	Protein_PB.3094.7	NEMP2	NEMP2	novel_in_catalog	YES	32.45	15.9	33.69
PB.3098.5	Protein_PB.3098.5	HIBCH	HIBCH	novel_not_in_catalog	YES	11.13	13.15	23.21
PB.3098.7	Protein_PB.3098.7	HIBCH	HIBCH	full-splice_match	YES	315.6	346.02	124.29
PB.3100.1	Protein_PB.3100.1	MSTN	MSTN	full-splice_match	YES	117.32	53.8	81.82
PB.3101.2	Protein_PB.3101.2	ORMDL1	ORMDL1	full-splice_match	YES	48.53	50.68	53.25
PB.3101.3	Protein_PB.3101.3	ORMDL1	ORMDL1	full-splice_match	YES	26.7	17.77	25.96
PB.3102.1	Protein_PB.3102.1	OSGEPL1	OSGEPL1	novel_in_catalog	YES	50.76	73.41	45.01
PB.3102.2	Protein_PB.3102.2	OSGEPL1	OSGEPL1	full-splice_match	YES	53.67	41.7	32.15
PB.3102.3	Protein_PB.3102.3	OSGEPL1	OSGEPL1	novel_not_in_catalog	YES	18.9	18.6	13.56
PB.3103.5	Protein_PB.3103.5	SLC40A1	SLC40A1	full-splice_match	YES	238.61	296.72	317.17
PB.3103.8	Protein_PB.3103.8	SLC40A1	SLC40A1	incomplete-splice_match	YES	43.06	52.83	24.12
PB.3106.1	Protein_PB.3106.1	COL5A2	COL5A2	full-splice_match	YES	450.76	176.48	202.82
PB.3106.3	Protein_PB.3106.3	COL5A2	COL5A2	incomplete-splice_match	YES	202.64	84.21	54.78
PB.311.1	Protein_PB.311.1	FBXO40	FBXO40	full-splice_match	YES	433.19	769.92	135.84
PB.311.11	Protein_PB.311.11	FBXO40	FBXO40	novel_not_in_catalog	YES	2.61	8.97	29.39
PB.311.13	Protein_PB.311.13	FBXO40	FBXO40	novel_in_catalog	YES	783.77	1461.82	761.87
PB.311.14	Protein_PB.311.14	FBXO40	FBXO40	novel_not_in_catalog	YES	16.94	11.63	42.37
PB.311.16	Protein_PB.311.16	FBXO40	FBXO40	novel_not_in_catalog	YES	497.73	703.43	583.38
PB.311.3	Protein_PB.311.3	FBXO40	FBXO40	novel_not_in_catalog	YES	7.66	24.75	51.01
PB.311.4	Protein_PB.311.4	FBXO40	FBXO40	novel_not_in_catalog	YES	388.79	348.51	151.2
PB.311.5	Protein_PB.311.5	FBXO40	FBXO40	novel_not_in_catalog	YES	916.68	1374.25	833.08
PB.311.6	Protein_PB.311.6	FBXO40	FBXO40	novel_in_catalog	YES	979.03	1199.04	635.63
PB.311.7	Protein_PB.311.7	FBXO40	FBXO40	novel_not_in_catalog	YES	52.78	92.86	160.64
PB.311.8	Protein_PB.311.8	FBXO40	FBXO40	novel_not_in_catalog	YES	18.59	7.48	17.96
PB.311.9	Protein_PB.311.9	FBXO40	FBXO40	novel_in_catalog	YES	24.62	26.04	22.13
PB.3112.1	Protein_PB.3112.1	CALCRL	CALCRL	full-splice_match	YES	22.88	9.94	11.83
PB.3112.2	Protein_PB.3112.2	CALCRL	CALCRL	full-splice_match	YES	180.26	102.37	73.89
PB.3112.6	Protein_PB.3112.6	CALCRL	CALCRL	novel_not_in_catalog	YES	20.14	9.58	8.86
PB.3121.1	Protein_PB.3121.1	NCKAP1	NCKAP1	novel_not_in_catalog	YES	370.53	414.82	408.87
PB.3121.2	Protein_PB.3121.2	NCKAP1	NCKAP1	full-splice_match	YES	198.04	162.23	241.71
PB.3121.3	Protein_PB.3121.3	NCKAP1	NCKAP1	incomplete-splice_match	YES	292.36	237.1	355.14
PB.3121.4	Protein_PB.3121.4	NCKAP1	NCKAP1	incomplete-splice_match	YES	15.37	15.64	25.42
PB.3121.6	Protein_PB.3121.6	NCKAP1	NCKAP1	incomplete-splice_match	YES	114.34	106.28	65.12
PB.3123.2	Protein_PB.3123.2	FRZB	FRZB	full-splice_match	YES	20.71	23.32	15.69
PB.3124.4	Protein_PB.3124.4	PDE1A	PDE1A	full-splice_match	YES	46.22	39.07	58.49
PB.3131.1	Protein_PB.3131.1	CWC22	CWC22	incomplete-splice_match	YES	52.79	40.8	33.33
PB.3131.6	Protein_PB.3131.6	CWC22	CWC22	incomplete-splice_match	YES	16.48	27.62	26.55
PB.3131.8	Protein_PB.3131.8	CWC22	CWC22	incomplete-splice_match	YES	84.73	88.64	86.38
PB.3134.3	Protein_PB.3134.3	ZNF385B	ZNF385B	novel_not_in_catalog	YES	67.13	77.73	45.83
PB.3134.5	Protein_PB.3134.5	ZNF385B	ZNF385B	novel_in_catalog	YES	13.49	26.16	8.11
PB.3136.10	Protein_PB.3136.10	SESTD1	SESTD1	novel_not_in_catalog	YES	12.31	25.3	16.09
PB.3136.11	Protein_PB.3136.11	SESTD1	SESTD1	novel_not_in_catalog	YES	16.69	20.4	20.96
PB.3136.12	Protein_PB.3136.12	SESTD1	SESTD1	novel_not_in_catalog	YES	39.03	67.6	52.46
PB.3136.14	Protein_PB.3136.14	SESTD1	SESTD1	novel_in_catalog	YES	95.64	101.5	180.7
PB.3136.16	Protein_PB.3136.16	SESTD1	SESTD1	novel_not_in_catalog	YES	66.66	29.93	38.37
PB.3136.4	Protein_PB.3136.4	SESTD1	SESTD1	novel_not_in_catalog	YES	5.87	4.59	16.76
PB.3136.6	Protein_PB.3136.6	SESTD1	SESTD1	novel_not_in_catalog	YES	67.11	34.18	61.55
PB.3137.2	Protein_PB.3137.2	CCDC141	CCDC141	full-splice_match	YES	57.85	58.71	145.34
PB.3137.7	Protein_PB.3137.7	CCDC141	CCDC141	incomplete-splice_match	YES	22.47	29.4	40.34
PB.3138.101	Protein_PB.3138.101	TTN	TTN	incomplete-splice_match	YES	162.36	6.09	298.87
PB.3138.105	Protein_PB.3138.105	TTN	TTN	incomplete-splice_match	YES	23883.13	22076.53	27808.84
PB.3138.106	Protein_PB.3138.106	TTN	TTN	incomplete-splice_match	YES	103.03	89.58	301.54
PB.3138.109	Protein_PB.3138.109	TTN	TTN	incomplete-splice_match	YES	22745.31	21106.7	26568.15
PB.3138.111	Protein_PB.3138.111	TTN	TTN	novel_not_in_catalog	YES	702.07	871.98	799.21
PB.3138.114	Protein_PB.3138.114	TTN	TTN	novel_not_in_catalog	YES	817.39	1376.99	2108.65
PB.3138.13	Protein_PB.3138.13	TTN	TTN	novel_not_in_catalog	YES	64.57	38.53	60.13
PB.3138.137	Protein_PB.3138.137	TTN	TTN	novel_not_in_catalog	YES	116.66	83.98	100.1
PB.3138.138	Protein_PB.3138.138	TTN	TTN	incomplete-splice_match	YES	4560.33	4205.17	7273.1
PB.3138.141	Protein_PB.3138.141	TTN	TTN	incomplete-splice_match	YES	996.72	1130.57	849.27
PB.3138.144	Protein_PB.3138.144	TTN	TTN	incomplete-splice_match	YES	2482.54	1594.12	2442.67
PB.3138.147	Protein_PB.3138.147	TTN	TTN	novel_in_catalog	YES	58.58	75.93	115.22
PB.3138.148	Protein_PB.3138.148	TTN	TTN	novel_not_in_catalog	YES	43.29	22.05	35.76
PB.3138.150	Protein_PB.3138.150	TTN	TTN	novel_not_in_catalog	YES	192.27	157.07	269.61
PB.3138.155	Protein_PB.3138.155	TTN	TTN	novel_not_in_catalog	YES	31.75	17.78	37.92
PB.3138.16	Protein_PB.3138.16	TTN	TTN	novel_not_in_catalog	YES	18.65	13.18	20.7
PB.3138.165	Protein_PB.3138.165	TTN	TTN	novel_not_in_catalog	YES	111.8	71.78	347.7
PB.3138.167	Protein_PB.3138.167	TTN	TTN	novel_not_in_catalog	YES	38.33	24.08	46.42
PB.3138.169	Protein_PB.3138.169	TTN	TTN	novel_not_in_catalog	YES	346.21	232.9	354.97
PB.3138.17	Protein_PB.3138.17	TTN	TTN	novel_not_in_catalog	YES	95.65	59.09	84.15
PB.3138.175	Protein_PB.3138.175	TTN	TTN	incomplete-splice_match	YES	793.67	454.67	379.25
PB.3138.185	Protein_PB.3138.185	TTN	TTN	novel_not_in_catalog	YES	47.44	29.69	59.31
PB.3138.19	Protein_PB.3138.19	TTN	TTN	novel_not_in_catalog	YES	1526.44	2912.4	1898.81
PB.3138.195	Protein_PB.3138.195	TTN	TTN	novel_not_in_catalog	YES	44.38	48.1	66.22
PB.3138.2	Protein_PB.3138.2	TTN	TTN	novel_not_in_catalog	YES	6430.66	5985.2	7445.36
PB.3138.20	Protein_PB.3138.20	TTN	TTN	novel_not_in_catalog	YES	1221.53	208.71	742.24
PB.3138.200	Protein_PB.3138.200	TTN	TTN	novel_not_in_catalog	YES	3657.29	3105.78	5155.1
PB.3138.204	Protein_PB.3138.204	TTN	TTN	incomplete-splice_match	YES	19.16	13.53	16.39
PB.3138.212	Protein_PB.3138.212	TTN	TTN	novel_not_in_catalog	YES	62.73	63.02	198.87
PB.3138.213	Protein_PB.3138.213	TTN	TTN	novel_not_in_catalog	YES	1261.36	963.57	1404.68
PB.3138.223	Protein_PB.3138.223	TTN	TTN	novel_not_in_catalog	YES	1005.73	847.87	1104.33
PB.3138.243	Protein_PB.3138.243	TTN	TTN	novel_not_in_catalog	YES	1958.37	1634.98	2346.83
PB.3138.247	Protein_PB.3138.247	TTN	TTN	novel_not_in_catalog	YES	2060.77	1427.81	2005.8
PB.3138.248		TTN	TTN	novel_in_catalog	NO	60.98	41.58	65.17
PB.3138.249	Protein_PB.3138.249	TTN	TTN	novel_not_in_catalog	YES	252.83	134.19	1922.48
PB.3138.250	Protein_PB.3138.250	TTN	TTN	novel_not_in_catalog	YES	70.68	32.67	330.7
PB.3138.251	Protein_PB.3138.251	TTN	TTN	novel_not_in_catalog	YES	110.49	39.93	857.85
PB.3138.255	Protein_PB.3138.255	TTN	TTN	novel_not_in_catalog	YES	1564.53	967.6	2778.86
PB.3138.26	Protein_PB.3138.26	TTN	TTN	novel_not_in_catalog	YES	4565.45	3772.43	5402.1
PB.3138.280	Protein_PB.3138.280	TTN	TTN	incomplete-splice_match	YES	55.64	38.45	45.7
PB.3138.281	Protein_PB.3138.281	TTN	TTN	incomplete-splice_match	YES	36.24	20.71	36.74
PB.3138.282	Protein_PB.3138.282	TTN	TTN	incomplete-splice_match	YES	1071.73	955.9	920.65
PB.3138.285	Protein_PB.3138.285	TTN	TTN	incomplete-splice_match	YES	1520.35	969.25	1970.31
PB.3138.293	Protein_PB.3138.293	TTN	TTN	incomplete-splice_match	YES	6038.18	5210.88	8103.15
PB.3138.298	Protein_PB.3138.298	TTN	TTN	incomplete-splice_match	YES	4659.01	3739.01	4569.9
PB.3138.299	Protein_PB.3138.299	TTN	TTN	incomplete-splice_match	YES	1404.25	1790.84	3051.08
PB.3138.3	Protein_PB.3138.3	TTN	TTN	novel_not_in_catalog	YES	34.38	17.99	25.42
PB.3138.30	Protein_PB.3138.30	TTN	TTN	novel_not_in_catalog	YES	5944.37	2528.87	2990.93
PB.3138.300	Protein_PB.3138.300	TTN	TTN	incomplete-splice_match	YES	5798.51	4844.06	8369.35
PB.3138.301	Protein_PB.3138.301	TTN	TTN	incomplete-splice_match	YES	14218.81	11058.39	16279.44
PB.3138.302	Protein_PB.3138.302	TTN	TTN	incomplete-splice_match	YES	9633.14	8535.47	12294.32
PB.3138.304	Protein_PB.3138.304	TTN	TTN	incomplete-splice_match	YES	8505.82	7573.93	12039.79
PB.3138.308	Protein_PB.3138.308	TTN	TTN	incomplete-splice_match	YES	1250.53	1451.54	1940.1
PB.3138.309	Protein_PB.3138.309	TTN	TTN	incomplete-splice_match	YES	1111.4	856.0	1145.31
PB.3138.315	Protein_PB.3138.315	TTN	TTN	incomplete-splice_match	YES	1036.29	586.25	267.47
PB.3138.316	Protein_PB.3138.316	TTN	TTN	incomplete-splice_match	YES	9710.4	6671.45	10191.45
PB.3138.317	Protein_PB.3138.317	TTN	TTN	incomplete-splice_match	YES	3394.66	2162.91	3020.76
PB.3138.318	Protein_PB.3138.318	TTN	TTN	incomplete-splice_match	YES	8079.34	8397.91	12318.26
PB.3138.320	Protein_PB.3138.320	TTN	TTN	incomplete-splice_match	YES	22904.13	20321.27	30605.02
PB.3138.321	Protein_PB.3138.321	TTN	TTN	incomplete-splice_match	YES	1801.37	2023.17	1894.9
PB.3138.323	Protein_PB.3138.323	TTN	TTN	incomplete-splice_match	YES	3141.4	2635.97	2080.83
PB.3138.324	Protein_PB.3138.324	TTN	TTN	incomplete-splice_match	YES	44646.2	39612.55	51637.5
PB.3138.325	Protein_PB.3138.325	TTN	TTN	incomplete-splice_match	YES	12370.51	11510.41	14741.46
PB.3138.327	Protein_PB.3138.327	TTN	TTN	incomplete-splice_match	YES	1649.7	1624.33	3088.46
PB.3138.329	Protein_PB.3138.329	TTN	TTN	incomplete-splice_match	YES	10872.72	9423.34	11642.92
PB.3138.330	Protein_PB.3138.330	TTN	TTN	incomplete-splice_match	YES	5957.05	5434.59	7388.99
PB.3138.331	Protein_PB.3138.331	TTN	TTN	incomplete-splice_match	YES	4102.59	4020.89	6184.7
PB.3138.332	Protein_PB.3138.332	TTN	TTN	incomplete-splice_match	YES	8797.88	7368.44	7815.83
PB.3138.333	Protein_PB.3138.333	TTN	TTN	incomplete-splice_match	YES	12417.76	9359.44	13253.83
PB.3138.334	Protein_PB.3138.334	TTN	TTN	novel_in_catalog	YES	12271.82	14812.28	24843.98
PB.3138.339	Protein_PB.3138.339	TTN	TTN	novel_in_catalog	YES	12941.48	6197.86	8291.86
PB.3138.340	Protein_PB.3138.340	TTN	TTN	incomplete-splice_match	YES	2910.15	2760.0	3859.1
PB.3138.342	Protein_PB.3138.342	TTN	TTN	novel_in_catalog	YES	81.57	100.95	74.91
PB.3138.344	Protein_PB.3138.344	TTN	TTN	novel_in_catalog	YES	2022.22	1521.23	1891.69
PB.3138.345	Protein_PB.3138.345	TTN	TTN	novel_in_catalog	YES	39.84	13.02	67.52
PB.3138.346	Protein_PB.3138.346	TTN	TTN	novel_not_in_catalog	YES	8066.37	7922.23	8963.21
PB.3138.348	Protein_PB.3138.348	TTN	TTN	novel_in_catalog	YES	19.45	9.59	14.27
PB.3138.41	Protein_PB.3138.41	TTN	TTN	novel_not_in_catalog	YES	7694.15	3638.51	6451.62
PB.3138.42	Protein_PB.3138.42	TTN	TTN	novel_not_in_catalog	YES	2123.93	2361.94	6430.77
PB.3138.5	Protein_PB.3138.5	TTN	TTN	novel_not_in_catalog	YES	155.55	131.0	165.26
PB.3138.50	Protein_PB.3138.50	TTN	TTN	novel_not_in_catalog	YES	113.73	29.97	49.0
PB.3138.51	Protein_PB.3138.51	TTN	TTN	novel_not_in_catalog	YES	223.07	74.16	282.52
PB.3138.52	Protein_PB.3138.52	TTN	TTN	novel_not_in_catalog	YES	155.46	303.62	392.44
PB.3138.53	Protein_PB.3138.53	TTN	TTN	full-splice_match	YES	232.59	188.39	87.63
PB.3138.54	Protein_PB.3138.54	TTN	TTN	full-splice_match	YES	6851.8	6326.07	5779.88
PB.3138.55	Protein_PB.3138.55	TTN	TTN	full-splice_match	YES	434234.81	425008.23	441027.46
PB.3138.56	Protein_PB.3138.56	TTN	TTN	full-splice_match	YES	6792.96	4890.58	5859.24
PB.3138.57	Protein_PB.3138.57	TTN	TTN	full-splice_match	YES	831592.36	690580.09	1059414.43
PB.3138.6	Protein_PB.3138.6	TTN	TTN	novel_not_in_catalog	YES	2366.15	2070.91	2537.11
PB.3138.63	Protein_PB.3138.63	TTN	TTN	novel_in_catalog	YES	67.63	45.84	69.99
PB.3138.67	Protein_PB.3138.67	TTN	TTN	incomplete-splice_match	YES	822.55	965.46	441.47
PB.3138.71	Protein_PB.3138.71	TTN	TTN	incomplete-splice_match	YES	68.29	66.74	69.42
PB.3138.80	Protein_PB.3138.80	TTN	TTN	incomplete-splice_match	YES	9938.36	9383.58	10931.18
PB.3138.81	Protein_PB.3138.81	TTN	TTN	incomplete-splice_match	YES	2709.07	2136.57	2880.11
PB.3138.82	Protein_PB.3138.82	TTN	TTN	incomplete-splice_match	YES	7327.65	6417.34	7718.16
PB.3138.83	Protein_PB.3138.83	TTN	TTN	novel_not_in_catalog	YES	391.29	453.58	369.9
PB.3138.84	Protein_PB.3138.84	TTN	TTN	incomplete-splice_match	YES	6128.23	5692.01	6586.54
PB.3138.85	Protein_PB.3138.85	TTN	TTN	incomplete-splice_match	YES	972.53	379.15	1140.45
PB.3138.87	Protein_PB.3138.87	TTN	TTN	incomplete-splice_match	YES	8686.43	7270.0	10503.34
PB.3138.88	Protein_PB.3138.88	TTN	TTN	incomplete-splice_match	YES	3222.52	2529.22	3275.96
PB.3138.9	Protein_PB.3138.9	TTN	TTN	incomplete-splice_match	YES	46.37	33.68	42.58
PB.3138.90	Protein_PB.3138.90	TTN	TTN	incomplete-splice_match	YES	13794.39	14700.74	19434.73
PB.3138.91	Protein_PB.3138.91	TTN	TTN	incomplete-splice_match	YES	13698.38	14413.64	11522.26
PB.3138.92	Protein_PB.3138.92	TTN	TTN	incomplete-splice_match	YES	17543.52	15602.99	17878.45
PB.3138.93	Protein_PB.3138.93	TTN	TTN	incomplete-splice_match	YES	30225.03	29293.3	32692.29
PB.3138.94	Protein_PB.3138.94	TTN	TTN	incomplete-splice_match	YES	824.58	376.69	1723.22
PB.3138.99	Protein_PB.3138.99	TTN	TTN	incomplete-splice_match	YES	4410.64	4396.77	5496.13
PB.3140.1	Protein_PB.3140.1	PRKRA	PRKRA	full-splice_match	YES	152.56	86.97	67.97
PB.3144.1	Protein_PB.3144.1	LOC113250723	LOC113250723	full-splice_match	YES	36.22	36.37	33.42
PB.3145.1	Protein_PB.3145.1	LOC113250724	LOC113250724	full-splice_match	YES	14.35	16.05	18.04
PB.3146.1	Protein_PB.3146.1	NFE2L2	NFE2L2	novel_not_in_catalog	YES	19.91	24.11	18.47
PB.3146.2	Protein_PB.3146.2	NFE2L2	NFE2L2	novel_not_in_catalog	YES	27.25	21.72	14.18
PB.3146.3	Protein_PB.3146.3	NFE2L2	NFE2L2	full-splice_match	YES	238.19	233.14	195.19
PB.3146.4	Protein_PB.3146.4	NFE2L2	NFE2L2	full-splice_match	YES	256.39	264.47	241.94
PB.3146.5	Protein_PB.3146.5	NFE2L2	NFE2L2	novel_not_in_catalog	YES	31.16	17.94	27.8
PB.3146.7	Protein_PB.3146.7	NFE2L2	NFE2L2	full-splice_match	YES	104.62	115.69	85.15
PB.3146.9	Protein_PB.3146.9	NFE2L2	NFE2L2	full-splice_match	YES	22.47	14.3	18.43
PB.3154.1	Protein_PB.3154.1	LNPK	LNPK	full-splice_match	YES	140.01	158.57	158.01
PB.3154.10	Protein_PB.3154.10	LNPK	LNPK	full-splice_match	YES	28.49	26.64	29.7
PB.3154.12	Protein_PB.3154.12	LNPK	LNPK	novel_in_catalog	YES	98.82	127.94	89.56
PB.3154.6	Protein_PB.3154.6	LNPK	LNPK	novel_not_in_catalog	YES	85.23	76.07	88.03
PB.3154.9	Protein_PB.3154.9	LNPK	LNPK	full-splice_match	YES	36.29	39.86	61.28
PB.3157.2		ATP5MC3	ATP5MC3	novel_in_catalog	NO	212.67	240.22	229.71
PB.3157.4		ATP5MC3	ATP5MC3	incomplete-splice_match	NO	14.71	10.74	19.99
PB.3157.5	Protein_PB.3157.5	ATP5MC3	ATP5MC3	full-splice_match	YES	530.18	625.92	297.61
PB.3157.6	Protein_PB.3157.6	ATP5MC3	ATP5MC3	novel_not_in_catalog	YES	39.57	32.65	25.69
PB.3157.7	Protein_PB.3157.7	ATP5MC3	ATP5MC3	novel_in_catalog	YES	21.96	22.51	19.03
PB.3157.8	Protein_PB.3157.8	ATP5MC3	ATP5MC3	full-splice_match	YES	2549.1	2972.0	1868.73
PB.3158.2	Protein_PB.3158.2	ATF2	ATF2	full-splice_match	YES	51.6	52.78	53.93
PB.3158.30	Protein_PB.3158.30	ATF2	ATF2	novel_not_in_catalog	YES	28.92	11.74	33.48
PB.3158.31	Protein_PB.3158.31	ATF2	ATF2	full-splice_match	YES	38.14	57.5	57.9
PB.3158.34	Protein_PB.3158.34	ATF2	ATF2	incomplete-splice_match	YES	53.05	45.07	38.99
PB.3159.8	Protein_PB.3159.8	CHN1	CHN1	incomplete-splice_match	YES	21.15	14.67	8.71
PB.3160.1	Protein_PB.3160.1	CHRNA1	CHRNA1	full-splice_match	YES	46.46	55.22	46.34
PB.3160.2	Protein_PB.3160.2	CHRNA1	CHRNA1	novel_in_catalog	YES	15.99	21.13	31.48
PB.3161.2	Protein_PB.3161.2	WIPF1	WIPF1	full-splice_match	YES	13.76	13.49	27.44
PB.3161.6	Protein_PB.3161.6	WIPF1	WIPF1	incomplete-splice_match	YES	16.62	18.52	33.69
PB.3163.1	Protein_PB.3163.1	GPR155	GPR155	full-splice_match	YES	93.19	108.67	46.2
PB.3163.3	Protein_PB.3163.3	LOC113250761_GPR155	LOC113250761_GPR155	fusion	YES	25.06	18.05	31.71
PB.3163.5	Protein_PB.3163.5	GPR155	GPR155	full-splice_match	YES	28.62	9.87	37.87
PB.3164.1	Protein_PB.3164.1	CIR1	CIR1	full-splice_match	YES	501.97	566.8	803.44
PB.3164.2	Protein_PB.3164.2	CIR1	CIR1	novel_in_catalog	YES	32.3	21.89	30.78
PB.3165.1	Protein_PB.3165.1	OLA1	OLA1	novel_in_catalog	YES	24.74	27.19	37.26
PB.3165.2	Protein_PB.3165.2	OLA1	OLA1	full-splice_match	YES	496.23	540.72	567.35
PB.3165.3	Protein_PB.3165.3	OLA1	OLA1	full-splice_match	YES	19.16	34.52	81.44
PB.3169.2	Protein_PB.3169.2	SP3	SP3	full-splice_match	YES	215.85	190.14	200.91
PB.3169.3	Protein_PB.3169.3	SP3	SP3	incomplete-splice_match	YES	42.86	0.0	70.19
PB.3169.4	Protein_PB.3169.4	SP3	SP3	novel_not_in_catalog	YES	63.63	135.4	155.61
PB.3169.5	Protein_PB.3169.5	SP3	SP3	incomplete-splice_match	YES	24.13	28.87	40.28
PB.3169.6	Protein_PB.3169.6	SP3	SP3	incomplete-splice_match	YES	175.27	143.92	222.27
PB.3173.1	Protein_PB.3173.1	SLC25A12	SLC25A12	novel_in_catalog	YES	717.79	777.62	610.79
PB.3173.10	Protein_PB.3173.10	SLC25A12	SLC25A12	novel_in_catalog	YES	37.04	16.54	202.3
PB.3173.12	Protein_PB.3173.12	SLC25A12	SLC25A12	novel_in_catalog	YES	919.77	843.07	827.56
PB.3173.13	Protein_PB.3173.13	SLC25A12	SLC25A12	full-splice_match	YES	68.16	69.17	62.99
PB.3173.14	Protein_PB.3173.14	SLC25A12	SLC25A12	novel_not_in_catalog	YES	562.4	556.45	163.47
PB.3173.15	Protein_PB.3173.15	SLC25A12	SLC25A12	novel_in_catalog	YES	30.41	97.74	119.06
PB.3173.17	Protein_PB.3173.17	SLC25A12	SLC25A12	full-splice_match	YES	168.48	135.35	60.63
PB.3173.18	Protein_PB.3173.18	SLC25A12	SLC25A12	novel_not_in_catalog	YES	962.13	857.05	650.64
PB.3173.2	Protein_PB.3173.2	SLC25A12	SLC25A12	incomplete-splice_match	YES	31.26	25.66	29.91
PB.3173.4	Protein_PB.3173.4	SLC25A12	SLC25A12	novel_in_catalog	YES	11.61	16.93	30.07
PB.3173.5	Protein_PB.3173.5	SLC25A12	SLC25A12	novel_in_catalog	YES	95.33	76.69	66.51
PB.3173.6	Protein_PB.3173.6	SLC25A12	SLC25A12	novel_not_in_catalog	YES	53.55	50.44	40.08
PB.3175.1	Protein_PB.3175.1	METTL8	METTL8	novel_not_in_catalog	YES	19.44	16.17	17.63
PB.3175.4	Protein_PB.3175.4	METTL8	METTL8	full-splice_match	YES	16.84	19.68	21.31
PB.3177.1	Protein_PB.3177.1	TLK1	TLK1	full-splice_match	YES	54.26	49.61	56.88
PB.3177.2	Protein_PB.3177.2	TLK1	TLK1	novel_not_in_catalog	YES	50.29	36.56	56.44
PB.3182.3	Protein_PB.3182.3	METTL5	METTL5	full-splice_match	YES	101.0	112.15	88.69
PB.3185.3	Protein_PB.3185.3	FASTKD1	FASTKD1	incomplete-splice_match	YES	38.75	67.48	54.1
PB.3185.4	Protein_PB.3185.4	FASTKD1	FASTKD1	novel_not_in_catalog	YES	50.75	53.31	43.69
PB.3194.3	Protein_PB.3194.3	STK39	STK39	full-splice_match	YES	29.08	25.97	15.18
PB.3194.4	Protein_PB.3194.4	STK39	STK39	full-splice_match	YES	22.36	1.35	27.31
PB.3197.1	Protein_PB.3197.1	SCN7A	SCN7A	full-splice_match	YES	27.61	22.81	28.82
PB.320.1	Protein_PB.320.1	FAM162A	FAM162A	full-splice_match	YES	708.55	813.32	512.04
PB.3200.1	Protein_PB.3200.1	TTC21B	TTC21B	novel_not_in_catalog	YES	36.44	28.55	29.73
PB.3200.4	Protein_PB.3200.4	TTC21B	TTC21B	full-splice_match	YES	66.64	80.6	55.62
PB.3211.1	Protein_PB.3211.1	IFIH1	IFIH1	full-splice_match	YES	36.77	26.92	43.6
PB.3212.1	Protein_PB.3212.1	FAP	FAP	full-splice_match	YES	167.1	82.85	118.24
PB.3215.4	Protein_PB.3215.4	DPP4	DPP4	full-splice_match	YES	158.06	95.73	145.85
PB.3215.7	Protein_PB.3215.7	DPP4	DPP4	incomplete-splice_match	YES	45.18	32.63	17.32
PB.3219.15	Protein_PB.3219.15	RBMS1	RBMS1	novel_not_in_catalog	YES	31.77	41.9	36.99
PB.3219.3	Protein_PB.3219.3	RBMS1	RBMS1	novel_not_in_catalog	YES	30.28	21.04	43.06
PB.3219.9	Protein_PB.3219.9	RBMS1	RBMS1	full-splice_match	YES	61.19	43.43	44.38
PB.322.1	Protein_PB.322.1	DTX3L	DTX3L	full-splice_match	YES	39.07	28.63	34.18
PB.3220.1	Protein_PB.3220.1	ITGB6	ITGB6	novel_in_catalog	YES	60.53	74.48	134.6
PB.3220.4	Protein_PB.3220.4	ITGB6	ITGB6	full-splice_match	YES	77.18	65.42	97.21
PB.3220.7	Protein_PB.3220.7	ITGB6	ITGB6	novel_in_catalog	YES	278.2	276.81	165.76
PB.3220.8	Protein_PB.3220.8	ITGB6	ITGB6	novel_in_catalog	YES	45.48	53.23	17.31
PB.3221.3	Protein_PB.3221.3	PLA2R1	PLA2R1	full-splice_match	YES	64.08	52.73	52.78
PB.3223.13	Protein_PB.3223.13	LOC113250851	LOC113250851	novel_not_in_catalog	YES	70.62	85.93	40.64
PB.3223.18	Protein_PB.3223.18	LOC113250851	LOC113250851	novel_not_in_catalog	YES	85.01	66.38	67.64
PB.3223.25	Protein_PB.3223.25	LOC113250851	LOC113250851	incomplete-splice_match	YES	77.09	68.13	82.32
PB.3224.12	Protein_PB.3224.12	BAZ2B	BAZ2B	full-splice_match	YES	77.56	86.14	77.74
PB.3224.21	Protein_PB.3224.21	BAZ2B	BAZ2B	full-splice_match	YES	76.92	132.4	95.01
PB.3224.48	Protein_PB.3224.48	BAZ2B	BAZ2B	novel_in_catalog	YES	19.47	0.2	7.04
PB.3224.6	Protein_PB.3224.6	BAZ2B	BAZ2B	full-splice_match	YES	101.44	45.55	44.11
PB.3226.3	Protein_PB.3226.3	WDSUB1	WDSUB1	novel_in_catalog	YES	26.95	22.82	22.8
PB.3233.3	Protein_PB.3233.3	ACVR1	ACVR1	full-splice_match	YES	73.95	30.88	45.44
PB.3233.9	Protein_PB.3233.9	ACVR1	ACVR1	novel_not_in_catalog	YES	2.69	19.79	19.05
PB.3235.11	Protein_PB.3235.11	CYTIP	CYTIP	novel_not_in_catalog	YES	39.74	62.14	31.69
PB.3235.2	Protein_PB.3235.2	CYTIP	CYTIP	novel_not_in_catalog	YES	75.21	87.49	94.28
PB.3235.4	Protein_PB.3235.4	CYTIP	CYTIP	novel_not_in_catalog	YES	23.05	33.45	37.1
PB.3235.5	Protein_PB.3235.5	CYTIP	CYTIP	novel_not_in_catalog	YES	2.72	6.67	23.4
PB.3235.6	Protein_PB.3235.6	CYTIP	CYTIP	incomplete-splice_match	YES	187.14	196.29	144.43
PB.3235.8	Protein_PB.3235.8	CYTIP	CYTIP	full-splice_match	YES	35.98	53.18	61.63
PB.3235.9	Protein_PB.3235.9	CYTIP	CYTIP	novel_not_in_catalog	YES	74.76	130.33	136.56
PB.324.2	Protein_PB.324.2	PARP14	PARP14	full-splice_match	YES	20.61	7.15	12.37
PB.324.3	Protein_PB.324.3	PARP14	PARP14	full-splice_match	YES	33.05	27.38	13.3
PB.3247.10	Protein_PB.3247.10	PRPF40A	PRPF40A	full-splice_match	YES	178.34	197.58	207.05
PB.3247.2	Protein_PB.3247.2	PRPF40A	PRPF40A	full-splice_match	YES	312.6	330.44	356.11
PB.3247.9	Protein_PB.3247.9	PRPF40A	PRPF40A	novel_in_catalog	YES	19.48	5.22	10.24
PB.3248.1	Protein_PB.3248.1	STAM2	STAM2	full-splice_match	YES	27.07	27.94	30.12
PB.3248.2	Protein_PB.3248.2	STAM2	STAM2	novel_in_catalog	YES	27.0	32.73	42.38
PB.3248.5	Protein_PB.3248.5	STAM2	STAM2	incomplete-splice_match	YES	45.76	51.15	56.35
PB.325.1	Protein_PB.325.1	DIRC2	DIRC2	full-splice_match	YES	201.29	217.38	143.71
PB.325.2	Protein_PB.325.2	DIRC2	DIRC2	incomplete-splice_match	YES	261.6	298.81	199.69
PB.3250.2	Protein_PB.3250.2	ARL5A	ARL5A	novel_not_in_catalog	YES	27.49	14.48	3.78
PB.3250.4	Protein_PB.3250.4	ARL5A	ARL5A	full-splice_match	YES	474.31	471.79	572.91
PB.3251.1	Protein_PB.3251.1	NEB	NEB	novel_not_in_catalog	YES	459.1	374.77	430.13
PB.3251.10	Protein_PB.3251.10	NEB	NEB	novel_in_catalog	YES	44.46	42.18	52.68
PB.3251.100	Protein_PB.3251.100	NEB	NEB	novel_not_in_catalog	YES	71.92	52.49	56.31
PB.3251.104	Protein_PB.3251.104	NEB	NEB	novel_not_in_catalog	YES	81.26	79.86	155.2
PB.3251.111	Protein_PB.3251.111	NEB	NEB	novel_not_in_catalog	YES	306.33	465.97	320.69
PB.3251.112	Protein_PB.3251.112	NEB	NEB	novel_not_in_catalog	YES	5924.85	5687.16	8346.45
PB.3251.113	Protein_PB.3251.113	NEB	NEB	novel_not_in_catalog	YES	517.04	563.07	827.4
PB.3251.114	Protein_PB.3251.114	NEB	NEB	novel_not_in_catalog	YES	2.28	2.76	56.47
PB.3251.115	Protein_PB.3251.115	NEB	NEB	novel_not_in_catalog	YES	24.83	18.73	60.16
PB.3251.116	Protein_PB.3251.116	NEB	NEB	novel_not_in_catalog	YES	8510.13	8424.23	11556.0
PB.3251.117	Protein_PB.3251.117	NEB	NEB	novel_not_in_catalog	YES	4775.36	4261.69	8553.54
PB.3251.118	Protein_PB.3251.118	NEB	NEB	novel_not_in_catalog	YES	1047.84	1266.75	1402.39
PB.3251.119	Protein_PB.3251.119	NEB	NEB	novel_not_in_catalog	YES	433.57	397.19	1000.28
PB.3251.12	Protein_PB.3251.12	NEB	NEB	novel_not_in_catalog	YES	2421.34	2349.06	1631.13
PB.3251.120	Protein_PB.3251.120	NEB	NEB	novel_not_in_catalog	YES	16901.78	16112.33	17892.43
PB.3251.121	Protein_PB.3251.121	NEB	NEB	novel_not_in_catalog	YES	14142.33	12752.01	21365.97
PB.3251.122	Protein_PB.3251.122	NEB	NEB	novel_not_in_catalog	YES	741.63	734.55	893.22
PB.3251.123	Protein_PB.3251.123	NEB	NEB	novel_not_in_catalog	YES	1216.46	1108.58	1160.62
PB.3251.124	Protein_PB.3251.124	NEB	NEB	novel_not_in_catalog	YES	2324.23	2303.83	1635.45
PB.3251.126	Protein_PB.3251.126	NEB	NEB	novel_not_in_catalog	YES	30.64	19.71	80.89
PB.3251.129	Protein_PB.3251.129	NEB	NEB	novel_not_in_catalog	YES	83.59	103.68	1548.38
PB.3251.130	Protein_PB.3251.130	NEB	NEB	incomplete-splice_match	YES	84.84	45.31	81.6
PB.3251.131	Protein_PB.3251.131	NEB	NEB	novel_not_in_catalog	YES	77.65	41.24	45.15
PB.3251.135	Protein_PB.3251.135	NEB	NEB	novel_not_in_catalog	YES	178.31	144.74	246.82
PB.3251.136	Protein_PB.3251.136	NEB	NEB	novel_not_in_catalog	YES	9347.35	8785.27	10057.35
PB.3251.137	Protein_PB.3251.137	NEB	NEB	novel_not_in_catalog	YES	6174.71	6667.21	8384.11
PB.3251.138	Protein_PB.3251.138	NEB	NEB	novel_not_in_catalog	YES	47.5	56.74	65.37
PB.3251.140	Protein_PB.3251.140	NEB	NEB	incomplete-splice_match	YES	34.86	24.83	36.28
PB.3251.141	Protein_PB.3251.141	NEB	NEB	novel_not_in_catalog	YES	19.54	5.21	32.79
PB.3251.144	Protein_PB.3251.144	NEB	NEB	novel_not_in_catalog	YES	74.33	79.78	9.3
PB.3251.147	Protein_PB.3251.147	NEB	NEB	novel_not_in_catalog	YES	676.51	833.56	1550.92
PB.3251.158	Protein_PB.3251.158	NEB	NEB	novel_not_in_catalog	YES	72.19	37.09	56.59
PB.3251.160	Protein_PB.3251.160	NEB	NEB	novel_not_in_catalog	YES	149.45	133.92	154.86
PB.3251.161	Protein_PB.3251.161	NEB	NEB	novel_not_in_catalog	YES	201.8	180.7	48.87
PB.3251.165	Protein_PB.3251.165	NEB	NEB	novel_not_in_catalog	YES	2370.65	2992.41	2197.19
PB.3251.166	Protein_PB.3251.166	NEB	NEB	novel_not_in_catalog	YES	35.54	21.01	11.75
PB.3251.167	Protein_PB.3251.167	NEB	NEB	full-splice_match	YES	4399.66	3760.02	4913.61
PB.3251.168	Protein_PB.3251.168	NEB	NEB	incomplete-splice_match	YES	22.31	8.31	5.59
PB.3251.172	Protein_PB.3251.172	NEB	NEB	incomplete-splice_match	YES	13991.71	11900.6	12802.48
PB.3251.173	Protein_PB.3251.173	NEB	NEB	novel_in_catalog	YES	18.94	15.8	19.62
PB.3251.174	Protein_PB.3251.174	NEB	NEB	novel_not_in_catalog	YES	8676.86	7374.86	11890.83
PB.3251.176	Protein_PB.3251.176	NEB	NEB	incomplete-splice_match	YES	10382.02	10035.76	13259.39
PB.3251.177	Protein_PB.3251.177	NEB	NEB	incomplete-splice_match	YES	35201.25	32970.06	45110.19
PB.3251.179	Protein_PB.3251.179	NEB	NEB	novel_not_in_catalog	YES	4368.4	3804.11	5934.98
PB.3251.18	Protein_PB.3251.18	NEB	NEB	novel_not_in_catalog	YES	30.7	15.39	25.3
PB.3251.180	Protein_PB.3251.180	NEB	NEB	novel_not_in_catalog	YES	2208.48	2073.78	1788.31
PB.3251.181	Protein_PB.3251.181	NEB	NEB	novel_not_in_catalog	YES	1291.15	571.01	503.68
PB.3251.182	Protein_PB.3251.182	NEB	NEB	novel_not_in_catalog	YES	1608.29	560.8	1367.15
PB.3251.184	Protein_PB.3251.184	NEB	NEB	novel_not_in_catalog	YES	16.35	4.59	23.72
PB.3251.190	Protein_PB.3251.190	NEB	NEB	novel_not_in_catalog	YES	5849.14	12627.76	16775.6
PB.3251.191	Protein_PB.3251.191	NEB	NEB	novel_not_in_catalog	YES	35484.96	24889.24	38293.57
PB.3251.193	Protein_PB.3251.193	NEB	NEB	novel_not_in_catalog	YES	6791.21	6669.15	9265.05
PB.3251.195	Protein_PB.3251.195	NEB	NEB	novel_not_in_catalog	YES	86.45	93.26	81.94
PB.3251.197	Protein_PB.3251.197	NEB	NEB	novel_not_in_catalog	YES	7872.48	4044.99	6403.53
PB.3251.198	Protein_PB.3251.198	NEB	NEB	novel_not_in_catalog	YES	1715.78	4647.1	4430.02
PB.3251.200	Protein_PB.3251.200	NEB	NEB	novel_not_in_catalog	YES	1395.43	1492.2	2301.1
PB.3251.201	Protein_PB.3251.201	NEB	NEB	novel_not_in_catalog	YES	2650.79	1799.69	2886.48
PB.3251.207	Protein_PB.3251.207	NEB	NEB	novel_not_in_catalog	YES	26.25	33.14	91.04
PB.3251.213	Protein_PB.3251.213	NEB	NEB	novel_in_catalog	YES	102.22	59.85	83.14
PB.3251.216	Protein_PB.3251.216	NEB	NEB	novel_not_in_catalog	YES	10170.79	8374.09	8974.92
PB.3251.220	Protein_PB.3251.220	NEB	NEB	incomplete-splice_match	YES	51.89	90.83	63.96
PB.3251.223	Protein_PB.3251.223	NEB	NEB	novel_not_in_catalog	YES	80.54	134.82	479.9
PB.3251.225	Protein_PB.3251.225	NEB	NEB	novel_not_in_catalog	YES	5438.27	3836.47	3506.98
PB.3251.226	Protein_PB.3251.226	NEB	NEB	novel_not_in_catalog	YES	2743.03	2413.63	2701.82
PB.3251.248	Protein_PB.3251.248	NEB	NEB	novel_not_in_catalog	YES	108.31	100.01	210.54
PB.3251.256	Protein_PB.3251.256	NEB	NEB	novel_not_in_catalog	YES	7102.18	7880.39	8137.85
PB.3251.268	Protein_PB.3251.268	NEB	NEB	novel_not_in_catalog	YES	508.34	286.32	272.08
PB.3251.269	Protein_PB.3251.269	NEB	NEB	novel_not_in_catalog	YES	127.01	111.12	146.66
PB.3251.271	Protein_PB.3251.271	NEB	NEB	novel_not_in_catalog	YES	52.79	919.33	793.88
PB.3251.272	Protein_PB.3251.272	NEB	NEB	novel_not_in_catalog	YES	61.44	39.06	79.75
PB.3251.277	Protein_PB.3251.277	NEB	NEB	novel_not_in_catalog	YES	3345.86	7491.67	3058.17
PB.3251.278	Protein_PB.3251.278	NEB	NEB	novel_not_in_catalog	YES	22.09	20.18	22.88
PB.3251.279	Protein_PB.3251.279	NEB	NEB	novel_in_catalog	YES	26.02	24.99	43.61
PB.3251.283	Protein_PB.3251.283	NEB	NEB	novel_not_in_catalog	YES	108.18	95.85	119.18
PB.3251.286	Protein_PB.3251.286	NEB	NEB	novel_not_in_catalog	YES	6913.72	4472.52	10516.01
PB.3251.287	Protein_PB.3251.287	NEB	NEB	novel_in_catalog	YES	1374.37	510.63	1028.51
PB.3251.288	Protein_PB.3251.288	NEB	NEB	novel_not_in_catalog	YES	7619.92	2990.41	7835.99
PB.3251.289	Protein_PB.3251.289	NEB	NEB	novel_not_in_catalog	YES	4673.77	11345.78	5540.99
PB.3251.290	Protein_PB.3251.290	NEB	NEB	novel_in_catalog	YES	30.06	10.49	41.74
PB.3251.292	Protein_PB.3251.292	NEB	NEB	novel_not_in_catalog	YES	3171.27	968.32	8132.64
PB.3251.293	Protein_PB.3251.293	NEB	NEB	novel_not_in_catalog	YES	183.35	174.66	226.6
PB.3251.297	Protein_PB.3251.297	NEB	NEB	novel_not_in_catalog	YES	2796.3	6827.22	4508.91
PB.3251.303	Protein_PB.3251.303	NEB	NEB	novel_not_in_catalog	YES	6242.78	6613.75	8452.63
PB.3251.304	Protein_PB.3251.304	NEB	NEB	novel_in_catalog	YES	138.99	111.22	159.15
PB.3251.307	Protein_PB.3251.307	NEB	NEB	novel_not_in_catalog	YES	29.95	27.78	27.01
PB.3251.308	Protein_PB.3251.308	NEB	NEB	novel_in_catalog	YES	10.11	3.54	24.06
PB.3251.309	Protein_PB.3251.309	NEB	NEB	novel_in_catalog	YES	32.15	31.92	43.43
PB.3251.34	Protein_PB.3251.34	NEB	NEB	novel_not_in_catalog	YES	201.02	176.9	197.99
PB.3251.35	Protein_PB.3251.35	NEB	NEB	novel_not_in_catalog	YES	0.0	2.07	32.85
PB.3251.39	Protein_PB.3251.39	NEB	NEB	novel_not_in_catalog	YES	26.25	9.05	6.47
PB.3251.42	Protein_PB.3251.42	NEB	NEB	novel_not_in_catalog	YES	26.4	141.79	180.43
PB.3251.45	Protein_PB.3251.45	NEB	NEB	novel_not_in_catalog	YES	348.32	431.05	365.27
PB.3251.50	Protein_PB.3251.50	NEB	NEB	novel_not_in_catalog	YES	53.26	34.22	42.52
PB.3251.51	Protein_PB.3251.51	NEB	NEB	novel_not_in_catalog	YES	1410.38	856.35	1372.95
PB.3251.52	Protein_PB.3251.52	NEB	NEB	novel_not_in_catalog	YES	442.4	207.01	828.86
PB.3251.54	Protein_PB.3251.54	NEB	NEB	novel_not_in_catalog	YES	272.74	407.19	186.06
PB.3251.58	Protein_PB.3251.58	NEB	NEB	novel_not_in_catalog	YES	13.48	22.49	47.12
PB.3251.59	Protein_PB.3251.59	NEB	NEB	novel_not_in_catalog	YES	17.3	12.55	48.88
PB.3251.6	Protein_PB.3251.6	NEB	NEB	novel_not_in_catalog	YES	1102.87	947.96	1234.95
PB.3251.62	Protein_PB.3251.62	NEB	NEB	novel_not_in_catalog	YES	11.03	21.26	10.24
PB.3251.63	Protein_PB.3251.63	NEB	NEB	novel_not_in_catalog	YES	2144.75	2070.72	1340.95
PB.3251.64	Protein_PB.3251.64	NEB	NEB	novel_not_in_catalog	YES	548.75	418.16	660.86
PB.3251.65	Protein_PB.3251.65	NEB	NEB	novel_not_in_catalog	YES	127.54	126.64	159.67
PB.3251.66	Protein_PB.3251.66	NEB	NEB	novel_not_in_catalog	YES	14.93	27.76	64.52
PB.3251.67	Protein_PB.3251.67	NEB	NEB	novel_not_in_catalog	YES	48.12	59.76	88.44
PB.3251.68	Protein_PB.3251.68	NEB	NEB	incomplete-splice_match	YES	40.61	39.09	36.88
PB.3251.69	Protein_PB.3251.69	NEB	NEB	novel_not_in_catalog	YES	33.28	22.73	19.26
PB.3251.70	Protein_PB.3251.70	NEB	NEB	novel_not_in_catalog	YES	52.45	58.67	86.44
PB.3251.75	Protein_PB.3251.75	NEB	NEB	novel_not_in_catalog	YES	272.1	374.65	189.1
PB.3251.76	Protein_PB.3251.76	NEB	NEB	novel_not_in_catalog	YES	44.82	21.72	27.17
PB.3251.8	Protein_PB.3251.8	NEB	NEB	novel_not_in_catalog	YES	36.28	25.88	26.0
PB.3251.83	Protein_PB.3251.83	NEB	NEB	novel_not_in_catalog	YES	33.48	41.79	53.42
PB.3251.85	Protein_PB.3251.85	NEB	NEB	novel_not_in_catalog	YES	97.39	82.79	97.71
PB.3251.86	Protein_PB.3251.86	NEB	NEB	novel_not_in_catalog	YES	16.58	28.1	10.89
PB.3251.87	Protein_PB.3251.87	NEB	NEB	novel_not_in_catalog	YES	38.28	44.72	62.6
PB.3251.9	Protein_PB.3251.9	NEB	NEB	novel_not_in_catalog	YES	290.84	198.67	531.48
PB.3251.91	Protein_PB.3251.91	NEB	NEB	novel_not_in_catalog	YES	83.06	28.22	83.28
PB.3251.92	Protein_PB.3251.92	NEB	NEB	novel_not_in_catalog	YES	105.9	141.13	173.65
PB.3251.94	Protein_PB.3251.94	NEB	NEB	novel_not_in_catalog	YES	45.86	41.89	54.94
PB.3251.96	Protein_PB.3251.96	NEB	NEB	novel_not_in_catalog	YES	12.19	28.97	34.03
PB.3253.3	Protein_PB.3253.3	NMI	NMI	novel_in_catalog	YES	38.7	20.64	28.01
PB.3254.1	Protein_PB.3254.1	RBM43	RBM43	full-splice_match	YES	16.12	16.26	34.11
PB.3254.3	Protein_PB.3254.3	RBM43	RBM43	full-splice_match	YES	64.96	34.94	52.84
PB.3258.3	Protein_PB.3258.3	RND3	RND3	full-splice_match	YES	177.27	214.0	232.54
PB.3259.15	Protein_PB.3259.15	MMADHC	MMADHC	novel_in_catalog	YES	19.7	23.93	25.79
PB.3259.16	Protein_PB.3259.16	MMADHC	MMADHC	full-splice_match	YES	498.07	567.65	450.62
PB.3259.17	Protein_PB.3259.17	MMADHC	MMADHC	novel_not_in_catalog	YES	43.8	50.32	63.29
PB.3259.4	Protein_PB.3259.4	MMADHC	MMADHC	novel_not_in_catalog	YES	112.84	94.02	100.3
PB.3259.6	Protein_PB.3259.6	MMADHC	MMADHC	novel_not_in_catalog	YES	43.56	69.25	48.1
PB.3259.7	Protein_PB.3259.7	MMADHC	MMADHC	novel_not_in_catalog	YES	176.26	272.2	183.32
PB.3264.1	Protein_PB.3264.1	ORC4	ORC4	novel_in_catalog	YES	11.32	16.63	14.57
PB.3264.3	Protein_PB.3264.3	ORC4	ORC4	full-splice_match	YES	89.86	80.71	64.85
PB.3264.6	Protein_PB.3264.6	ORC4	ORC4	full-splice_match	YES	22.07	22.59	28.09
PB.327.3	Protein_PB.327.3	SEC22A	SEC22A	full-splice_match	YES	15.5	32.56	8.46
PB.327.8	Protein_PB.327.8	SEC22A	SEC22A	novel_not_in_catalog	YES	42.52	19.51	17.24
PB.3273.1	Protein_PB.3273.1	D2HGDH	D2HGDH	novel_in_catalog	YES	16.77	21.21	13.28
PB.3273.3	Protein_PB.3273.3	D2HGDH	D2HGDH	full-splice_match	YES	41.6	65.96	44.9
PB.3273.5	Protein_PB.3273.5	D2HGDH	D2HGDH	full-splice_match	YES	70.52	62.18	13.66
PB.3274.2	Protein_PB.3274.2	ING5	ING5	full-splice_match	YES	96.04	89.04	117.78
PB.3275.1	Protein_PB.3275.1	ATG4B	ATG4B	full-splice_match	YES	179.41	184.65	182.55
PB.3275.9	Protein_PB.3275.9	ATG4B	ATG4B	full-splice_match	YES	35.44	51.7	51.39
PB.3276.1	Protein_PB.3276.1	BOK	BOK	full-splice_match	YES	40.62	41.93	40.13
PB.3277.2	Protein_PB.3277.2	FARP2	FARP2	full-splice_match	YES	50.85	53.59	53.5
PB.3277.4	Protein_PB.3277.4	FARP2	FARP2	novel_not_in_catalog	YES	53.38	52.67	53.34
PB.3277.5	Protein_PB.3277.5	FARP2	FARP2	novel_not_in_catalog	YES	18.83	15.43	18.44
PB.3278.1	Protein_PB.3278.1	SEPT2	SEPT2	full-splice_match	YES	36.02	27.36	25.58
PB.3278.2	Protein_PB.3278.2	SEPT2	SEPT2	full-splice_match	YES	741.7	685.86	802.3
PB.3278.8	Protein_PB.3278.8	SEPT2	SEPT2	novel_not_in_catalog	YES	21.02	13.86	6.2
PB.3280.2	Protein_PB.3280.2	PPP1R7	PPP1R7	full-splice_match	YES	95.93	115.15	101.32
PB.3280.4	Protein_PB.3280.4	PPP1R7	PPP1R7	full-splice_match	YES	6.43	8.49	23.24
PB.3280.5	Protein_PB.3280.5	PPP1R7	PPP1R7	full-splice_match	YES	98.66	88.45	83.28
PB.3280.7	Protein_PB.3280.7	PPP1R7	PPP1R7	novel_in_catalog	YES	58.48	53.77	70.75
PB.3286.6	Protein_PB.3286.6	CAPN10	CAPN10	full-splice_match	YES	21.36	20.71	15.52
PB.3287.5	Protein_PB.3287.5	RNPEPL1	RNPEPL1	full-splice_match	YES	68.98	25.19	43.91
PB.3287.6	Protein_PB.3287.6	RNPEPL1	RNPEPL1	full-splice_match	YES	463.76	471.0	345.65
PB.3288.2	Protein_PB.3288.2	DUSP28	DUSP28	full-splice_match	YES	242.8	281.68	261.32
PB.3289.1	Protein_PB.3289.1	GPC1	GPC1	full-splice_match	YES	702.57	698.97	722.48
PB.3295.1	Protein_PB.3295.1	ASB1	ASB1	full-splice_match	YES	64.04	68.45	45.33
PB.3295.2	Protein_PB.3295.2	ASB1	ASB1	full-splice_match	YES	55.95	40.94	72.7
PB.3295.3	Protein_PB.3295.3	ASB1	ASB1	full-splice_match	YES	38.47	52.48	20.37
PB.3295.6	Protein_PB.3295.6	ASB1	ASB1	full-splice_match	YES	211.38	234.33	257.32
PB.3296.2	Protein_PB.3296.2	TRAF3IP1	TRAF3IP1	novel_not_in_catalog	YES	16.75	18.48	17.87
PB.3296.6	Protein_PB.3296.6	TRAF3IP1	TRAF3IP1	full-splice_match	YES	30.65	14.63	29.63
PB.3299.1	Protein_PB.3299.1	KLHL30	KLHL30	novel_not_in_catalog	YES	261.88	184.37	306.57
PB.33.2	Protein_PB.33.2	CFAP410	CFAP410	full-splice_match	YES	15.49	22.05	0.0
PB.3301.1	Protein_PB.3301.1	SCLY	SCLY	full-splice_match	YES	6.32	32.3	20.35
PB.3301.3	Protein_PB.3301.3	SCLY	SCLY	full-splice_match	YES	54.04	47.33	20.49
PB.3301.4	Protein_PB.3301.4	SCLY	SCLY	full-splice_match	YES	88.35	79.58	31.52
PB.3301.5	Protein_PB.3301.5	SCLY	SCLY	novel_in_catalog	YES	75.35	38.4	100.12
PB.3302.1	Protein_PB.3302.1	UBE2F	UBE2F	novel_not_in_catalog	YES	61.59	71.01	61.25
PB.3302.2	Protein_PB.3302.2	UBE2F	UBE2F	full-splice_match	YES	268.73	271.65	205.59
PB.3302.3	Protein_PB.3302.3	UBE2F	UBE2F	full-splice_match	YES	35.77	37.32	43.53
PB.3303.1	Protein_PB.3303.1	RAMP1	RAMP1	full-splice_match	YES	171.39	103.83	192.63
PB.3305.10	Protein_PB.3305.10	LRRFIP1	LRRFIP1	novel_in_catalog	YES	31.16	3.04	16.86
PB.3305.11	Protein_PB.3305.11	LRRFIP1	LRRFIP1	novel_in_catalog	YES	54.38	28.95	33.77
PB.3305.2	Protein_PB.3305.2	LRRFIP1	LRRFIP1	full-splice_match	YES	1138.77	1227.24	732.2
PB.3305.25	Protein_PB.3305.25	LRRFIP1	LRRFIP1	novel_in_catalog	YES	42.84	54.31	71.35
PB.3305.8	Protein_PB.3305.8	LRRFIP1	LRRFIP1	novel_in_catalog	YES	10.13	5.96	21.24
PB.331.2	Protein_PB.331.2	LOC113252411	LOC113252411	full-splice_match	YES	16.77	14.54	18.9
PB.3310.2	Protein_PB.3310.2	COPS8	COPS8	full-splice_match	YES	239.24	250.04	209.68
PB.3312.1	Protein_PB.3312.1	novelGene_336	novelGene_336	intergenic	YES	22.28	19.72	11.02
PB.3314.2	Protein_PB.3314.2	ACKR3	ACKR3	full-splice_match	YES	202.86	142.62	154.12
PB.3315.6	Protein_PB.3315.6	AGAP1	AGAP1	full-splice_match	YES	42.6	30.45	32.17
PB.3315.7	Protein_PB.3315.7	AGAP1	AGAP1	full-splice_match	YES	100.48	76.36	134.85
PB.3317.2	Protein_PB.3317.2	SH3BP4	SH3BP4	full-splice_match	YES	75.65	73.91	90.97
PB.3322.5	Protein_PB.3322.5	SPP2	SPP2	full-splice_match	YES	124.73	86.69	146.46
PB.3326.1	Protein_PB.3326.1	DGKD	DGKD	novel_not_in_catalog	YES	135.77	227.62	199.78
PB.3326.2	Protein_PB.3326.2	DGKD	DGKD	full-splice_match	YES	244.74	246.26	330.63
PB.3326.3		novelGene_342	novelGene_342	intergenic	NO	19.66	27.23	31.74
PB.3327.17	Protein_PB.3327.17	ATG16L1_SAG	ATG16L1_SAG	fusion	YES	170.55	177.5	187.24
PB.3329.1		LOC113250923	LOC113250923	full-splice_match	NO	57.62	59.85	53.18
PB.3333.1	Protein_PB.3333.1	GIGYF2	GIGYF2	full-splice_match	YES	233.37	286.9	165.31
PB.3333.10	Protein_PB.3333.10	GIGYF2	GIGYF2	incomplete-splice_match	YES	37.54	41.77	39.12
PB.3333.2	Protein_PB.3333.2	GIGYF2	GIGYF2	full-splice_match	YES	80.37	53.42	46.23
PB.3333.3	Protein_PB.3333.3	GIGYF2	GIGYF2	full-splice_match	YES	85.17	19.16	46.07
PB.3333.4	Protein_PB.3333.4	GIGYF2	GIGYF2	novel_not_in_catalog	YES	164.19	171.89	227.2
PB.3333.6	Protein_PB.3333.6	GIGYF2	GIGYF2	novel_in_catalog	YES	65.39	25.39	93.2
PB.3333.8	Protein_PB.3333.8	GIGYF2	GIGYF2	novel_not_in_catalog	YES	46.94	9.07	40.36
PB.3335.1	Protein_PB.3335.1	EIF4E2	EIF4E2	full-splice_match	YES	266.96	305.71	356.07
PB.3335.2	Protein_PB.3335.2	EIF4E2	EIF4E2	full-splice_match	YES	8.97	19.49	30.97
PB.3335.4	Protein_PB.3335.4	EIF4E2	EIF4E2	full-splice_match	YES	75.8	74.79	50.27
PB.3338.1	Protein_PB.3338.1	PRSS56	PRSS56	full-splice_match	YES	13.57	17.78	9.49
PB.334.11	Protein_PB.334.11	LOC113252436	LOC113252436	novel_not_in_catalog	YES	10.93	12.85	18.43
PB.334.12	Protein_PB.334.12	LOC113252436	LOC113252436	novel_not_in_catalog	YES	78.16	58.71	63.67
PB.334.8	Protein_PB.334.8	LOC113252436	LOC113252436	full-splice_match	YES	36.29	28.49	28.42
PB.3340.2	Protein_PB.3340.2	DIS3L2	DIS3L2	full-splice_match	YES	206.78	171.56	160.22
PB.3343.10	Protein_PB.3343.10	COPS7B	COPS7B	novel_in_catalog	YES	37.89	18.17	60.31
PB.3343.6	Protein_PB.3343.6	COPS7B	COPS7B	full-splice_match	YES	18.18	22.65	29.04
PB.3343.7	Protein_PB.3343.7	COPS7B	COPS7B	novel_not_in_catalog	YES	52.95	56.46	40.73
PB.3344.1	Protein_PB.3344.1	PTMA	PTMA	novel_in_catalog	YES	13.28	12.57	17.15
PB.3344.2	Protein_PB.3344.2	PTMA	PTMA	full-splice_match	YES	529.57	385.01	507.8
PB.3344.3	Protein_PB.3344.3	PTMA	PTMA	full-splice_match	YES	104.3	74.01	96.17
PB.3345.1		novelGene_344	novelGene_344	intergenic	NO	8.95	11.43	17.89
PB.335.2	Protein_PB.335.2	UMPS	UMPS	full-splice_match	YES	153.78	161.44	128.01
PB.335.3	Protein_PB.335.3	UMPS	UMPS	novel_not_in_catalog	YES	16.28	19.9	25.33
PB.3352.1	Protein_PB.3352.1	PSMD1	PSMD1	full-splice_match	YES	207.25	234.62	195.39
PB.3352.2	Protein_PB.3352.2	PSMD1	PSMD1	full-splice_match	YES	588.9	618.23	649.85
PB.3355.1	Protein_PB.3355.1	ITM2C	ITM2C	full-splice_match	YES	63.22	27.88	57.7
PB.3356.1	Protein_PB.3356.1	CAB39	CAB39	full-splice_match	YES	2069.09	2203.37	1832.61
PB.3356.2	Protein_PB.3356.2	CAB39	CAB39	full-splice_match	YES	366.44	381.79	330.42
PB.3360.20	Protein_PB.3360.20	LOC113250365	LOC113250365	novel_in_catalog	YES	21.6	19.83	31.05
PB.3361.10	Protein_PB.3361.10	LOC113250367	LOC113250367	novel_in_catalog	YES	15.9	5.49	24.34
PB.3361.12	Protein_PB.3361.12	LOC113250367	LOC113250367	novel_in_catalog	YES	22.68	4.54	34.06
PB.3361.2	Protein_PB.3361.2	LOC113250367	LOC113250367	full-splice_match	YES	53.09	26.36	19.76
PB.3371.1	Protein_PB.3371.1	AGFG1	AGFG1	novel_in_catalog	YES	59.07	43.84	50.15
PB.3371.2	Protein_PB.3371.2	AGFG1	AGFG1	full-splice_match	YES	268.38	234.54	294.58
PB.3371.3	Protein_PB.3371.3	AGFG1	AGFG1	full-splice_match	YES	31.4	48.17	42.37
PB.3372.12	Protein_PB.3372.12	MFF	MFF	novel_in_catalog	YES	330.79	389.65	318.37
PB.3372.13	Protein_PB.3372.13	MFF	MFF	novel_in_catalog	YES	149.32	169.44	133.04
PB.3372.19	Protein_PB.3372.19	MFF	MFF	full-splice_match	YES	17.21	11.97	10.09
PB.3372.20	Protein_PB.3372.20	MFF	MFF	full-splice_match	YES	33.76	22.08	21.06
PB.3372.22	Protein_PB.3372.22	MFF	MFF	full-splice_match	YES	323.94	343.02	426.75
PB.3372.25	Protein_PB.3372.25	MFF	MFF	novel_in_catalog	YES	17.48	12.67	22.27
PB.3372.27	Protein_PB.3372.27	MFF	MFF	full-splice_match	YES	716.24	815.22	813.51
PB.3372.7	Protein_PB.3372.7	MFF	MFF	full-splice_match	YES	22.36	22.7	24.24
PB.3373.2	Protein_PB.3373.2	COL4A3	COL4A3	full-splice_match	YES	39.98	35.69	20.46
PB.3373.4	Protein_PB.3373.4	COL4A3	COL4A3	full-splice_match	YES	13.15	42.58	15.2
PB.3381.1	Protein_PB.3381.1	MRPL44	MRPL44	full-splice_match	YES	307.95	359.07	257.27
PB.3384.1	Protein_PB.3384.1	ACSL3	ACSL3	full-splice_match	YES	51.87	40.56	20.7
PB.3384.2	Protein_PB.3384.2	ACSL3	ACSL3	full-splice_match	YES	30.21	36.3	53.28
PB.3384.3	Protein_PB.3384.3	ACSL3	ACSL3	full-splice_match	YES	100.43	102.15	102.08
PB.3385.1	Protein_PB.3385.1	MOGAT1	MOGAT1	full-splice_match	YES	33.01	87.31	161.48
PB.3385.3	Protein_PB.3385.3	MOGAT1	MOGAT1	full-splice_match	YES	223.47	399.37	369.29
PB.3385.4	Protein_PB.3385.4	MOGAT1	MOGAT1	novel_in_catalog	YES	53.97	100.01	180.65
PB.3391.1	Protein_PB.3391.1	SLC4A3	SLC4A3	full-splice_match	YES	16.09	34.65	20.84
PB.3391.2	Protein_PB.3391.2	SLC4A3	SLC4A3	full-splice_match	YES	43.12	40.43	29.14
PB.3392.4	Protein_PB.3392.4	STK11IP	STK11IP	novel_not_in_catalog	YES	59.32	84.48	50.7
PB.3393.1	Protein_PB.3393.1	INHA	INHA	full-splice_match	YES	187.48	138.1	50.31
PB.3396.12	Protein_PB.3396.12	GMPPA	GMPPA	full-splice_match	YES	51.75	59.08	34.37
PB.3396.22	Protein_PB.3396.22	GMPPA	GMPPA	novel_not_in_catalog	YES	24.49	21.72	17.12
PB.3396.3	Protein_PB.3396.3	GMPPA	GMPPA	full-splice_match	YES	26.99	17.75	14.54
PB.3396.5	Protein_PB.3396.5	GMPPA	GMPPA	full-splice_match	YES	19.12	31.69	35.43
PB.3398.1	Protein_PB.3398.1	SPEG	SPEG	incomplete-splice_match	YES	95.22	75.95	82.52
PB.3398.2	Protein_PB.3398.2	SPEG	SPEG	full-splice_match	YES	2604.5	2376.94	2408.88
PB.3399.1	Protein_PB.3399.1	DES	DES	full-splice_match	YES	76098.63	90000.59	80212.08
PB.3400.3	Protein_PB.3400.3	DNAJB2	DNAJB2	full-splice_match	YES	18.08	29.92	8.67
PB.3400.6	Protein_PB.3400.6	DNAJB2	DNAJB2	novel_in_catalog	YES	369.63	395.17	301.69
PB.3400.7	Protein_PB.3400.7	DNAJB2	DNAJB2	full-splice_match	YES	80.41	97.09	110.21
PB.3400.8	Protein_PB.3400.8	DNAJB2	DNAJB2	novel_in_catalog	YES	60.19	63.41	92.96
PB.3401.1	Protein_PB.3401.1	LOC113248004	LOC113248004	full-splice_match	YES	545.91	584.28	1048.61
PB.3402.10	Protein_PB.3402.10	STK16	STK16	novel_in_catalog	YES	16.77	18.22	3.72
PB.3402.12	Protein_PB.3402.12	STK16	STK16	novel_not_in_catalog	YES	13.67	0.03	25.86
PB.3402.3	Protein_PB.3402.3	STK16	STK16	full-splice_match	YES	144.06	176.56	130.2
PB.3402.6	Protein_PB.3402.6	STK16	STK16	full-splice_match	YES	36.59	31.02	33.35
PB.3403.3	Protein_PB.3403.3	ANKZF1	ANKZF1	novel_not_in_catalog	YES	24.75	13.61	23.12
PB.3404.2	Protein_PB.3404.2	ZFAND2B	ZFAND2B	full-splice_match	YES	11.44	13.96	17.79
PB.3404.3	Protein_PB.3404.3	ZFAND2B	ZFAND2B	novel_not_in_catalog	YES	39.53	53.8	71.39
PB.3405.1	Protein_PB.3405.1	RETREG2	RETREG2	full-splice_match	YES	237.54	213.9	302.04
PB.3409.3	Protein_PB.3409.3	LOC113250446	LOC113250446	novel_not_in_catalog	YES	25.93	21.34	18.02
PB.341.4	Protein_PB.341.4	RUBCN	RUBCN	full-splice_match	YES	37.46	26.54	40.19
PB.3412.2	Protein_PB.3412.2	STK36	STK36	full-splice_match	YES	21.75	19.3	26.51
PB.3413.1	Protein_PB.3413.1	LOC113250450	LOC113250450	full-splice_match	YES	19.04	5.12	39.14
PB.3413.2	Protein_PB.3413.2	LOC113250450	LOC113250450	full-splice_match	YES	86.73	79.22	50.27
PB.3413.4	Protein_PB.3413.4	LOC113250450	LOC113250450	full-splice_match	YES	153.3	224.53	151.77
PB.3413.5	Protein_PB.3413.5	LOC113250450	LOC113250450	full-splice_match	YES	60.38	78.14	125.57
PB.3414.1	Protein_PB.3414.1	PLCD4	PLCD4	full-splice_match	YES	61.15	71.26	71.71
PB.3414.2	Protein_PB.3414.2	PLCD4	PLCD4	novel_not_in_catalog	YES	28.55	36.35	34.48
PB.3414.3	Protein_PB.3414.3	PLCD4	PLCD4	novel_not_in_catalog	YES	89.65	65.23	91.42
PB.3415.1	Protein_PB.3415.1	CNOT9	CNOT9	full-splice_match	YES	103.57	97.74	126.07
PB.3419.1	Protein_PB.3419.1	CTDSP1	CTDSP1	full-splice_match	YES	280.52	262.01	249.71
PB.3419.2	Protein_PB.3419.2	CTDSP1	CTDSP1	full-splice_match	YES	119.94	106.14	75.88
PB.3419.3	Protein_PB.3419.3	CTDSP1	CTDSP1	full-splice_match	YES	26.71	24.85	11.16
PB.3419.5	Protein_PB.3419.5	CTDSP1	CTDSP1	novel_not_in_catalog	YES	12.53	18.98	28.6
PB.3422.1	Protein_PB.3422.1	PNKD	PNKD	full-splice_match	YES	25.82	10.12	32.99
PB.3423.1	Protein_PB.3423.1	LOC113250465	LOC113250465	full-splice_match	YES	235.4	266.48	207.09
PB.3425.1	Protein_PB.3425.1	ARPC2	ARPC2	full-splice_match	YES	580.75	539.81	714.65
PB.3434.1		RPL37A	RPL37A	full-splice_match	NO	3702.37	3821.83	4505.29
PB.3435.5	Protein_PB.3435.5	SMARCAL1	SMARCAL1	full-splice_match	YES	96.12	90.18	89.16
PB.3435.6	Protein_PB.3435.6	SMARCAL1	SMARCAL1	full-splice_match	YES	10.85	12.9	20.06
PB.3436.3	Protein_PB.3436.3	XRCC5	XRCC5	novel_not_in_catalog	YES	24.2	41.95	50.51
PB.3436.5	Protein_PB.3436.5	XRCC5	XRCC5	novel_in_catalog	YES	51.75	37.9	65.42
PB.3436.7	Protein_PB.3436.7	XRCC5	XRCC5	novel_in_catalog	YES	52.07	69.7	71.43
PB.3440.1	Protein_PB.3440.1	ATIC	ATIC	full-splice_match	YES	961.63	1064.28	1062.8
PB.3446.1	Protein_PB.3446.1	novelGene_369	novelGene_369	intergenic	YES	14.15	11.6	16.73
PB.3446.2	Protein_PB.3446.2	novelGene_370	novelGene_370	intergenic	YES	2.77	5.64	19.44
PB.3446.4	Protein_PB.3446.4	novelGene_372	novelGene_372	intergenic	YES	6.97	6.61	27.39
PB.3449.4		LOC113250508	LOC113250508	novel_not_in_catalog	NO	16.49	13.51	22.35
PB.3450.1		novelGene_374	novelGene_374	intergenic	NO	49.9	55.41	47.3
PB.3453.1	Protein_PB.3453.1	RPE	RPE	full-splice_match	YES	16.14	16.31	21.14
PB.3453.4	Protein_PB.3453.4	RPE	RPE	full-splice_match	YES	23.18	23.12	16.76
PB.346.1	Protein_PB.346.1	FBXO45	FBXO45	full-splice_match	YES	45.8	44.77	51.8
PB.3461.2	Protein_PB.3461.2	PIKFYVE	PIKFYVE	full-splice_match	YES	133.0	109.17	128.22
PB.3461.3	Protein_PB.3461.3	PIKFYVE	PIKFYVE	full-splice_match	YES	24.02	48.58	11.97
PB.3461.4	Protein_PB.3461.4	PIKFYVE	PIKFYVE	full-splice_match	YES	43.68	39.05	46.83
PB.3461.6	Protein_PB.3461.6	PIKFYVE	PIKFYVE	full-splice_match	YES	39.82	45.43	53.11
PB.3464.1	Protein_PB.3464.1	LOC113250528_CCNYL1	LOC113250528_CCNYL1	fusion	YES	47.91	45.71	63.11
PB.3464.2	Protein_PB.3464.2	CCNYL1	CCNYL1	full-splice_match	YES	54.13	41.75	53.09
PB.3466.3	Protein_PB.3466.3	CREB1	CREB1	full-splice_match	YES	152.08	114.14	136.66
PB.3466.4	Protein_PB.3466.4	CREB1	CREB1	full-splice_match	YES	31.89	30.09	40.72
PB.3466.6	Protein_PB.3466.6	CREB1	CREB1	novel_not_in_catalog	YES	33.19	40.27	28.24
PB.3468.1	Protein_PB.3468.1	FASTKD2	FASTKD2	full-splice_match	YES	120.63	157.69	106.03
PB.3468.2	Protein_PB.3468.2	FASTKD2	FASTKD2	full-splice_match	YES	160.69	164.5	124.58
PB.3468.3	Protein_PB.3468.3	FASTKD2	FASTKD2	full-splice_match	YES	105.77	132.91	70.97
PB.3471.1	Protein_PB.3471.1	ADAM23	ADAM23	full-splice_match	YES	50.41	22.42	53.35
PB.3472.2	Protein_PB.3472.2	ZDBF2	ZDBF2	full-splice_match	YES	64.04	72.23	64.53
PB.3472.3	Protein_PB.3472.3	ZDBF2	ZDBF2	full-splice_match	YES	234.07	213.97	299.56
PB.3472.4	Protein_PB.3472.4	ZDBF2	ZDBF2	full-splice_match	YES	73.42	89.97	63.79
PB.3475.2		EEF1B2	EEF1B2	novel_in_catalog	NO	11.12	5.8	16.82
PB.3475.3	Protein_PB.3475.3	EEF1B2	EEF1B2	full-splice_match	YES	7978.2	8217.39	10823.94
PB.3475.6	Protein_PB.3475.6	EEF1B2	EEF1B2	novel_not_in_catalog	YES	24.37	19.03	27.57
PB.3476.2		LOC113250547	LOC113250547	incomplete-splice_match	NO	19.82	23.97	36.71
PB.3478.2	Protein_PB.3478.2	NRP2	NRP2	full-splice_match	YES	67.08	43.05	75.51
PB.3478.3	Protein_PB.3478.3	NRP2	NRP2	full-splice_match	YES	46.13	17.71	39.36
PB.3479.3	Protein_PB.3479.3	PARD3B	PARD3B	full-splice_match	YES	119.75	88.18	114.28
PB.3479.4	Protein_PB.3479.4	PARD3B	PARD3B	full-splice_match	YES	31.42	18.74	44.62
PB.348.1	Protein_PB.348.1	NRROS	NRROS	full-splice_match	YES	25.54	16.39	14.8
PB.3488.1	Protein_PB.3488.1	ABI2	ABI2	novel_in_catalog	YES	189.33	227.53	296.96
PB.3488.3	Protein_PB.3488.3	ABI2	ABI2	full-splice_match	YES	87.89	188.07	172.01
PB.3488.4	Protein_PB.3488.4	ABI2	ABI2	full-splice_match	YES	106.96	65.62	169.51
PB.3488.5	Protein_PB.3488.5	ABI2	ABI2	full-splice_match	YES	13.7	25.6	36.57
PB.349.1	Protein_PB.349.1	PIGX	PIGX	full-splice_match	YES	41.5	43.54	45.6
PB.349.5	Protein_PB.349.5	PIGX	PIGX	novel_not_in_catalog	YES	17.14	22.3	12.62
PB.349.6	Protein_PB.349.6	PIGX	PIGX	incomplete-splice_match	YES	20.25	22.88	34.06
PB.3490.1		LOC113250565	LOC113250565	novel_not_in_catalog	NO	17.81	9.5	19.27
PB.3490.2	Protein_PB.3490.2	LOC113250565	LOC113250565	full-splice_match	YES	48.96	26.12	52.2
PB.3490.3	Protein_PB.3490.3	LOC113250565	LOC113250565	novel_not_in_catalog	YES	10.31	13.57	19.3
PB.3491.1	Protein_PB.3491.1	NBEAL1	NBEAL1	full-splice_match	YES	345.31	321.38	333.11
PB.3491.12	Protein_PB.3491.12	CARF	CARF	full-splice_match	YES	4.65	7.76	20.97
PB.3491.14	Protein_PB.3491.14	CARF	CARF	full-splice_match	YES	37.99	20.07	18.26
PB.3491.15	Protein_PB.3491.15	CARF	CARF	full-splice_match	YES	15.16	15.01	16.3
PB.3491.2	Protein_PB.3491.2	NBEAL1	NBEAL1	novel_not_in_catalog	YES	100.93	101.08	89.99
PB.3491.20	Protein_PB.3491.20	CARF	CARF	novel_not_in_catalog	YES	7.05	6.55	16.72
PB.3491.4	Protein_PB.3491.4	NBEAL1_CARF	NBEAL1_CARF	fusion	YES	43.92	43.27	35.97
PB.3496.1	Protein_PB.3496.1	BMPR2	BMPR2	full-splice_match	YES	364.41	386.39	417.65
PB.3496.2	Protein_PB.3496.2	BMPR2	BMPR2	incomplete-splice_match	YES	264.46	224.15	269.66
PB.3498.1	Protein_PB.3498.1	NOP58	NOP58	full-splice_match	YES	31.07	33.85	26.55
PB.3498.2	Protein_PB.3498.2	NOP58	NOP58	full-splice_match	YES	17.22	19.77	29.61
PB.3498.4	Protein_PB.3498.4	NOP58	NOP58	incomplete-splice_match	YES	62.76	52.61	59.86
PB.350.1	Protein_PB.350.1	PAK2	PAK2	full-splice_match	YES	1006.14	1042.77	1094.55
PB.350.2	Protein_PB.350.2	PAK2	PAK2	novel_not_in_catalog	YES	6.51	11.18	31.91
PB.350.3	Protein_PB.350.3	PAK2	PAK2	full-splice_match	YES	41.91	110.94	14.76
PB.3504.1	Protein_PB.3504.1	KIAA2012	KIAA2012	novel_not_in_catalog	YES	31.33	21.87	27.81
PB.3506.1	Protein_PB.3506.1	FZD7	FZD7	full-splice_match	YES	168.32	152.19	169.91
PB.3508.2	Protein_PB.3508.2	CDK15	CDK15	full-splice_match	YES	23.8	20.8	20.01
PB.351.3	Protein_PB.351.3	SENP5	SENP5	full-splice_match	YES	7.91	19.75	11.11
PB.351.7	Protein_PB.351.7	SENP5	SENP5	full-splice_match	YES	122.19	79.83	101.01
PB.351.8	Protein_PB.351.8	SENP5	SENP5	novel_in_catalog	YES	48.39	74.16	47.32
PB.3511.12	Protein_PB.3511.12	STRADB	STRADB	novel_in_catalog	YES	62.78	57.84	72.59
PB.3511.16	Protein_PB.3511.16	STRADB	STRADB	novel_in_catalog	YES	109.84	127.58	84.13
PB.3511.18	Protein_PB.3511.18	STRADB	STRADB	novel_in_catalog	YES	85.63	74.53	81.07
PB.3511.2	Protein_PB.3511.2	STRADB	STRADB	full-splice_match	YES	52.11	71.49	45.52
PB.3511.20	Protein_PB.3511.20	STRADB	STRADB	full-splice_match	YES	13.53	7.75	20.26
PB.3512.1	Protein_PB.3512.1	CASP8	CASP8	full-splice_match	YES	28.63	10.44	11.6
PB.3512.2	Protein_PB.3512.2	CASP8	CASP8	full-splice_match	YES	13.33	22.35	26.91
PB.3513.10	Protein_PB.3513.10	CFLAR	CFLAR	novel_not_in_catalog	YES	15.76	18.37	15.26
PB.3513.15	Protein_PB.3513.15	CFLAR	CFLAR	novel_not_in_catalog	YES	17.93	8.72	7.56
PB.3513.2	Protein_PB.3513.2	CASP10	CASP10	novel_in_catalog	YES	57.52	31.99	28.71
PB.3513.3	Protein_PB.3513.3	CASP10	CASP10	novel_in_catalog	YES	12.14	19.26	21.99
PB.3513.4	Protein_PB.3513.4	CFLAR	CFLAR	novel_not_in_catalog	YES	61.58	49.13	57.61
PB.3514.1		NDUFB3	NDUFB3	full-splice_match	NO	120.39	162.08	93.76
PB.3514.2		NDUFB3	NDUFB3	novel_not_in_catalog	NO	494.04	595.63	303.94
PB.3516.12	Protein_PB.3516.12	NIF3L1	NIF3L1	full-splice_match	YES	56.61	54.5	25.27
PB.3516.16	Protein_PB.3516.16	NIF3L1	NIF3L1	novel_not_in_catalog	YES	36.07	57.16	25.67
PB.3516.18	Protein_PB.3516.18	NIF3L1	NIF3L1	novel_not_in_catalog	YES	84.22	114.12	40.73
PB.3516.20	Protein_PB.3516.20	NIF3L1	NIF3L1	novel_in_catalog	YES	10.71	14.07	28.42
PB.3516.23	Protein_PB.3516.23	NIF3L1	NIF3L1	novel_not_in_catalog	YES	17.69	24.57	18.59
PB.3516.4	Protein_PB.3516.4	NIF3L1	NIF3L1	full-splice_match	YES	24.48	10.01	0.0
PB.3516.5	Protein_PB.3516.5	NIF3L1	NIF3L1	full-splice_match	YES	24.01	32.42	23.84
PB.3516.7	Protein_PB.3516.7	NIF3L1	NIF3L1	full-splice_match	YES	104.02	103.62	32.59
PB.3517.1	Protein_PB.3517.1	BZW1	BZW1	full-splice_match	YES	81.46	77.39	95.3
PB.3517.11	Protein_PB.3517.11	BZW1	BZW1	novel_not_in_catalog	YES	304.48	291.97	303.73
PB.3517.3	Protein_PB.3517.3	BZW1	BZW1	full-splice_match	YES	146.01	131.22	190.16
PB.3517.4	Protein_PB.3517.4	BZW1	BZW1	novel_in_catalog	YES	100.56	114.36	96.85
PB.3517.9	Protein_PB.3517.9	BZW1	BZW1	novel_not_in_catalog	YES	192.37	222.56	195.75
PB.352.1	Protein_PB.352.1	NCBP2-AS2	NCBP2-AS2	full-splice_match	YES	118.02	123.37	137.63
PB.3520.10	Protein_PB.3520.10	LOC113250606	LOC113250606	full-splice_match	YES	19.82	25.82	0.0
PB.3520.20	Protein_PB.3520.20	LOC113250606	LOC113250606	novel_not_in_catalog	YES	14.16	45.36	17.06
PB.3520.21	Protein_PB.3520.21	LOC113250606	LOC113250606	novel_not_in_catalog	YES	21.48	0.0	10.67
PB.3520.22	Protein_PB.3520.22	LOC113250606	LOC113250606	novel_in_catalog	YES	44.4	26.81	37.24
PB.3520.26	Protein_PB.3520.26	LOC113250606	LOC113250606	incomplete-splice_match	YES	100.6	75.87	58.55
PB.3520.33	Protein_PB.3520.33	LOC113250606	LOC113250606	novel_in_catalog	YES	18.72	14.85	19.22
PB.3522.1	Protein_PB.3522.1	LOC113250611	LOC113250611	novel_not_in_catalog	YES	44.85	48.93	29.12
PB.3522.4		LOC113250611	LOC113250611	full-splice_match	NO	11.68	17.28	4.35
PB.3523.2	Protein_PB.3523.2	SPATS2L	SPATS2L	full-splice_match	YES	42.75	59.07	30.51
PB.3523.3	Protein_PB.3523.3	SPATS2L	SPATS2L	full-splice_match	YES	62.41	76.21	64.57
PB.3526.1	Protein_PB.3526.1	MAIP1	MAIP1	full-splice_match	YES	58.01	56.7	46.42
PB.3526.3	Protein_PB.3526.3	MAIP1	MAIP1	novel_in_catalog	YES	49.32	53.66	50.41
PB.3527.1	Protein_PB.3527.1	CUNH2orf69	CUNH2orf69	full-splice_match	YES	29.76	30.88	28.28
PB.3531.1	Protein_PB.3531.1	PLCL1	PLCL1	full-splice_match	YES	372.41	285.88	438.41
PB.3532.5	Protein_PB.3532.5	MARS2	MARS2	full-splice_match	YES	63.93	132.92	107.63
PB.3534.1	Protein_PB.3534.1	HSPE1	HSPE1	full-splice_match	YES	49.21	78.1	54.04
PB.3534.2	Protein_PB.3534.2	HSPE1	HSPE1	full-splice_match	YES	47.39	36.91	34.5
PB.3534.3	Protein_PB.3534.3	HSPE1	HSPE1	full-splice_match	YES	105.09	120.64	137.58
PB.3534.5	Protein_PB.3534.5	HSPE1	HSPE1	novel_in_catalog	YES	85.12	62.66	72.35
PB.3535.1	Protein_PB.3535.1	HSPE1	HSPE1	full-splice_match	YES	341.02	460.08	264.34
PB.3535.2		HSPE1	HSPE1	novel_in_catalog	NO	35.71	44.9	35.53
PB.3536.1	Protein_PB.3536.1	COQ10B	COQ10B	full-splice_match	YES	83.21	93.62	68.32
PB.3543.3	Protein_PB.3543.3	SLC39A10	SLC39A10	novel_in_catalog	YES	6.23	16.85	20.78
PB.3543.4	Protein_PB.3543.4	SLC39A10	SLC39A10	novel_not_in_catalog	YES	48.6	29.73	13.15
PB.3551.4	Protein_PB.3551.4	MYO1B	MYO1B	full-splice_match	YES	44.64	30.89	39.49
PB.3551.5	Protein_PB.3551.5	MYO1B	MYO1B	full-splice_match	YES	57.54	16.02	13.06
PB.3551.8	Protein_PB.3551.8	MYO1B	MYO1B	novel_not_in_catalog	YES	157.52	112.87	86.85
PB.3551.9	Protein_PB.3551.9	MYO1B	MYO1B	novel_in_catalog	YES	70.06	29.23	43.02
PB.3554.1	Protein_PB.3554.1	GLS	GLS	full-splice_match	YES	139.76	98.17	76.75
PB.3554.2	Protein_PB.3554.2	GLS	GLS	full-splice_match	YES	66.26	34.78	47.26
PB.3555.1	Protein_PB.3555.1	NAB1	NAB1	full-splice_match	YES	77.15	60.69	85.44
PB.3555.2	Protein_PB.3555.2	NAB1	NAB1	full-splice_match	YES	39.49	28.48	16.74
PB.3557.3	Protein_PB.3557.3	MFSD6	MFSD6	full-splice_match	YES	47.3	31.69	40.13
PB.3559.1		CUNH2orf88	CUNH2orf88	genic	NO	9.36	11.66	19.81
PB.356.1	Protein_PB.356.1	APOD	APOD	novel_not_in_catalog	YES	123.68	74.03	33.32
PB.356.2	Protein_PB.356.2	APOD	APOD	full-splice_match	YES	72.0	39.27	106.89
PB.3560.10	Protein_PB.3560.10	PMS1	PMS1	novel_not_in_catalog	YES	33.85	32.31	16.92
PB.3560.11	Protein_PB.3560.11	PMS1	PMS1	novel_not_in_catalog	YES	18.08	32.16	14.9
PB.3560.8	Protein_PB.3560.8	PMS1	PMS1	novel_not_in_catalog	YES	15.24	29.29	20.39
PB.3562.1	Protein_PB.3562.1	ASDURF	ASDURF	novel_in_catalog	YES	69.01	79.93	64.32
PB.3562.2	Protein_PB.3562.2	ASNSD1	ASNSD1	full-splice_match	YES	61.19	58.17	51.21
PB.3562.5	Protein_PB.3562.5	ASDURF	ASDURF	novel_not_in_catalog	YES	18.41	27.36	24.32
PB.3564.1	Protein_PB.3564.1	WDR75	WDR75	full-splice_match	YES	22.78	6.66	13.65
PB.3564.11	Protein_PB.3564.11	WDR75	WDR75	novel_not_in_catalog	YES	53.25	62.1	45.55
PB.3564.2	Protein_PB.3564.2	WDR75	WDR75	novel_not_in_catalog	YES	1.96	23.43	16.61
PB.3564.5	Protein_PB.3564.5	WDR75	WDR75	novel_not_in_catalog	YES	53.14	45.04	60.52
PB.3565.11	Protein_PB.3565.11	COL3A1	COL3A1	novel_not_in_catalog	YES	53.9	43.35	31.07
PB.3565.12	Protein_PB.3565.12	COL3A1	COL3A1	novel_not_in_catalog	YES	133.16	21.0	22.35
PB.3565.13	Protein_PB.3565.13	COL3A1	COL3A1	novel_in_catalog	YES	1575.3	476.13	498.9
PB.3565.14	Protein_PB.3565.14	COL3A1	COL3A1	novel_in_catalog	YES	16.32	5.94	15.12
PB.3565.15	Protein_PB.3565.15	COL3A1	COL3A1	novel_in_catalog	YES	213.25	91.32	91.19
PB.3565.17	Protein_PB.3565.17	COL3A1	COL3A1	novel_in_catalog	YES	24.8	7.85	13.89
PB.3565.18	Protein_PB.3565.18	COL3A1	COL3A1	incomplete-splice_match	YES	888.25	248.57	222.55
PB.3565.7	Protein_PB.3565.7	COL3A1	COL3A1	novel_in_catalog	YES	27.72	0.0	24.68
PB.3565.8	Protein_PB.3565.8	COL3A1	COL3A1	full-splice_match	YES	1180.22	362.97	362.86
PB.3565.9	Protein_PB.3565.9	COL3A1	COL3A1	novel_in_catalog	YES	2190.15	443.92	387.73
PB.357.2	Protein_PB.357.2	PPP1R2	PPP1R2	full-splice_match	YES	33.94	25.17	30.13
PB.357.3	Protein_PB.357.3	PPP1R2	PPP1R2	full-splice_match	YES	411.98	417.73	495.01
PB.357.4	Protein_PB.357.4	PPP1R2	PPP1R2	incomplete-splice_match	YES	417.98	396.39	492.12
PB.3570.1	Protein_PB.3570.1	FAM171B	FAM171B	full-splice_match	YES	34.5	13.47	22.82
PB.3571.1	Protein_PB.3571.1	ITGAV	ITGAV	full-splice_match	YES	644.99	736.29	503.35
PB.3571.4	Protein_PB.3571.4	ITGAV	ITGAV	full-splice_match	YES	133.98	179.69	109.7
PB.3572.1	Protein_PB.3572.1	ZC3H15	ZC3H15	full-splice_match	YES	439.46	432.59	450.88
PB.3572.2	Protein_PB.3572.2	ZC3H15	ZC3H15	novel_not_in_catalog	YES	3.75	15.34	23.48
PB.358.3	Protein_PB.358.3	ACAP2	ACAP2	full-splice_match	YES	67.38	93.43	47.51
PB.358.4	Protein_PB.358.4	ACAP2	ACAP2	full-splice_match	YES	145.98	105.04	121.86
PB.358.5	Protein_PB.358.5	ACAP2	ACAP2	full-splice_match	YES	30.45	15.69	43.59
PB.3580.1	Protein_PB.3580.1	NUP35	NUP35	full-splice_match	YES	77.6	86.38	76.35
PB.3581.1	Protein_PB.3581.1	DUSP19	DUSP19	novel_not_in_catalog	YES	26.42	32.93	50.79
PB.3581.2	Protein_PB.3581.2	DUSP19	DUSP19	full-splice_match	YES	68.53	55.63	35.14
PB.3581.3	Protein_PB.3581.3	DUSP19	DUSP19	full-splice_match	YES	38.64	36.33	58.25
PB.3583.1	Protein_PB.3583.1	DNAJC10	DNAJC10	novel_not_in_catalog	YES	31.41	32.91	27.14
PB.3583.11	Protein_PB.3583.11	DNAJC10	DNAJC10	novel_not_in_catalog	YES	79.69	71.32	63.39
PB.3583.2	Protein_PB.3583.2	DNAJC10	DNAJC10	novel_not_in_catalog	YES	27.56	24.75	21.21
PB.3583.3	Protein_PB.3583.3	DNAJC10	DNAJC10	full-splice_match	YES	36.14	46.74	27.42
PB.3583.6	Protein_PB.3583.6	DNAJC10	DNAJC10	novel_not_in_catalog	YES	14.39	14.21	26.38
PB.3583.8	Protein_PB.3583.8	DNAJC10	DNAJC10	novel_not_in_catalog	YES	45.35	36.51	23.36
PB.3587.2	Protein_PB.3587.2	ITPRID2	ITPRID2	full-splice_match	YES	86.96	68.32	66.61
PB.3587.3	Protein_PB.3587.3	ITPRID2	ITPRID2	full-splice_match	YES	5.17	0.0	21.31
PB.3587.4	Protein_PB.3587.4	ITPRID2	ITPRID2	full-splice_match	YES	97.78	30.31	63.53
PB.3587.8	Protein_PB.3587.8	ITPRID2	ITPRID2	novel_not_in_catalog	YES	87.74	86.82	78.27
PB.3588.1	Protein_PB.3588.1	ITGA4	ITGA4	full-splice_match	YES	24.84	12.9	19.35
PB.3590.1	Protein_PB.3590.1	UBE2E3	UBE2E3	full-splice_match	YES	84.97	58.62	125.64
PB.3590.3	Protein_PB.3590.3	UBE2E3	UBE2E3	full-splice_match	YES	136.57	126.21	161.24
PB.3593.2	Protein_PB.3593.2	PLEKHA3	PLEKHA3	incomplete-splice_match	YES	22.91	16.95	14.34
PB.3593.4	Protein_PB.3593.4	PLEKHA3	PLEKHA3	full-splice_match	YES	37.22	32.9	53.37
PB.3595.10	Protein_PB.3595.10	OSBPL6	OSBPL6	full-splice_match	YES	12.17	6.36	20.94
PB.3595.11	Protein_PB.3595.11	OSBPL6	OSBPL6	novel_not_in_catalog	YES	308.34	334.69	457.3
PB.3595.3	Protein_PB.3595.3	OSBPL6	OSBPL6	full-splice_match	YES	28.18	38.76	39.83
PB.3595.7	Protein_PB.3595.7	OSBPL6	OSBPL6	full-splice_match	YES	73.54	63.13	100.2
PB.3595.8	Protein_PB.3595.8	OSBPL6	OSBPL6	full-splice_match	YES	12.44	0.0	35.5
PB.3595.9	Protein_PB.3595.9	OSBPL6	OSBPL6	full-splice_match	YES	192.02	190.85	212.88
PB.3596.10	Protein_PB.3596.10	RBM45	RBM45	novel_not_in_catalog	YES	40.04	18.75	12.28
PB.3596.13	Protein_PB.3596.13	RBM45	RBM45	novel_not_in_catalog	YES	13.53	24.23	13.75
PB.3596.3	Protein_PB.3596.3	RBM45_LOC113250720	RBM45_LOC113250720	fusion	YES	1.0	3.56	19.06
PB.3600.1	Protein_PB.3600.1	AGPS	AGPS	full-splice_match	YES	186.89	188.68	157.98
PB.3600.2	Protein_PB.3600.2	AGPS	AGPS	full-splice_match	YES	38.03	52.51	71.04
PB.3600.8	Protein_PB.3600.8	AGPS	AGPS	novel_not_in_catalog	YES	255.35	249.43	274.09
PB.3601.1	Protein_PB.3601.1	HNRNPA3	HNRNPA3	full-splice_match	YES	14.98	6.51	30.76
PB.3601.10	Protein_PB.3601.10	HNRNPA3	HNRNPA3	novel_in_catalog	YES	48.22	26.49	58.23
PB.3601.11	Protein_PB.3601.11	HNRNPA3	HNRNPA3	full-splice_match	YES	24.4	28.22	7.18
PB.3601.12	Protein_PB.3601.12	HNRNPA3	HNRNPA3	novel_not_in_catalog	YES	26.02	20.05	40.01
PB.3601.2	Protein_PB.3601.2	HNRNPA3	HNRNPA3	full-splice_match	YES	36.01	41.85	29.77
PB.3601.5	Protein_PB.3601.5	HNRNPA3	HNRNPA3	full-splice_match	YES	49.49	43.31	38.83
PB.3601.8	Protein_PB.3601.8	HNRNPA3	HNRNPA3	full-splice_match	YES	51.17	46.29	140.46
PB.3605.1	Protein_PB.3605.1	LOC113248248	LOC113248248	full-splice_match	YES	57.87	58.74	61.16
PB.3606.1	Protein_PB.3606.1	MTX2	MTX2	full-splice_match	YES	242.53	265.13	225.47
PB.3610.1	Protein_PB.3610.1	HOXD8	HOXD8	full-splice_match	YES	94.83	60.97	73.58
PB.3610.4	Protein_PB.3610.4	HOXD8	HOXD8	novel_in_catalog	YES	107.59	68.01	92.58
PB.3611.1	Protein_PB.3611.1	HOXD9	HOXD9	full-splice_match	YES	51.59	36.19	33.81
PB.3622.1	Protein_PB.3622.1	SCRN3	SCRN3	full-splice_match	YES	13.09	15.95	22.78
PB.3622.4	Protein_PB.3622.4	SCRN3	SCRN3	full-splice_match	YES	150.26	161.29	100.53
PB.3622.5	Protein_PB.3622.5	SCRN3	SCRN3	full-splice_match	YES	42.33	42.71	33.91
PB.3627.2	Protein_PB.3627.2	MAP3K20	MAP3K20	full-splice_match	YES	17.31	18.74	27.13
PB.3627.3	Protein_PB.3627.3	MAP3K20	MAP3K20	novel_in_catalog	YES	4047.92	4645.51	3995.63
PB.3627.4	Protein_PB.3627.4	MAP3K20	MAP3K20	full-splice_match	YES	1368.25	1350.44	1981.81
PB.3627.5	Protein_PB.3627.5	MAP3K20	MAP3K20	novel_not_in_catalog	YES	2153.12	2536.69	2997.48
PB.3628.4	Protein_PB.3628.4	RAPGEF4	RAPGEF4	full-splice_match	YES	51.32	32.9	18.19
PB.363.1	Protein_PB.363.1	LSG1	LSG1	full-splice_match	YES	203.35	221.46	226.68
PB.3630.1	Protein_PB.3630.1	PDK1	PDK1	full-splice_match	YES	791.59	1005.05	905.89
PB.3630.2	Protein_PB.3630.2	PDK1	PDK1	novel_in_catalog	YES	43.13	19.68	62.35
PB.3631.1	Protein_PB.3631.1	ITGA6	ITGA6	full-splice_match	YES	261.99	175.42	137.11
PB.3631.2	Protein_PB.3631.2	ITGA6	ITGA6	full-splice_match	YES	113.4	60.63	58.16
PB.3633.4	Protein_PB.3633.4	METAP1D	METAP1D	full-splice_match	YES	66.27	76.97	47.28
PB.3635.2	Protein_PB.3635.2	HAT1	HAT1	novel_in_catalog	YES	16.86	20.34	12.61
PB.3635.4	Protein_PB.3635.4	HAT1	HAT1	novel_not_in_catalog	YES	75.66	72.11	72.58
PB.3637.10	Protein_PB.3637.10	DYNC1I2	DYNC1I2	incomplete-splice_match	YES	195.69	214.21	217.8
PB.3637.2	Protein_PB.3637.2	DYNC1I2	DYNC1I2	full-splice_match	YES	109.19	125.37	81.09
PB.3637.3	Protein_PB.3637.3	DYNC1I2	DYNC1I2	full-splice_match	YES	27.26	11.56	66.93
PB.3637.4	Protein_PB.3637.4	DYNC1I2	DYNC1I2	novel_not_in_catalog	YES	21.84	58.13	14.94
PB.3637.6	Protein_PB.3637.6	DYNC1I2	DYNC1I2	full-splice_match	YES	65.8	20.75	90.87
PB.3637.8	Protein_PB.3637.8	DYNC1I2	DYNC1I2	novel_not_in_catalog	YES	383.55	414.7	376.88
PB.3640.1	Protein_PB.3640.1	LOC113250780	LOC113250780	full-splice_match	YES	191.37	126.88	152.28
PB.3640.2	Protein_PB.3640.2	LOC113250780	LOC113250780	novel_not_in_catalog	YES	121.96	63.54	89.88
PB.3640.3	Protein_PB.3640.3	LOC113250780	LOC113250780	novel_not_in_catalog	YES	386.19	282.04	409.27
PB.3641.1	Protein_PB.3641.1	DCAF17	DCAF17	full-splice_match	YES	29.14	39.81	37.4
PB.3641.2	Protein_PB.3641.2	DCAF17	DCAF17	novel_in_catalog	YES	28.52	13.22	18.95
PB.3645.1	Protein_PB.3645.1	GORASP2	GORASP2	full-splice_match	YES	16.63	17.07	16.52
PB.3645.2	Protein_PB.3645.2	GORASP2	GORASP2	novel_in_catalog	YES	56.75	53.92	22.98
PB.3645.3	Protein_PB.3645.3	GORASP2	GORASP2	novel_not_in_catalog	YES	80.98	85.31	102.56
PB.3645.6	Protein_PB.3645.6	GORASP2	GORASP2	novel_in_catalog	YES	40.52	50.29	78.1
PB.3645.8	Protein_PB.3645.8	GORASP2	GORASP2	novel_not_in_catalog	YES	138.59	135.72	115.74
PB.365.1	Protein_PB.365.1	ATP13A3	ATP13A3	full-splice_match	YES	206.32	208.07	220.92
PB.3651.2	Protein_PB.3651.2	UBR3	UBR3	full-splice_match	YES	3633.8	3932.55	3593.24
PB.3651.3	Protein_PB.3651.3	UBR3	UBR3	full-splice_match	YES	613.39	632.15	535.19
PB.3652.3	Protein_PB.3652.3	SSB	SSB	novel_not_in_catalog	YES	138.74	161.14	163.72
PB.3652.4	Protein_PB.3652.4	SSB	SSB	incomplete-splice_match	YES	109.48	95.39	84.3
PB.3653.1	Protein_PB.3653.1	LOC113250796	LOC113250796	full-splice_match	YES	261.35	212.76	189.46
PB.3653.2	Protein_PB.3653.2	LOC113250796	LOC113250796	novel_in_catalog	YES	10.43	19.26	33.8
PB.3653.3	Protein_PB.3653.3	PHOSPHO2_LOC113250796	PHOSPHO2_LOC113250796	fusion	YES	60.07	30.63	66.06
PB.3653.4	Protein_PB.3653.4	PHOSPHO2	PHOSPHO2	full-splice_match	YES	19.36	15.78	27.13
PB.3653.5	Protein_PB.3653.5	PHOSPHO2	PHOSPHO2	full-splice_match	YES	54.66	53.01	36.88
PB.3654.1	Protein_PB.3654.1	PPIG	PPIG	full-splice_match	YES	3.66	11.47	25.69
PB.3654.2	Protein_PB.3654.2	PPIG	PPIG	full-splice_match	YES	90.34	22.68	40.63
PB.3654.3	Protein_PB.3654.3	PPIG	PPIG	full-splice_match	YES	95.46	93.17	166.42
PB.3654.4	Protein_PB.3654.4	PPIG	PPIG	full-splice_match	YES	68.74	144.67	92.84
PB.3654.5	Protein_PB.3654.5	PPIG	PPIG	incomplete-splice_match	YES	113.39	98.34	117.08
PB.3655.1	Protein_PB.3655.1	KLHL41	KLHL41	full-splice_match	YES	8179.05	7248.66	9668.03
PB.3655.2	Protein_PB.3655.2	BBS5_KLHL41	BBS5_KLHL41	fusion	YES	25182.57	23604.97	41798.68
PB.3655.3	Protein_PB.3655.3	KLHL41	KLHL41	incomplete-splice_match	YES	75223.7	70137.6	118737.06
PB.3655.4	Protein_PB.3655.4	BBS5	BBS5	full-splice_match	YES	17.55	13.55	14.69
PB.3659.11	Protein_PB.3659.11	NOSTRIN	NOSTRIN	novel_not_in_catalog	YES	18.55	15.17	17.17
PB.3659.3	Protein_PB.3659.3	NOSTRIN	NOSTRIN	full-splice_match	YES	43.08	20.76	20.17
PB.3660.1	Protein_PB.3660.1	CERS6	CERS6	full-splice_match	YES	42.54	27.0	30.87
PB.3662.3	Protein_PB.3662.3	B3GALT1	B3GALT1	novel_not_in_catalog	YES	82.04	155.05	106.24
PB.3662.4	Protein_PB.3662.4	B3GALT1	B3GALT1	novel_not_in_catalog	YES	16.81	9.97	34.73
PB.3663.1	Protein_PB.3663.1	XIRP2	XIRP2	novel_not_in_catalog	YES	25204.32	21254.66	28887.2
PB.3663.2	Protein_PB.3663.2	XIRP2	XIRP2	novel_not_in_catalog	YES	82.75	56.78	69.41
PB.3663.6	Protein_PB.3663.6	XIRP2	XIRP2	novel_not_in_catalog	YES	3318.62	2538.57	3242.07
PB.3663.7	Protein_PB.3663.7	XIRP2	XIRP2	novel_not_in_catalog	YES	741.4	689.88	1626.99
PB.3663.8	Protein_PB.3663.8	XIRP2	XIRP2	novel_not_in_catalog	YES	988.34	869.46	820.6
PB.3674.1	Protein_PB.3674.1	GCA	GCA	full-splice_match	YES	48.49	42.35	44.63
PB.3679.1	Protein_PB.3679.1	PSMD14	PSMD14	full-splice_match	YES	7.26	19.07	8.12
PB.3679.5	Protein_PB.3679.5	PSMD14	PSMD14	full-splice_match	YES	201.33	271.66	228.73
PB.3679.6	Protein_PB.3679.6	PSMD14	PSMD14	novel_not_in_catalog	YES	180.9	196.95	169.41
PB.3680.11	Protein_PB.3680.11	TANK	TANK	novel_not_in_catalog	YES	20.47	5.25	8.53
PB.3680.4	Protein_PB.3680.4	TANK	TANK	full-splice_match	YES	65.13	89.55	66.56
PB.3682.1	Protein_PB.3682.1	MARCH7	MARCH7	full-splice_match	YES	305.37	338.33	288.17
PB.3682.4	Protein_PB.3682.4	MARCH7	MARCH7	full-splice_match	YES	62.11	47.19	45.54
PB.3682.5	Protein_PB.3682.5	MARCH7	MARCH7	incomplete-splice_match	YES	554.09	662.71	601.19
PB.3682.8	Protein_PB.3682.8	MARCH7	MARCH7	incomplete-splice_match	YES	21.96	22.54	20.8
PB.3684.2	Protein_PB.3684.2	LOC113250856_TANC1	LOC113250856_TANC1	fusion	YES	123.17	81.65	102.73
PB.3690.1	Protein_PB.3690.1	PKP4	PKP4	full-splice_match	YES	89.85	75.99	64.83
PB.3690.3	Protein_PB.3690.3	PKP4	PKP4	full-splice_match	YES	15.07	21.6	33.07
PB.3690.5	Protein_PB.3690.5	PKP4	PKP4	full-splice_match	YES	59.95	53.34	68.24
PB.3690.6	Protein_PB.3690.6	PKP4	PKP4	full-splice_match	YES	24.02	37.53	8.57
PB.3690.7	Protein_PB.3690.7	PKP4	PKP4	novel_in_catalog	YES	57.87	30.92	61.9
PB.3690.9	Protein_PB.3690.9	PKP4	PKP4	incomplete-splice_match	YES	47.02	32.05	32.22
PB.3693.1	Protein_PB.3693.1	GPD2	GPD2	full-splice_match	YES	168.99	149.48	121.21
PB.3693.3	Protein_PB.3693.3	GPD2	GPD2	novel_not_in_catalog	YES	101.93	77.91	109.87
PB.3693.4	Protein_PB.3693.4	GPD2	GPD2	full-splice_match	YES	93.2	72.81	101.14
PB.3693.8	Protein_PB.3693.8	GPD2	GPD2	novel_not_in_catalog	YES	12.15	10.44	54.73
PB.3698.1	Protein_PB.3698.1	KCNJ3	KCNJ3	full-splice_match	YES	81.57	92.22	84.6
PB.37.1		CSTB	CSTB	full-splice_match	NO	136.4	167.11	135.79
PB.3701.2	Protein_PB.3701.2	FMNL2	FMNL2	full-splice_match	YES	19.83	14.75	11.68
PB.3701.5	Protein_PB.3701.5	FMNL2	FMNL2	full-splice_match	YES	54.38	43.7	58.13
PB.3704.2	Protein_PB.3704.2	RIF1	RIF1	full-splice_match	YES	24.45	30.39	8.44
PB.3704.3	Protein_PB.3704.3	RIF1	RIF1	full-splice_match	YES	37.46	45.99	46.22
PB.3704.4	Protein_PB.3704.4	RIF1	RIF1	full-splice_match	YES	13.07	30.76	66.7
PB.3704.5	Protein_PB.3704.5	RIF1	RIF1	incomplete-splice_match	YES	111.17	109.57	108.71
PB.3704.6	Protein_PB.3704.6	RIF1	RIF1	incomplete-splice_match	YES	101.63	149.32	118.47
PB.3704.7	Protein_PB.3704.7	RIF1	RIF1	novel_not_in_catalog	YES	61.51	23.37	41.88
PB.3705.1	Protein_PB.3705.1	TNFAIP6	TNFAIP6	full-splice_match	YES	20.43	9.79	18.35
PB.3716.3	Protein_PB.3716.3	EPC2	EPC2	full-splice_match	YES	19.82	9.66	24.69
PB.3716.4	Protein_PB.3716.4	EPC2	EPC2	full-splice_match	YES	196.15	203.46	207.45
PB.3718.5	Protein_PB.3718.5	MBD5_LOC113250909	MBD5_LOC113250909	fusion	YES	10.83	24.47	22.57
PB.3718.6	Protein_PB.3718.6	MBD5_LOC113250909	MBD5_LOC113250909	fusion	YES	26.87	14.07	24.81
PB.3719.2	Protein_PB.3719.2	ACVR2A	ACVR2A	full-splice_match	YES	192.81	181.03	224.51
PB.3719.3	Protein_PB.3719.3	ACVR2A	ACVR2A	novel_in_catalog	YES	16.69	14.49	22.39
PB.3720.1	Protein_PB.3720.1	FAM168B	FAM168B	full-splice_match	YES	148.08	97.88	224.29
PB.3720.4	Protein_PB.3720.4	FAM168B	FAM168B	full-splice_match	YES	85.7	97.74	82.44
PB.3723.2	Protein_PB.3723.2	IMP4	IMP4	novel_not_in_catalog	YES	403.91	438.77	227.95
PB.3723.4	Protein_PB.3723.4	IMP4	IMP4	novel_in_catalog	YES	27.72	27.54	12.77
PB.3723.6	Protein_PB.3723.6	IMP4	IMP4	full-splice_match	YES	43.48	46.53	55.87
PB.3723.7	Protein_PB.3723.7	IMP4	IMP4	novel_in_catalog	YES	15.82	24.88	17.94
PB.3723.8	Protein_PB.3723.8	IMP4	IMP4	novel_not_in_catalog	YES	10.45	24.21	12.77
PB.3723.9	Protein_PB.3723.9	IMP4	IMP4	novel_not_in_catalog	YES	91.14	85.11	53.64
PB.3733.1	Protein_PB.3733.1	PARP4	PARP4	incomplete-splice_match	YES	23.59	11.16	23.8
PB.3733.2	Protein_PB.3733.2	PARP4	PARP4	incomplete-splice_match	YES	154.57	161.09	176.02
PB.3733.3	Protein_PB.3733.3	PARP4	PARP4	novel_in_catalog	YES	116.12	70.04	78.62
PB.3733.5	Protein_PB.3733.5	PARP4	PARP4	novel_not_in_catalog	YES	25.9	39.38	9.06
PB.3733.6	Protein_PB.3733.6	PARP4	PARP4	novel_not_in_catalog	YES	95.07	98.41	66.53
PB.3733.7	Protein_PB.3733.7	PARP4	PARP4	incomplete-splice_match	YES	49.71	41.55	62.83
PB.3734.4	Protein_PB.3734.4	MPHOSPH8	MPHOSPH8	novel_in_catalog	YES	89.19	93.23	102.5
PB.3734.5	Protein_PB.3734.5	MPHOSPH8	MPHOSPH8	full-splice_match	YES	79.31	79.41	114.1
PB.3735.2	Protein_PB.3735.2	ZMYM2	ZMYM2	novel_not_in_catalog	YES	70.62	78.38	39.54
PB.3735.3	Protein_PB.3735.3	ZMYM2	ZMYM2	novel_not_in_catalog	YES	97.68	127.49	84.24
PB.3735.4	Protein_PB.3735.4	ZMYM2	ZMYM2	novel_not_in_catalog	YES	37.55	37.36	34.45
PB.3735.5	Protein_PB.3735.5	ZMYM2	ZMYM2	novel_not_in_catalog	YES	47.81	53.68	27.95
PB.3735.6	Protein_PB.3735.6	ZMYM2	ZMYM2	novel_not_in_catalog	YES	58.73	81.17	90.5
PB.3735.8	Protein_PB.3735.8	ZMYM2	ZMYM2	novel_not_in_catalog	YES	170.35	186.17	152.33
PB.3735.9	Protein_PB.3735.9	ZMYM2	ZMYM2	novel_not_in_catalog	YES	66.29	66.8	184.79
PB.3740.4	Protein_PB.3740.4	IFT88	IFT88	full-splice_match	YES	161.08	167.02	181.96
PB.3741.1	Protein_PB.3741.1	IL17D	IL17D	full-splice_match	YES	10.29	13.3	19.42
PB.3743.1		LOC113251174	LOC113251174	full-splice_match	NO	90.92	117.53	92.8
PB.3744.1	Protein_PB.3744.1	SAP18	SAP18	full-splice_match	YES	378.75	417.73	430.0
PB.3744.2	Protein_PB.3744.2	SAP18	SAP18	novel_in_catalog	YES	15.33	20.39	24.86
PB.3744.3	Protein_PB.3744.3	SAP18	SAP18	novel_not_in_catalog	YES	14.34	18.65	44.69
PB.3745.1	Protein_PB.3745.1	MRPL57	MRPL57	full-splice_match	YES	182.82	200.39	223.93
PB.3745.2	Protein_PB.3745.2	MRPL57	MRPL57	full-splice_match	YES	66.19	65.97	79.81
PB.3747.1	Protein_PB.3747.1	FGF9	FGF9	full-splice_match	YES	20.03	29.51	26.51
PB.375.1	Protein_PB.375.1	MB21D2	MB21D2	full-splice_match	YES	75.48	96.22	82.97
PB.3750.11	Protein_PB.3750.11	SGCG	SGCG	incomplete-splice_match	YES	401.31	490.59	288.31
PB.3750.3	Protein_PB.3750.3	SGCG	SGCG	full-splice_match	YES	230.03	302.65	208.55
PB.3750.8	Protein_PB.3750.8	SGCG	SGCG	novel_in_catalog	YES	22.31	37.02	37.26
PB.3751.1	Protein_PB.3751.1	TNFRSF19	TNFRSF19	novel_not_in_catalog	YES	19.18	8.25	10.33
PB.3751.5	Protein_PB.3751.5	TNFRSF19	TNFRSF19	full-splice_match	YES	21.09	23.3	29.47
PB.3752.1	Protein_PB.3752.1	NUP58	NUP58	full-splice_match	YES	106.0	111.19	96.5
PB.3752.3	Protein_PB.3752.3	NUP58	NUP58	incomplete-splice_match	YES	34.91	42.14	35.24
PB.3755.1	Protein_PB.3755.1	CDK8	CDK8	full-splice_match	YES	22.64	23.1	18.9
PB.3755.2	Protein_PB.3755.2	CDK8	CDK8	full-splice_match	YES	31.45	25.72	19.52
PB.3755.5		CDK8	CDK8	novel_not_in_catalog	NO	15.02	13.62	21.54
PB.3756.1	Protein_PB.3756.1	WASF3	WASF3	full-splice_match	YES	25.27	18.2	31.95
PB.3756.5	Protein_PB.3756.5	WASF3	WASF3	incomplete-splice_match	YES	38.66	29.24	51.54
PB.3761.1	Protein_PB.3761.1	RPL21	RPL21	full-splice_match	YES	6992.31	6920.82	10311.98
PB.3761.2	Protein_PB.3761.2	RPL21	RPL21	full-splice_match	YES	290.02	232.16	243.14
PB.3766.4	Protein_PB.3766.4	GTF3A	GTF3A	novel_in_catalog	YES	329.09	328.54	381.57
PB.3766.7	Protein_PB.3766.7	GTF3A	GTF3A	full-splice_match	YES	44.45	47.37	71.37
PB.3767.1	Protein_PB.3767.1	LOC113251208	LOC113251208	novel_not_in_catalog	YES	75.53	66.71	67.58
PB.3767.3	Protein_PB.3767.3	POLR1D	POLR1D	full-splice_match	YES	157.32	130.27	126.11
PB.3767.4	Protein_PB.3767.4	LOC113251208	LOC113251208	full-splice_match	YES	102.29	107.13	115.5
PB.3771.1	Protein_PB.3771.1	PAN3	PAN3	full-splice_match	YES	36.6	34.6	32.1
PB.3771.2	Protein_PB.3771.2	PAN3	PAN3	full-splice_match	YES	60.2	47.26	79.09
PB.3771.8	Protein_PB.3771.8	PAN3	PAN3	novel_not_in_catalog	YES	10.12	11.56	19.28
PB.3773.2	Protein_PB.3773.2	POMP	POMP	incomplete-splice_match	YES	17.04	18.16	15.6
PB.3773.3	Protein_PB.3773.3	POMP	POMP	full-splice_match	YES	195.88	239.26	180.42
PB.3773.4		POMP	POMP	novel_not_in_catalog	NO	46.73	80.6	58.7
PB.3773.6	Protein_PB.3773.6	POMP	POMP	full-splice_match	YES	403.5	479.93	314.28
PB.3780.1	Protein_PB.3780.1	USPL1	USPL1	full-splice_match	YES	42.11	30.4	29.99
PB.3780.4	Protein_PB.3780.4	USPL1	USPL1	novel_not_in_catalog	YES	44.63	26.9	18.93
PB.3780.5	Protein_PB.3780.5	USPL1	USPL1	full-splice_match	YES	8.99	35.65	32.68
PB.3780.6	Protein_PB.3780.6	USPL1	USPL1	full-splice_match	YES	53.69	67.97	39.24
PB.3780.7	Protein_PB.3780.7	USPL1	USPL1	novel_not_in_catalog	YES	60.47	46.01	41.42
PB.3784.1	Protein_PB.3784.1	MEDAG	MEDAG	full-splice_match	YES	297.33	196.57	238.6
PB.3787.1	Protein_PB.3787.1	B3GLCT	B3GLCT	full-splice_match	YES	55.18	39.54	33.49
PB.3790.1	Protein_PB.3790.1	FRY	FRY	full-splice_match	YES	863.98	812.05	519.03
PB.3790.6	Protein_PB.3790.6	FRY	FRY	incomplete-splice_match	YES	12.06	20.03	14.52
PB.3790.7	Protein_PB.3790.7	FRY	FRY	incomplete-splice_match	YES	18.74	12.73	7.98
PB.3792.1	Protein_PB.3792.1	PDS5B	PDS5B	incomplete-splice_match	YES	60.9	39.32	50.29
PB.3792.6	Protein_PB.3792.6	PDS5B	PDS5B	full-splice_match	YES	50.8	44.51	81.56
PB.3792.7	Protein_PB.3792.7	PDS5B	PDS5B	full-splice_match	YES	15.87	10.25	19.47
PB.3796.1		novelGene_LOC113251251_AS	novelGene_LOC113251251_AS	antisense	NO	35.13	35.09	27.92
PB.3797.1	Protein_PB.3797.1	novelGene_LOC113251253_AS	novelGene_LOC113251253_AS	antisense	YES	21.39	15.63	14.94
PB.3798.1	Protein_PB.3798.1	RFC3	RFC3	full-splice_match	YES	52.71	59.78	34.73
PB.3799.1	Protein_PB.3799.1	NBEA	NBEA	full-splice_match	YES	148.66	123.78	255.43
PB.3803.2	Protein_PB.3803.2	RFXAP	RFXAP	incomplete-splice_match	YES	27.86	25.38	26.45
PB.3804.1	Protein_PB.3804.1	EXOSC8	EXOSC8	full-splice_match	YES	69.34	90.43	80.77
PB.3807.2	Protein_PB.3807.2	UFM1	UFM1	novel_not_in_catalog	YES	25.27	41.42	23.97
PB.3807.3	Protein_PB.3807.3	UFM1	UFM1	novel_not_in_catalog	YES	44.68	16.47	45.46
PB.3807.4	Protein_PB.3807.4	UFM1_LOC113251270	UFM1_LOC113251270	full-splice_match	YES	63.88	70.37	56.67
PB.3807.6		UFM1	UFM1	novel_not_in_catalog	NO	120.16	102.99	112.26
PB.3807.7	Protein_PB.3807.7	UFM1_LOC113251270	UFM1_LOC113251270	fusion	YES	32.48	29.48	40.62
PB.3807.8		UFM1_LOC113251270	UFM1_LOC113251270	fusion	NO	6.87	6.62	19.19
PB.3809.1	Protein_PB.3809.1	FREM2	FREM2	full-splice_match	YES	230.89	167.41	142.51
PB.3810.2	Protein_PB.3810.2	NHLRC3	NHLRC3	full-splice_match	YES	29.66	27.8	32.9
PB.3811.1	Protein_PB.3811.1	COG6	COG6	full-splice_match	YES	92.05	80.99	72.96
PB.3811.2	Protein_PB.3811.2	COG6	COG6	novel_not_in_catalog	YES	12.81	15.96	18.53
PB.3811.3	Protein_PB.3811.3	COG6	COG6	full-splice_match	YES	167.48	202.31	92.99
PB.3811.4	Protein_PB.3811.4	COG6	COG6	full-splice_match	YES	90.64	88.02	89.59
PB.3816.2	Protein_PB.3816.2	SLC25A15	SLC25A15	novel_not_in_catalog	YES	96.33	121.97	85.43
PB.3816.4	Protein_PB.3816.4	SLC25A15	SLC25A15	novel_in_catalog	YES	42.13	25.15	33.47
PB.3816.6	Protein_PB.3816.6	SLC25A15	SLC25A15	full-splice_match	YES	28.86	31.4	16.8
PB.3821.1	Protein_PB.3821.1	ATP7B	ATP7B	novel_not_in_catalog	YES	10.61	8.33	20.92
PB.3826.5	Protein_PB.3826.5	INTS6	INTS6	novel_not_in_catalog	YES	14.61	14.26	36.4
PB.3826.6	Protein_PB.3826.6	INTS6	INTS6	novel_not_in_catalog	YES	116.19	127.55	72.41
PB.3826.7	Protein_PB.3826.7	INTS6	INTS6	full-splice_match	YES	93.18	102.81	104.3
PB.3834.1		LOC113251308	LOC113251308	full-splice_match	NO	18.17	19.27	23.33
PB.3836.2	Protein_PB.3836.2	SPRYD7	SPRYD7	full-splice_match	YES	230.35	279.62	312.0
PB.3836.5	Protein_PB.3836.5	SPRYD7	SPRYD7	novel_not_in_catalog	YES	42.11	36.34	40.21
PB.3837.1	Protein_PB.3837.1	KPNA3	KPNA3	full-splice_match	YES	304.14	318.79	498.43
PB.3837.2	Protein_PB.3837.2	KPNA3	KPNA3	full-splice_match	YES	769.05	656.13	987.22
PB.3837.3	Protein_PB.3837.3	KPNA3	KPNA3	incomplete-splice_match	YES	423.97	637.64	823.75
PB.3838.1	Protein_PB.3838.1	EBPL	EBPL	full-splice_match	YES	39.76	43.61	59.61
PB.3839.1	Protein_PB.3839.1	RCBTB1	RCBTB1	full-splice_match	YES	48.2	41.64	30.2
PB.3839.7	Protein_PB.3839.7	RCBTB1	RCBTB1	novel_not_in_catalog	YES	39.37	45.45	36.28
PB.3839.8	Protein_PB.3839.8	RCBTB1	RCBTB1	novel_in_catalog	YES	41.66	35.76	15.84
PB.384.1	Protein_PB.384.1	CLDN1	CLDN1	full-splice_match	YES	20.24	9.86	24.94
PB.3840.11	Protein_PB.3840.11	CAB39L	CAB39L	novel_in_catalog	YES	21.55	23.12	22.35
PB.3840.3		CAB39L	CAB39L	novel_not_in_catalog	NO	13.67	13.35	18.13
PB.3841.10		novelGene_493	novelGene_493	intergenic	NO	57.8	35.36	25.96
PB.3841.5		novelGene_488	novelGene_488	intergenic	NO	10.36	29.83	35.4
PB.3841.6		novelGene_489	novelGene_489	intergenic	NO	50.54	53.91	74.27
PB.3843.1	Protein_PB.3843.1	RCBTB2	RCBTB2	novel_in_catalog	YES	33.94	22.62	19.58
PB.3843.13	Protein_PB.3843.13	RCBTB2	RCBTB2	novel_in_catalog	YES	103.77	83.98	41.4
PB.3843.14	Protein_PB.3843.14	RCBTB2	RCBTB2	full-splice_match	YES	23.02	22.81	19.91
PB.3843.3	Protein_PB.3843.3	RCBTB2	RCBTB2	full-splice_match	YES	54.32	36.76	35.26
PB.3843.5	Protein_PB.3843.5	RCBTB2	RCBTB2	full-splice_match	YES	14.52	49.06	51.97
PB.3843.8	Protein_PB.3843.8	RCBTB2	RCBTB2	full-splice_match	YES	0.0	20.27	55.97
PB.3844.1	Protein_PB.3844.1	LPAR6	LPAR6	full-splice_match	YES	48.41	63.93	39.5
PB.3848.2	Protein_PB.3848.2	MED4	MED4	full-splice_match	YES	66.17	76.47	66.38
PB.3848.3	Protein_PB.3848.3	MED4	MED4	novel_not_in_catalog	YES	52.89	51.37	61.64
PB.3849.1	Protein_PB.3849.1	SUCLA2	SUCLA2	novel_not_in_catalog	YES	107.33	76.3	19.84
PB.3849.2	Protein_PB.3849.2	SUCLA2	SUCLA2	full-splice_match	YES	6335.31	7014.87	4240.98
PB.3849.4	Protein_PB.3849.4	SUCLA2	SUCLA2	novel_not_in_catalog	YES	7.96	11.27	24.44
PB.3849.5	Protein_PB.3849.5	SUCLA2	SUCLA2	novel_in_catalog	YES	188.7	261.63	129.53
PB.385.1	Protein_PB.385.1	P3H2	P3H2	full-splice_match	YES	17.18	15.74	16.95
PB.3855.1	Protein_PB.3855.1	ESD	ESD	novel_in_catalog	YES	31.92	28.18	33.21
PB.3855.4	Protein_PB.3855.4	ESD	ESD	full-splice_match	YES	338.8	440.13	440.79
PB.3855.7	Protein_PB.3855.7	ESD	ESD	full-splice_match	YES	704.93	697.22	810.71
PB.3858.5	Protein_PB.3858.5	LCP1	LCP1	full-splice_match	YES	46.04	42.44	58.08
PB.3858.8	Protein_PB.3858.8	LCP1	LCP1	incomplete-splice_match	YES	20.44	15.62	28.6
PB.3860.1	Protein_PB.3860.1	ZC3H13	ZC3H13	incomplete-splice_match	YES	18.53	14.52	16.2
PB.3860.2	Protein_PB.3860.2	ZC3H13	ZC3H13	full-splice_match	YES	78.26	65.24	21.35
PB.3860.3	Protein_PB.3860.3	ZC3H13	ZC3H13	full-splice_match	YES	210.3	218.53	283.92
PB.3860.4	Protein_PB.3860.4	ZC3H13	ZC3H13	full-splice_match	YES	71.51	55.98	97.56
PB.3860.5	Protein_PB.3860.5	ZC3H13	ZC3H13	novel_not_in_catalog	YES	41.36	31.6	72.87
PB.3860.8	Protein_PB.3860.8	ZC3H13	ZC3H13	incomplete-splice_match	YES	23.88	22.28	31.39
PB.3862.1	Protein_PB.3862.1	TPT1	TPT1	novel_in_catalog	YES	764.67	772.55	1006.13
PB.3862.2	Protein_PB.3862.2	TPT1	TPT1	incomplete-splice_match	YES	62.28	77.45	75.05
PB.3862.3	Protein_PB.3862.3	TPT1	TPT1	incomplete-splice_match	YES	113.71	91.59	99.61
PB.3862.4	Protein_PB.3862.4	TPT1	TPT1	novel_in_catalog	YES	4239.45	3517.58	10211.5
PB.3862.5	Protein_PB.3862.5	TPT1	TPT1	full-splice_match	YES	35333.41	36454.29	47253.23
PB.3862.6	Protein_PB.3862.6	TPT1	TPT1	full-splice_match	YES	13519.23	14502.79	12375.19
PB.3862.8	Protein_PB.3862.8	TPT1	TPT1	incomplete-splice_match	YES	31899.26	31931.95	36751.63
PB.3863.1		novelGene_500	novelGene_500	intergenic	NO	23.21	25.44	25.98
PB.3865.1	Protein_PB.3865.1	NUFIP1	NUFIP1	full-splice_match	YES	104.6	104.72	110.87
PB.3867.1	Protein_PB.3867.1	TSC22D1	TSC22D1	novel_not_in_catalog	YES	257.33	351.48	119.52
PB.3867.11		TSC22D1	TSC22D1	full-splice_match	NO	112.48	121.15	232.92
PB.3867.13		TSC22D1	TSC22D1	novel_in_catalog	NO	141.62	93.1	236.68
PB.3867.15	Protein_PB.3867.15	TSC22D1	TSC22D1	full-splice_match	YES	85.63	63.47	128.6
PB.3867.6	Protein_PB.3867.6	TSC22D1	TSC22D1	full-splice_match	YES	289.49	389.35	166.09
PB.3870.3	Protein_PB.3870.3	ENOX1	ENOX1	full-splice_match	YES	19.41	13.15	22.98
PB.3874.1	Protein_PB.3874.1	VWA8	VWA8	full-splice_match	YES	641.79	733.43	468.16
PB.3874.2	Protein_PB.3874.2	VWA8	VWA8	incomplete-splice_match	YES	424.85	537.39	381.2
PB.3874.3	Protein_PB.3874.3	VWA8	VWA8	incomplete-splice_match	YES	319.96	421.02	360.29
PB.3875.4	Protein_PB.3875.4	MTRF1	MTRF1	novel_not_in_catalog	YES	25.9	17.89	16.93
PB.3875.5	Protein_PB.3875.5	MTRF1	MTRF1	full-splice_match	YES	60.75	56.05	43.61
PB.3876.2	Protein_PB.3876.2	KBTBD7	KBTBD7	full-splice_match	YES	70.4	72.65	68.82
PB.3877.1	Protein_PB.3877.1	LOC113251097	LOC113251097	full-splice_match	YES	23.99	15.83	22.03
PB.3878.1	Protein_PB.3878.1	ELF1	ELF1	full-splice_match	YES	98.35	68.37	74.7
PB.3878.6	Protein_PB.3878.6	ELF1	ELF1	novel_not_in_catalog	YES	14.06	21.93	36.3
PB.3878.9	Protein_PB.3878.9	ELF1	ELF1	incomplete-splice_match	YES	23.65	6.45	18.66
PB.3881.1	Protein_PB.3881.1	SUGT1	SUGT1	full-splice_match	YES	156.55	175.08	144.59
PB.3881.2	Protein_PB.3881.2	SUGT1	SUGT1	incomplete-splice_match	YES	67.18	59.98	55.01
PB.3892.4	Protein_PB.3892.4	PCDH17	PCDH17	full-splice_match	YES	35.41	12.85	20.87
PB.3894.2	Protein_PB.3894.2	TDRD3	TDRD3	novel_not_in_catalog	YES	49.55	45.18	50.05
PB.3894.3	Protein_PB.3894.3	TDRD3	TDRD3	novel_not_in_catalog	YES	16.89	20.3	13.19
PB.3894.4	Protein_PB.3894.4	TDRD3	TDRD3	full-splice_match	YES	20.05	52.47	50.47
PB.3894.6	Protein_PB.3894.6	TDRD3	TDRD3	incomplete-splice_match	YES	15.52	23.17	24.07
PB.3894.7	Protein_PB.3894.7	TDRD3	TDRD3	full-splice_match	YES	154.28	107.98	67.96
PB.390.3	Protein_PB.390.3	BCL6	BCL6	full-splice_match	YES	203.64	252.63	435.03
PB.390.4	Protein_PB.390.4	BCL6	BCL6	full-splice_match	YES	43.32	28.7	60.98
PB.390.6	Protein_PB.390.6	BCL6	BCL6	full-splice_match	YES	30.46	34.34	52.84
PB.3916.1	Protein_PB.3916.1	KLF5	KLF5	full-splice_match	YES	31.32	30.25	34.39
PB.3921.2	Protein_PB.3921.2	UCHL3	UCHL3	full-splice_match	YES	170.51	133.95	189.07
PB.3923.11	Protein_PB.3923.11	LMO7	LMO7	novel_not_in_catalog	YES	592.62	729.85	629.45
PB.3923.12	Protein_PB.3923.12	LMO7	LMO7	novel_not_in_catalog	YES	695.33	622.21	838.85
PB.3923.14	Protein_PB.3923.14	LMO7	LMO7	novel_not_in_catalog	YES	240.99	252.32	241.94
PB.3923.15	Protein_PB.3923.15	LMO7	LMO7	novel_not_in_catalog	YES	117.38	100.38	536.99
PB.3923.16	Protein_PB.3923.16	LMO7	LMO7	novel_not_in_catalog	YES	97.67	64.93	104.9
PB.3923.19	Protein_PB.3923.19	LMO7	LMO7	novel_not_in_catalog	YES	294.18	178.67	147.06
PB.3923.2	Protein_PB.3923.2	LMO7	LMO7	full-splice_match	YES	27.05	11.81	45.73
PB.3923.22	Protein_PB.3923.22	LMO7	LMO7	novel_not_in_catalog	YES	72.99	488.3	412.04
PB.3923.23	Protein_PB.3923.23	LMO7	LMO7	novel_not_in_catalog	YES	209.73	116.24	129.76
PB.3923.3	Protein_PB.3923.3	LMO7	LMO7	full-splice_match	YES	32.88	31.04	39.8
PB.3925.6	Protein_PB.3925.6	CLN5	CLN5	incomplete-splice_match	YES	101.08	105.92	92.51
PB.3926.1	Protein_PB.3926.1	SCEL	SCEL	full-splice_match	YES	33.42	33.78	50.66
PB.393.12	Protein_PB.393.12	MASP1	MASP1	novel_not_in_catalog	YES	24.5	45.59	9.71
PB.393.5	Protein_PB.393.5	MASP1	MASP1	novel_not_in_catalog	YES	15.93	16.93	5.96
PB.3932.1	Protein_PB.3932.1	NDFIP2	NDFIP2	full-splice_match	YES	248.13	330.58	292.25
PB.3932.3	Protein_PB.3932.3	NDFIP2	NDFIP2	novel_in_catalog	YES	36.28	50.99	32.67
PB.3941.1		novelGene_528	novelGene_528	intergenic	NO	18.69	14.14	6.92
PB.395.7	Protein_PB.395.7	RFC4	RFC4	full-splice_match	YES	42.1	47.62	36.2
PB.3957.1	Protein_PB.3957.1	GPC6	GPC6	full-splice_match	YES	90.65	55.62	58.89
PB.3958.3	Protein_PB.3958.3	GPR180	GPR180	full-splice_match	YES	10.31	17.41	15.11
PB.3958.4	Protein_PB.3958.4	GPR180	GPR180	novel_not_in_catalog	YES	20.14	16.75	12.16
PB.3961.2	Protein_PB.3961.2	DNAJC3	DNAJC3	full-splice_match	YES	227.95	151.67	124.24
PB.3961.3	Protein_PB.3961.3	DNAJC3	DNAJC3	novel_not_in_catalog	YES	8.49	20.75	53.46
PB.3961.4	Protein_PB.3961.4	DNAJC3	DNAJC3	incomplete-splice_match	YES	72.24	85.2	91.36
PB.3961.5	Protein_PB.3961.5	DNAJC3	DNAJC3	incomplete-splice_match	YES	25.74	68.7	45.58
PB.3964.10	Protein_PB.3964.10	MBNL2	MBNL2	novel_in_catalog	YES	20.43	27.46	25.41
PB.3964.14	Protein_PB.3964.14	MBNL2	MBNL2	full-splice_match	YES	404.72	512.5	651.85
PB.3964.15	Protein_PB.3964.15	MBNL2	MBNL2	full-splice_match	YES	77.39	107.43	21.04
PB.3964.2	Protein_PB.3964.2	MBNL2	MBNL2	full-splice_match	YES	26.18	62.1	89.94
PB.3964.22		MBNL2	MBNL2	incomplete-splice_match	NO	11.56	9.03	22.09
PB.3964.3	Protein_PB.3964.3	MBNL2	MBNL2	full-splice_match	YES	891.24	781.24	579.28
PB.3964.6	Protein_PB.3964.6	MBNL2	MBNL2	incomplete-splice_match	YES	11.72	11.57	18.54
PB.3964.8	Protein_PB.3964.8	MBNL2	MBNL2	incomplete-splice_match	YES	44.08	33.72	79.51
PB.3965.1	Protein_PB.3965.1	RAP2A	RAP2A	full-splice_match	YES	48.69	33.18	53.67
PB.3966.1	Protein_PB.3966.1	IPO5	IPO5	incomplete-splice_match	YES	146.39	140.59	182.77
PB.3966.10	Protein_PB.3966.10	IPO5	IPO5	incomplete-splice_match	YES	1150.02	1134.09	1337.87
PB.3966.11	Protein_PB.3966.11	IPO5	IPO5	incomplete-splice_match	YES	681.76	753.38	653.97
PB.3966.2	Protein_PB.3966.2	IPO5	IPO5	full-splice_match	YES	110.86	119.01	101.58
PB.3966.3	Protein_PB.3966.3	IPO5	IPO5	incomplete-splice_match	YES	537.44	689.5	498.53
PB.3966.6	Protein_PB.3966.6	IPO5	IPO5	novel_not_in_catalog	YES	360.53	314.18	368.62
PB.3966.8	Protein_PB.3966.8	IPO5	IPO5	novel_not_in_catalog	YES	169.26	147.17	123.25
PB.3967.2	Protein_PB.3967.2	FARP1	FARP1	full-splice_match	YES	168.3	77.44	116.68
PB.3967.3	Protein_PB.3967.3	FARP1	FARP1	full-splice_match	YES	37.03	14.05	20.21
PB.397.2	Protein_PB.397.2	TBCCD1	TBCCD1	full-splice_match	YES	65.7	70.86	58.21
PB.3972.1	Protein_PB.3972.1	UBAC2	UBAC2	full-splice_match	YES	31.69	32.01	34.18
PB.3972.4	Protein_PB.3972.4	UBAC2	UBAC2	full-splice_match	YES	564.96	651.23	456.37
PB.3974.1	Protein_PB.3974.1	TM9SF2	TM9SF2	full-splice_match	YES	6.44	11.94	23.0
PB.3974.3	Protein_PB.3974.3	TM9SF2	TM9SF2	novel_in_catalog	YES	253.99	228.16	239.06
PB.3974.4	Protein_PB.3974.4	TM9SF2	TM9SF2	incomplete-splice_match	YES	42.56	47.65	41.78
PB.3975.1	Protein_PB.3975.1	CLYBL	CLYBL	full-splice_match	YES	20.99	17.08	8.95
PB.3975.2	Protein_PB.3975.2	CLYBL	CLYBL	full-splice_match	YES	202.67	226.92	130.26
PB.3975.3	Protein_PB.3975.3	CLYBL	CLYBL	novel_not_in_catalog	YES	79.86	73.39	35.33
PB.3975.4	Protein_PB.3975.4	CLYBL	CLYBL	full-splice_match	YES	26.22	19.0	1.51
PB.3975.8	Protein_PB.3975.8	CLYBL	CLYBL	full-splice_match	YES	74.88	91.96	58.87
PB.3978.10	Protein_PB.3978.10	PCCA	PCCA	novel_not_in_catalog	YES	8.57	7.69	17.06
PB.3978.12	Protein_PB.3978.12	PCCA	PCCA	incomplete-splice_match	YES	18.98	54.08	16.18
PB.3978.5	Protein_PB.3978.5	PCCA	PCCA	full-splice_match	YES	20.62	33.2	29.14
PB.3978.6	Protein_PB.3978.6	PCCA	PCCA	full-splice_match	YES	102.47	135.15	36.7
PB.3981.1	Protein_PB.3981.1	ITGBL1	ITGBL1	full-splice_match	YES	80.34	27.66	62.34
PB.3983.2	Protein_PB.3983.2	TPP2	TPP2	full-splice_match	YES	375.86	472.38	350.74
PB.3983.3	Protein_PB.3983.3	TPP2	TPP2	full-splice_match	YES	39.04	24.66	3.78
PB.3983.7	Protein_PB.3983.7	TPP2	TPP2	novel_in_catalog	YES	239.65	338.56	202.15
PB.3983.8	Protein_PB.3983.8	TPP2	TPP2	incomplete-splice_match	YES	357.24	416.21	359.9
PB.3984.1		LOC113251517	LOC113251517	full-splice_match	NO	10.99	25.26	20.6
PB.3985.10	Protein_PB.3985.10	LOC113251518	LOC113251518	novel_in_catalog	YES	28.83	42.79	20.2
PB.3985.11	Protein_PB.3985.11	LOC113251518	LOC113251518	novel_not_in_catalog	YES	24.73	79.83	32.8
PB.3985.13	Protein_PB.3985.13	LOC113251518_LOC113251521	LOC113251518_LOC113251521	fusion	YES	14.42	23.78	17.11
PB.3985.14	Protein_PB.3985.14	LOC113251518	LOC113251518	incomplete-splice_match	YES	14.03	23.28	14.66
PB.3985.19	Protein_PB.3985.19	LOC113251518_LOC113251521	LOC113251518_LOC113251521	fusion	YES	35.64	34.68	4.31
PB.3985.21	Protein_PB.3985.21	LOC113251518	LOC113251518	incomplete-splice_match	YES	12.78	0.0	18.43
PB.3985.22	Protein_PB.3985.22	LOC113251521	LOC113251521	full-splice_match	YES	44.01	57.11	3.49
PB.3985.4	Protein_PB.3985.4	LOC113251518	LOC113251518	full-splice_match	YES	100.0	104.4	89.98
PB.3985.6	Protein_PB.3985.6	LOC113251518	LOC113251518	novel_not_in_catalog	YES	52.94	151.48	24.76
PB.3994.1	Protein_PB.3994.1	ABHD13	ABHD13	full-splice_match	YES	112.82	107.73	139.71
PB.3996.1	Protein_PB.3996.1	MYO16	MYO16	full-splice_match	YES	57.92	45.03	34.65
PB.3998.1	Protein_PB.3998.1	COL4A2	COL4A2	full-splice_match	YES	835.19	501.42	315.88
PB.40.1	Protein_PB.40.1	SIK1	SIK1	full-splice_match	YES	50.91	65.87	51.77
PB.40.2	Protein_PB.40.2	SIK1	SIK1	incomplete-splice_match	YES	13.63	25.89	20.54
PB.400.1	Protein_PB.400.1	ETV5	ETV5	full-splice_match	YES	30.86	19.77	29.99
PB.4000.19	Protein_PB.4000.19	NAXD	NAXD	full-splice_match	YES	18.5	12.91	23.91
PB.4000.3	Protein_PB.4000.3	NAXD	NAXD	full-splice_match	YES	145.05	148.36	146.79
PB.4001.1	Protein_PB.4001.1	ING1	ING1	full-splice_match	YES	162.89	170.82	219.4
PB.4002.13	Protein_PB.4002.13	PLEKHB2	PLEKHB2	novel_in_catalog	YES	99.04	107.17	223.91
PB.4002.14	Protein_PB.4002.14	PLEKHB2	PLEKHB2	novel_not_in_catalog	YES	18.72	33.23	35.78
PB.4002.2	Protein_PB.4002.2	PLEKHB2	PLEKHB2	full-splice_match	YES	579.0	755.73	723.28
PB.4002.4	Protein_PB.4002.4	PLEKHB2	PLEKHB2	novel_not_in_catalog	YES	514.15	494.95	852.87
PB.4002.5	Protein_PB.4002.5	PLEKHB2	PLEKHB2	novel_not_in_catalog	YES	59.59	38.08	28.1
PB.4002.8	Protein_PB.4002.8	PLEKHB2	PLEKHB2	full-splice_match	YES	276.47	450.97	214.96
PB.4002.9	Protein_PB.4002.9	PLEKHB2	PLEKHB2	full-splice_match	YES	748.44	823.63	932.57
PB.4009.7	Protein_PB.4009.7	LOC113251149_CCDC115	LOC113251149_CCDC115	full-splice_match	YES	389.52	425.19	335.95
PB.4011.1	Protein_PB.4011.1	CENPJ	CENPJ	full-splice_match	YES	28.83	28.02	25.1
PB.4011.2	Protein_PB.4011.2	CENPJ	CENPJ	novel_not_in_catalog	YES	22.76	25.76	18.72
PB.4014.1	Protein_PB.4014.1	PSPC1	PSPC1	full-splice_match	YES	121.24	104.6	102.61
PB.4015.15	Protein_PB.4015.15	ZMYM5	ZMYM5	novel_in_catalog	YES	10.63	26.43	25.13
PB.4015.17	Protein_PB.4015.17	ZMYM5	ZMYM5	incomplete-splice_match	YES	25.83	23.74	33.34
PB.4015.5	Protein_PB.4015.5	ZMYM5	ZMYM5	full-splice_match	YES	31.27	23.03	26.49
PB.402.1	Protein_PB.402.1	TRA2B	TRA2B	novel_not_in_catalog	YES	31.36	21.45	25.21
PB.402.2	Protein_PB.402.2	TRA2B	TRA2B	full-splice_match	YES	63.23	58.39	74.88
PB.402.3	Protein_PB.402.3	TRA2B	TRA2B	novel_not_in_catalog	YES	163.34	169.3	210.41
PB.402.4	Protein_PB.402.4	TRA2B	TRA2B	novel_not_in_catalog	YES	30.5	20.19	35.16
PB.402.5	Protein_PB.402.5	TRA2B	TRA2B	full-splice_match	YES	61.07	52.9	62.96
PB.4020.2	Protein_PB.4020.2	CRYL1	CRYL1	full-splice_match	YES	110.42	141.72	100.56
PB.4021.1	Protein_PB.4021.1	EEF1AKMT1	EEF1AKMT1	full-splice_match	YES	8.65	21.18	13.08
PB.4021.2	Protein_PB.4021.2	EEF1AKMT1	EEF1AKMT1	full-splice_match	YES	85.42	79.9	67.6
PB.4021.3	Protein_PB.4021.3	EEF1AKMT1	EEF1AKMT1	full-splice_match	YES	46.23	89.82	68.56
PB.4021.5	Protein_PB.4021.5	EEF1AKMT1	EEF1AKMT1	full-splice_match	YES	219.95	234.14	103.62
PB.4021.6		EEF1AKMT1	EEF1AKMT1	novel_in_catalog	NO	17.96	22.04	35.02
PB.4022.1	Protein_PB.4022.1	XPO4	XPO4	novel_in_catalog	YES	5708.83	8305.25	6684.39
PB.4022.5	Protein_PB.4022.5	XPO4	XPO4	full-splice_match	YES	73.08	174.75	440.61
PB.4022.6	Protein_PB.4022.6	XPO4	XPO4	novel_in_catalog	YES	2469.57	3736.5	2762.97
PB.4022.7	Protein_PB.4022.7	XPO4	XPO4	novel_in_catalog	YES	760.27	993.33	792.84
PB.4022.8	Protein_PB.4022.8	XPO4	XPO4	incomplete-splice_match	YES	113.71	162.58	77.75
PB.4023.1	Protein_PB.4023.1	LATS2	LATS2	full-splice_match	YES	267.63	236.09	289.5
PB.4025.1	Protein_PB.4025.1	ZDHHC20	ZDHHC20	novel_in_catalog	YES	22.9	18.76	26.91
PB.4025.3	Protein_PB.4025.3	ZDHHC20	ZDHHC20	full-splice_match	YES	36.95	42.73	38.38
PB.4025.5	Protein_PB.4025.5	ZDHHC20	ZDHHC20	full-splice_match	YES	37.08	35.09	35.84
PB.4025.7	Protein_PB.4025.7	ZDHHC20	ZDHHC20	full-splice_match	YES	19.41	11.96	12.33
PB.4025.8	Protein_PB.4025.8	ZDHHC20	ZDHHC20	full-splice_match	YES	28.0	22.13	22.59
PB.4026.1	Protein_PB.4026.1	MICU2	MICU2	full-splice_match	YES	312.32	399.0	228.65
PB.4026.4	Protein_PB.4026.4	MICU2	MICU2	novel_not_in_catalog	YES	22.28	17.2	28.24
PB.4026.5	Protein_PB.4026.5	MICU2	MICU2	novel_not_in_catalog	YES	42.67	26.8	33.55
PB.4026.8	Protein_PB.4026.8	MICU2	MICU2	full-splice_match	YES	93.7	103.2	82.7
PB.4027.1	Protein_PB.4027.1	SACS	SACS	full-splice_match	YES	1251.08	2086.33	1206.12
PB.4027.2	Protein_PB.4027.2	SACS	SACS	novel_not_in_catalog	YES	247.47	489.57	285.33
PB.4029.1	Protein_PB.4029.1	MIPEP	MIPEP	full-splice_match	YES	39.53	24.95	14.38
PB.4029.4	Protein_PB.4029.4	MIPEP	MIPEP	full-splice_match	YES	190.3	249.14	220.17
PB.4030.3	Protein_PB.4030.3	C1QTNF9	C1QTNF9	full-splice_match	YES	22.5	14.9	14.04
PB.4031.3	Protein_PB.4031.3	SPATA13	SPATA13	full-splice_match	YES	47.69	29.17	38.74
PB.4035.11	Protein_PB.4035.11	MTMR6	MTMR6	novel_not_in_catalog	YES	172.74	176.22	227.01
PB.4035.13	Protein_PB.4035.13	MTMR6	MTMR6	incomplete-splice_match	YES	292.14	363.27	348.53
PB.4035.4	Protein_PB.4035.4	MTMR6	MTMR6	full-splice_match	YES	55.21	82.45	55.54
PB.4035.6	Protein_PB.4035.6	MTMR6	MTMR6	novel_not_in_catalog	YES	109.88	131.14	80.13
PB.4035.9	Protein_PB.4035.9	MTMR6	MTMR6	novel_in_catalog	YES	402.88	488.96	412.04
PB.4036.1	Protein_PB.4036.1	SHISA2	SHISA2	full-splice_match	YES	43.68	28.82	112.74
PB.4038.10	Protein_PB.4038.10	RNF6	RNF6	novel_in_catalog	YES	92.12	57.77	78.36
PB.4038.4	Protein_PB.4038.4	RNF6	RNF6	full-splice_match	YES	46.86	84.03	77.44
PB.4038.5	Protein_PB.4038.5	RNF6	RNF6	full-splice_match	YES	94.35	67.07	73.79
PB.4038.7	Protein_PB.4038.7	RNF6	RNF6	novel_in_catalog	YES	17.89	15.76	18.0
PB.4038.8	Protein_PB.4038.8	RNF6	RNF6	novel_in_catalog	YES	56.92	116.46	87.13
PB.4042.3	Protein_PB.4042.3	USP12	USP12	full-splice_match	YES	271.64	296.97	232.52
PB.4043.2	Protein_PB.4043.2	MTIF3	MTIF3	full-splice_match	YES	238.88	227.03	191.02
PB.4043.3	Protein_PB.4043.3	MTIF3	MTIF3	full-splice_match	YES	93.47	73.51	25.6
PB.4043.6	Protein_PB.4043.6	MTIF3	MTIF3	novel_not_in_catalog	YES	75.77	71.44	58.42
PB.4045.1	Protein_PB.4045.1	LNX2	LNX2	full-splice_match	YES	32.84	18.28	35.35
PB.4045.3	Protein_PB.4045.3	LNX2	LNX2	novel_not_in_catalog	YES	104.42	82.04	53.55
PB.405.2	Protein_PB.405.2	TMEM41A	TMEM41A	full-splice_match	YES	66.38	65.16	55.12
PB.4051.1	Protein_PB.4051.1	FLT1	FLT1	full-splice_match	YES	548.29	446.4	416.73
PB.4051.6	Protein_PB.4051.6	FLT1	FLT1	incomplete-splice_match	YES	32.46	23.02	55.04
PB.4051.7	Protein_PB.4051.7	FLT1	FLT1	incomplete-splice_match	YES	147.94	142.54	146.71
PB.4053.1	Protein_PB.4053.1	SLC46A3	SLC46A3	full-splice_match	YES	49.06	68.73	42.11
PB.4054.5	Protein_PB.4054.5	SLC7A1	SLC7A1	novel_not_in_catalog	YES	27.47	13.71	31.91
PB.4055.1	Protein_PB.4055.1	UBL3	UBL3	full-splice_match	YES	602.01	561.91	520.08
PB.4057.1	Protein_PB.4057.1	KATNAL1	KATNAL1	novel_not_in_catalog	YES	36.27	35.55	44.04
PB.4057.2	Protein_PB.4057.2	KATNAL1	KATNAL1	full-splice_match	YES	57.43	29.74	52.77
PB.4057.5	Protein_PB.4057.5	KATNAL1	KATNAL1	full-splice_match	YES	85.67	136.31	92.02
PB.4057.6	Protein_PB.4057.6	KATNAL1	KATNAL1	full-splice_match	YES	14.04	11.65	26.85
PB.4058.1	Protein_PB.4058.1	HMGB1	HMGB1	full-splice_match	YES	93.19	89.21	90.23
PB.4058.2	Protein_PB.4058.2	HMGB1	HMGB1	full-splice_match	YES	749.64	768.57	889.57
PB.4058.3	Protein_PB.4058.3	HMGB1	HMGB1	novel_in_catalog	YES	337.71	311.37	393.6
PB.4059.6	Protein_PB.4059.6	novelGene_471	novelGene_471	intergenic	YES	12.14	18.85	14.69
PB.406.12	Protein_PB.406.12	EHHADH	EHHADH	full-splice_match	YES	322.6	429.31	211.57
PB.406.15	Protein_PB.406.15	EHHADH	EHHADH	incomplete-splice_match	YES	100.72	147.27	35.2
PB.406.7	Protein_PB.406.7	EHHADH	EHHADH	novel_in_catalog	YES	65.33	57.82	22.02
PB.406.8	Protein_PB.406.8	EHHADH	EHHADH	novel_not_in_catalog	YES	46.07	59.17	30.72
PB.406.9	Protein_PB.406.9	EHHADH	EHHADH	novel_not_in_catalog	YES	59.92	80.42	52.76
PB.4062.1	Protein_PB.4062.1	HSPH1	HSPH1	full-splice_match	YES	208.49	179.69	168.36
PB.4062.2	Protein_PB.4062.2	HSPH1	HSPH1	full-splice_match	YES	29.32	23.6	4.0
PB.407.1	Protein_PB.407.1	CUNH3orf70	CUNH3orf70	full-splice_match	YES	112.03	114.39	134.91
PB.4070.1	Protein_PB.4070.1	N4BP2L2	N4BP2L2	full-splice_match	YES	344.12	311.65	334.65
PB.4070.2	Protein_PB.4070.2	N4BP2L2	N4BP2L2	novel_in_catalog	YES	49.39	88.52	70.36
PB.4070.4	Protein_PB.4070.4	N4BP2L2	N4BP2L2	incomplete-splice_match	YES	215.72	293.06	230.19
PB.4070.5	Protein_PB.4070.5	N4BP2L2	N4BP2L2	incomplete-splice_match	YES	22.31	18.06	25.33
PB.4070.8	Protein_PB.4070.8	N4BP2L2	N4BP2L2	novel_in_catalog	YES	98.06	81.25	52.27
PB.4070.9	Protein_PB.4070.9	N4BP2L2	N4BP2L2	incomplete-splice_match	YES	20.92	14.74	19.93
PB.4072.1	Protein_PB.4072.1	STARD13	STARD13	novel_not_in_catalog	YES	31.99	38.4	30.99
PB.4072.3	Protein_PB.4072.3	STARD13	STARD13	full-splice_match	YES	18.0	8.92	6.49
PB.4072.4	Protein_PB.4072.4	STARD13	STARD13	novel_in_catalog	YES	40.03	19.53	48.73
PB.4076.2	Protein_PB.4076.2	MAB21L1	MAB21L1	full-splice_match	YES	17.47	11.52	8.94
PB.4077.8	Protein_PB.4077.8	DCLK1	DCLK1	full-splice_match	YES	58.07	29.31	54.65
PB.408.1	Protein_PB.408.1	MAGEF1	MAGEF1	full-splice_match	YES	163.88	139.24	166.4
PB.4080.14	Protein_PB.4080.14	SPART	SPART	novel_not_in_catalog	YES	69.57	81.59	58.86
PB.4080.4	Protein_PB.4080.4	SPART	SPART	full-splice_match	YES	189.09	206.23	178.95
PB.4080.7	Protein_PB.4080.7	SPART	SPART	full-splice_match	YES	94.9	67.57	93.4
PB.4080.9	Protein_PB.4080.9	SPART	SPART	full-splice_match	YES	24.74	10.32	6.08
PB.4082.2	Protein_PB.4082.2	ALG5	ALG5	full-splice_match	YES	45.08	48.82	46.86
PB.4083.32	Protein_PB.4083.32	SUPT20H	SUPT20H	novel_in_catalog	YES	32.46	6.71	37.71
PB.4088.1	Protein_PB.4088.1	PROSER1	PROSER1	full-splice_match	YES	13.46	10.73	21.65
PB.409.1		LOC113254150	LOC113254150	full-splice_match	NO	11.95	11.8	20.27
PB.4090.1	Protein_PB.4090.1	LHFPL6	LHFPL6	full-splice_match	YES	182.99	108.05	171.16
PB.4094.1	Protein_PB.4094.1	FOXO1	FOXO1	full-splice_match	YES	114.52	90.02	90.95
PB.4095.2	Protein_PB.4095.2	MRPS31	MRPS31	full-splice_match	YES	25.9	37.72	23.98
PB.4095.3	Protein_PB.4095.3	MRPS31	MRPS31	full-splice_match	YES	270.75	292.42	182.34
PB.4095.5	Protein_PB.4095.5	MRPS31	MRPS31	novel_not_in_catalog	YES	97.63	98.48	66.35
PB.4098.3	Protein_PB.4098.3	VPS36	VPS36	full-splice_match	YES	219.04	213.24	192.85
PB.4098.8	Protein_PB.4098.8	VPS36	VPS36	novel_not_in_catalog	YES	13.03	5.61	21.13
PB.4098.9	Protein_PB.4098.9	VPS36	VPS36	novel_not_in_catalog	YES	39.06	25.62	30.11
PB.4099.1	Protein_PB.4099.1	ALG11	ALG11	full-splice_match	YES	52.48	50.99	60.56
PB.4102.1	Protein_PB.4102.1	WDFY2	WDFY2	novel_in_catalog	YES	53.26	72.85	52.28
PB.4102.3	Protein_PB.4102.3	WDFY2	WDFY2	novel_in_catalog	YES	203.46	167.68	222.19
PB.4105.3	Protein_PB.4105.3	RNASEH2B	RNASEH2B	full-splice_match	YES	178.04	209.74	157.36
PB.4109.1	Protein_PB.4109.1	TRIM13	TRIM13	full-splice_match	YES	20.82	3.96	20.79
PB.4109.2	Protein_PB.4109.2	TRIM13	TRIM13	full-splice_match	YES	24.77	36.28	36.28
PB.4111.13	Protein_PB.4111.13	LOC113251315	LOC113251315	novel_in_catalog	YES	21.52	32.91	34.53
PB.4111.14	Protein_PB.4111.14	LOC113251315	LOC113251315	full-splice_match	YES	18.12	16.55	11.77
PB.4111.17	Protein_PB.4111.17	LOC113251315	LOC113251315	full-splice_match	YES	11.76	20.53	11.69
PB.4111.3	Protein_PB.4111.3	LOC113251315	LOC113251315	full-splice_match	YES	33.55	22.09	27.82
PB.4111.7	Protein_PB.4111.7	LOC113251315	LOC113251315	novel_in_catalog	YES	10.56	4.64	16.82
PB.4112.1	Protein_PB.4112.1	CDADC1	CDADC1	full-splice_match	YES	42.02	49.93	49.28
PB.4112.3	Protein_PB.4112.3	CDADC1	CDADC1	incomplete-splice_match	YES	27.61	25.47	7.03
PB.4114.6	Protein_PB.4114.6	FNDC3A	FNDC3A	full-splice_match	YES	54.29	17.51	32.94
PB.4114.8	Protein_PB.4114.8	FNDC3A	FNDC3A	incomplete-splice_match	YES	46.0	41.38	75.93
PB.4114.9	Protein_PB.4114.9	FNDC3A	FNDC3A	incomplete-splice_match	YES	42.5	33.07	22.3
PB.4116.1	Protein_PB.4116.1	CYSLTR2_LOC113251322	CYSLTR2_LOC113251322	fusion	YES	21.61	21.22	19.58
PB.4116.2	Protein_PB.4116.2	CYSLTR2	CYSLTR2	full-splice_match	YES	7.65	12.68	19.41
PB.4118.1	Protein_PB.4118.1	RB1	RB1	full-splice_match	YES	74.97	73.86	81.18
PB.4119.2	Protein_PB.4119.2	ITM2B	ITM2B	full-splice_match	YES	1954.91	1940.92	2124.74
PB.4121.2	Protein_PB.4121.2	NUDT15	NUDT15	full-splice_match	YES	78.0	95.68	67.5
PB.4123.2	Protein_PB.4123.2	LRCH1	LRCH1	full-splice_match	YES	50.25	32.42	44.31
PB.4127.18	Protein_PB.4127.18	SLC25A30	SLC25A30	novel_in_catalog	YES	135.76	168.02	154.53
PB.4127.19	Protein_PB.4127.19	SLC25A30	SLC25A30	novel_in_catalog	YES	37.0	35.19	29.06
PB.4127.2	Protein_PB.4127.2	SLC25A30_COG3	SLC25A30_COG3	fusion	YES	94.36	56.91	22.17
PB.4127.20	Protein_PB.4127.20	SLC25A30	SLC25A30	novel_in_catalog	YES	16.41	18.31	15.97
PB.4127.21	Protein_PB.4127.21	SLC25A30	SLC25A30	novel_not_in_catalog	YES	379.29	290.15	210.5
PB.4127.22	Protein_PB.4127.22	SLC25A30	SLC25A30	novel_not_in_catalog	YES	265.06	194.85	229.45
PB.4127.25	Protein_PB.4127.25	SLC25A30	SLC25A30	novel_in_catalog	YES	44.11	27.65	25.96
PB.4127.3	Protein_PB.4127.3	COG3	COG3	novel_not_in_catalog	YES	23.46	29.3	21.8
PB.4127.4	Protein_PB.4127.4	COG3	COG3	novel_in_catalog	YES	42.75	61.68	47.48
PB.4127.5	Protein_PB.4127.5	SLC25A30_COG3	SLC25A30_COG3	fusion	YES	41.36	52.48	119.51
PB.4127.7	Protein_PB.4127.7	SLC25A30	SLC25A30	novel_not_in_catalog	YES	80.02	94.5	65.69
PB.4127.8	Protein_PB.4127.8	SLC25A30	SLC25A30	novel_not_in_catalog	YES	25.77	32.64	12.18
PB.4127.9	Protein_PB.4127.9	SLC25A30	SLC25A30	novel_not_in_catalog	YES	50.41	61.51	28.2
PB.4131.1	Protein_PB.4131.1	GTF2F2	GTF2F2	full-splice_match	YES	115.92	119.71	127.38
PB.4132.1	Protein_PB.4132.1	GPALPP1	GPALPP1	full-splice_match	YES	318.53	367.29	383.75
PB.4136.4	Protein_PB.4136.4	LACC1	LACC1	novel_not_in_catalog	YES	11.51	8.52	20.98
PB.4136.7	Protein_PB.4136.7	LACC1	LACC1	full-splice_match	YES	111.84	89.21	54.66
PB.4139.1	Protein_PB.4139.1	DNAJC15	DNAJC15	novel_not_in_catalog	YES	128.58	153.09	72.73
PB.4139.2	Protein_PB.4139.2	DNAJC15	DNAJC15	novel_not_in_catalog	YES	26.23	34.78	50.0
PB.4139.3	Protein_PB.4139.3	DNAJC15	DNAJC15	full-splice_match	YES	90.21	102.87	93.96
PB.414.4	Protein_PB.414.4	ALG3	ALG3	full-splice_match	YES	20.76	17.6	24.85
PB.4143.10	Protein_PB.4143.10	AKAP11	AKAP11	incomplete-splice_match	YES	17.76	15.83	21.12
PB.4143.8	Protein_PB.4143.8	AKAP11	AKAP11	novel_in_catalog	YES	73.69	44.38	95.31
PB.4143.9	Protein_PB.4143.9	AKAP11	AKAP11	novel_in_catalog	YES	73.39	53.49	77.6
PB.4144.1	Protein_PB.4144.1	DGKH	DGKH	full-splice_match	YES	89.63	90.46	134.73
PB.4144.3	Protein_PB.4144.3	DGKH	DGKH	full-splice_match	YES	83.86	134.9	77.47
PB.4145.1	Protein_PB.4145.1	LOC113251373	LOC113251373	full-splice_match	YES	14.09	19.13	12.34
PB.4146.1		novelGene_503	novelGene_503	intergenic	NO	63.79	73.39	61.51
PB.4147.1	Protein_PB.4147.1	RGCC	RGCC	full-splice_match	YES	200.63	201.29	179.32
PB.4148.1	Protein_PB.4148.1	NAA16	NAA16	novel_not_in_catalog	YES	45.38	42.86	54.09
PB.4148.8	Protein_PB.4148.8	NAA16	NAA16	incomplete-splice_match	YES	19.04	12.81	23.96
PB.415.1	Protein_PB.415.1	ABCC5	ABCC5	full-splice_match	YES	39.18	39.95	77.75
PB.415.5	Protein_PB.415.5	ABCC5	ABCC5	novel_not_in_catalog	YES	51.63	29.1	42.57
PB.415.6	Protein_PB.415.6	ABCC5	ABCC5	incomplete-splice_match	YES	32.92	28.67	47.5
PB.415.7	Protein_PB.415.7	ABCC5	ABCC5	novel_not_in_catalog	YES	98.18	73.03	107.9
PB.4150.1	Protein_PB.4150.1	WBP4	WBP4	full-splice_match	YES	166.01	183.86	200.65
PB.416.1	Protein_PB.416.1	PARL	PARL	full-splice_match	YES	273.14	318.65	254.99
PB.416.2	Protein_PB.416.2	PARL	PARL	novel_not_in_catalog	YES	18.86	25.35	37.7
PB.419.1	Protein_PB.419.1	KLHL6	KLHL6	full-splice_match	YES	19.85	13.23	12.58
PB.4194.1	Protein_PB.4194.1	DACH1	DACH1	full-splice_match	YES	38.14	30.52	33.27
PB.4196.1		MZT1	MZT1	full-splice_match	NO	131.38	128.01	152.54
PB.4196.3		MZT1	MZT1	novel_not_in_catalog	NO	123.28	148.14	145.12
PB.4197.1	Protein_PB.4197.1	DIS3	DIS3	full-splice_match	YES	40.85	44.77	28.04
PB.4197.2	Protein_PB.4197.2	DIS3	DIS3	full-splice_match	YES	64.54	60.68	73.03
PB.4199.5	Protein_PB.4199.5	KLF12	KLF12	full-splice_match	YES	138.85	157.91	136.7
PB.4199.6	Protein_PB.4199.6	KLF12	KLF12	full-splice_match	YES	98.04	136.41	100.84
PB.4200.1	Protein_PB.4200.1	TBC1D4	TBC1D4	novel_in_catalog	YES	1061.88	1003.15	975.21
PB.4200.5	Protein_PB.4200.5	TBC1D4	TBC1D4	full-splice_match	YES	115.57	230.05	271.18
PB.4201.3	Protein_PB.4201.3	COMMD6	COMMD6	full-splice_match	YES	25.87	29.37	20.31
PB.4206.1	Protein_PB.4206.1	KCTD12	KCTD12	full-splice_match	YES	223.12	143.83	256.48
PB.4207.1	Protein_PB.4207.1	novelGene_CLN5_AS	novelGene_CLN5_AS	antisense	YES	25.46	24.8	23.01
PB.4208.1	Protein_PB.4208.1	FBXL3	FBXL3	full-splice_match	YES	80.74	89.11	67.01
PB.4208.2	Protein_PB.4208.2	FBXL3	FBXL3	full-splice_match	YES	216.02	212.47	209.34
PB.4208.4	Protein_PB.4208.4	FBXL3	FBXL3	novel_not_in_catalog	YES	15.5	25.01	26.86
PB.4209.6	Protein_PB.4209.6	MYCBP2	MYCBP2	full-splice_match	YES	69.45	82.13	106.16
PB.4209.7	Protein_PB.4209.7	MYCBP2	MYCBP2	full-splice_match	YES	221.0	217.35	144.79
PB.4209.8	Protein_PB.4209.8	MYCBP2	MYCBP2	full-splice_match	YES	337.75	254.99	394.72
PB.421.1	Protein_PB.421.1	MCF2L2	MCF2L2	full-splice_match	YES	13.15	13.88	22.03
PB.4213.1	Protein_PB.4213.1	EDNRB	EDNRB	incomplete-splice_match	YES	124.69	107.04	66.76
PB.4215.1	Protein_PB.4215.1	RNF219	RNF219	full-splice_match	YES	18.4	20.26	21.23
PB.4215.2	Protein_PB.4215.2	RNF219	RNF219	novel_not_in_catalog	YES	77.73	79.55	68.25
PB.4217.1		LOC113251445	LOC113251445	full-splice_match	NO	21.98	19.71	36.79
PB.4218.1	Protein_PB.4218.1	RBM26	RBM26	full-splice_match	YES	207.14	183.6	230.68
PB.4218.12	Protein_PB.4218.12	RBM26	RBM26	incomplete-splice_match	YES	31.25	34.32	41.94
PB.4219.1		novelGene_524	novelGene_524	intergenic	NO	254.96	335.31	175.78
PB.4220.1	Protein_PB.4220.1	SPRY2	SPRY2	full-splice_match	YES	27.45	18.38	14.17
PB.423.1	Protein_PB.423.1	MCCC1	MCCC1	full-splice_match	YES	188.2	272.44	148.1
PB.423.5	Protein_PB.423.5	MCCC1	MCCC1	novel_in_catalog	YES	38.47	30.42	9.98
PB.424.1	Protein_PB.424.1	DCUN1D1	DCUN1D1	full-splice_match	YES	26.01	20.83	37.94
PB.424.11	Protein_PB.424.11	DCUN1D1	DCUN1D1	full-splice_match	YES	33.15	29.43	19.25
PB.424.2	Protein_PB.424.2	DCUN1D1	DCUN1D1	novel_in_catalog	YES	89.2	81.44	83.42
PB.424.3	Protein_PB.424.3	DCUN1D1	DCUN1D1	novel_not_in_catalog	YES	31.65	39.65	17.14
PB.424.4	Protein_PB.424.4	DCUN1D1	DCUN1D1	novel_not_in_catalog	YES	48.59	79.83	72.09
PB.424.5	Protein_PB.424.5	DCUN1D1	DCUN1D1	full-splice_match	YES	203.94	217.14	211.83
PB.424.7	Protein_PB.424.7	DCUN1D1	DCUN1D1	novel_not_in_catalog	YES	19.88	10.95	7.72
PB.4249.1	Protein_PB.4249.1	ABCC4	ABCC4	full-splice_match	YES	60.29	72.19	62.26
PB.4249.2	Protein_PB.4249.2	ABCC4	ABCC4	full-splice_match	YES	87.75	84.67	68.29
PB.4249.4	Protein_PB.4249.4	ABCC4	ABCC4	novel_in_catalog	YES	80.94	97.97	91.89
PB.4254.1	Protein_PB.4254.1	UGGT2	UGGT2	full-splice_match	YES	44.08	22.9	21.49
PB.4260.1	Protein_PB.4260.1	STK24	STK24	full-splice_match	YES	85.34	36.35	50.51
PB.4260.2	Protein_PB.4260.2	STK24	STK24	full-splice_match	YES	85.56	137.19	121.85
PB.4262.15	Protein_PB.4262.15	DOCK9	DOCK9	novel_in_catalog	YES	53.21	10.28	69.64
PB.4262.16	Protein_PB.4262.16	DOCK9	DOCK9	novel_in_catalog	YES	126.28	83.24	215.4
PB.4262.17	Protein_PB.4262.17	DOCK9	DOCK9	novel_in_catalog	YES	271.83	254.31	131.75
PB.4262.18	Protein_PB.4262.18	DOCK9	DOCK9	full-splice_match	YES	18.06	14.63	29.86
PB.4262.20	Protein_PB.4262.20	DOCK9	DOCK9	novel_in_catalog	YES	62.54	30.57	20.96
PB.4262.7	Protein_PB.4262.7	DOCK9	DOCK9	full-splice_match	YES	81.12	50.17	23.24
PB.4262.8	Protein_PB.4262.8	DOCK9	DOCK9	full-splice_match	YES	62.68	24.02	16.66
PB.4274.11	Protein_PB.4274.11	GGACT	GGACT	full-splice_match	YES	18.11	18.92	17.98
PB.4274.13	Protein_PB.4274.13	GGACT	GGACT	novel_not_in_catalog	YES	21.98	20.37	6.67
PB.4275.6	Protein_PB.4275.6	TMTC4	TMTC4	novel_in_catalog	YES	19.76	5.64	6.45
PB.4277.1	Protein_PB.4277.1	NALCN	NALCN	full-splice_match	YES	21.17	7.61	15.38
PB.428.2		DNAJC19	DNAJC19	novel_in_catalog	NO	19.68	21.76	21.15
PB.428.3	Protein_PB.428.3	DNAJC19	DNAJC19	full-splice_match	YES	376.42	416.25	310.9
PB.428.5	Protein_PB.428.5	DNAJC19	DNAJC19	full-splice_match	YES	25.0	35.4	8.1
PB.4281.1	Protein_PB.4281.1	METTL21C	METTL21C	full-splice_match	YES	13.66	92.98	11.89
PB.4281.3	Protein_PB.4281.3	METTL21C	METTL21C	novel_not_in_catalog	YES	322.33	1904.29	452.47
PB.4281.5	Protein_PB.4281.5	METTL21C	METTL21C	novel_not_in_catalog	YES	33.97	122.02	30.81
PB.4284.1	Protein_PB.4284.1	KDELC1	KDELC1	full-splice_match	YES	46.24	48.8	30.57
PB.4289.1	Protein_PB.4289.1	EFNB2	EFNB2	full-splice_match	YES	131.78	98.56	86.14
PB.4290.1	Protein_PB.4290.1	ARGLU1	ARGLU1	novel_not_in_catalog	YES	36.42	14.67	34.96
PB.4290.2	Protein_PB.4290.2	ARGLU1	ARGLU1	novel_not_in_catalog	YES	13.22	14.63	19.93
PB.4290.4	Protein_PB.4290.4	ARGLU1	ARGLU1	full-splice_match	YES	133.46	117.69	122.54
PB.4290.6	Protein_PB.4290.6	ARGLU1	ARGLU1	novel_not_in_catalog	YES	32.21	26.0	45.36
PB.4294.1	Protein_PB.4294.1	LIG4	LIG4	full-splice_match	YES	40.41	19.55	37.86
PB.4294.2	Protein_PB.4294.2	LIG4	LIG4	full-splice_match	YES	56.48	78.82	84.86
PB.4298.1	Protein_PB.4298.1	IRS2	IRS2	full-splice_match	YES	260.1	264.86	184.24
PB.4301.1	Protein_PB.4301.1	COL4A1	COL4A1	full-splice_match	YES	2083.59	1276.17	463.38
PB.4303.1	Protein_PB.4303.1	CARS2	CARS2	full-splice_match	YES	149.82	153.23	133.0
PB.4307.1		novelGene_LOC113251748_AS	novelGene_LOC113251748_AS	antisense	NO	39.75	32.5	40.21
PB.4310.3	Protein_PB.4310.3	ENTPD1	ENTPD1	full-splice_match	YES	31.43	15.28	9.36
PB.4314.4	Protein_PB.4314.4	ZNF518A	ZNF518A	full-splice_match	YES	20.98	41.05	50.13
PB.4314.6	Protein_PB.4314.6	ZNF518A	ZNF518A	full-splice_match	YES	63.57	41.87	49.88
PB.4318.1	Protein_PB.4318.1	LCOR	LCOR	full-splice_match	YES	25.62	49.04	88.91
PB.4318.2	Protein_PB.4318.2	LCOR	LCOR	full-splice_match	YES	45.94	29.77	36.09
PB.4318.4	Protein_PB.4318.4	LCOR	LCOR	full-splice_match	YES	150.62	134.2	204.34
PB.4321.1	Protein_PB.4321.1	FRAT1	FRAT1	full-splice_match	YES	29.56	20.25	16.26
PB.4323.2	Protein_PB.4323.2	PGAM1	PGAM1	full-splice_match	YES	272.85	278.25	276.65
PB.4324.10	Protein_PB.4324.10	ZDHHC16	ZDHHC16	full-splice_match	YES	84.63	52.54	101.24
PB.4324.5	Protein_PB.4324.5	ZDHHC16	ZDHHC16	novel_in_catalog	YES	20.98	45.78	20.42
PB.4324.6	Protein_PB.4324.6	ZDHHC16	ZDHHC16	novel_in_catalog	YES	8.89	14.98	21.25
PB.4325.1	Protein_PB.4325.1	UBTD1	UBTD1	full-splice_match	YES	118.68	141.83	136.98
PB.4325.2	Protein_PB.4325.2	UBTD1	UBTD1	novel_not_in_catalog	YES	42.05	42.79	127.72
PB.4326.1	Protein_PB.4326.1	ANKRD2	ANKRD2	novel_in_catalog	YES	1465.44	3446.32	2994.21
PB.4326.2	Protein_PB.4326.2	ANKRD2	ANKRD2	novel_in_catalog	YES	5.73	20.29	16.81
PB.4327.4	Protein_PB.4327.4	HOGA1	HOGA1	full-splice_match	YES	34.87	14.76	27.36
PB.4327.6	Protein_PB.4327.6	HOGA1	HOGA1	novel_not_in_catalog	YES	36.82	35.42	14.66
PB.4330.1	Protein_PB.4330.1	PI4K2A	PI4K2A	novel_not_in_catalog	YES	67.07	65.67	58.19
PB.4330.3	Protein_PB.4330.3	PI4K2A	PI4K2A	full-splice_match	YES	44.75	39.47	41.57
PB.4331.1	Protein_PB.4331.1	MARVELD1	MARVELD1	full-splice_match	YES	103.9	44.91	77.23
PB.4332.7	Protein_PB.4332.7	ZFYVE27	ZFYVE27	full-splice_match	YES	110.58	78.67	67.56
PB.4334.1	Protein_PB.4334.1	R3HCC1L	R3HCC1L	full-splice_match	YES	44.25	28.52	35.49
PB.4334.7	Protein_PB.4334.7	R3HCC1L	R3HCC1L	full-splice_match	YES	18.7	10.17	11.61
PB.4334.8	Protein_PB.4334.8	R3HCC1L	R3HCC1L	novel_not_in_catalog	YES	13.91	10.65	26.97
PB.4334.9	Protein_PB.4334.9	R3HCC1L	R3HCC1L	full-splice_match	YES	13.43	44.19	13.85
PB.4342.1	Protein_PB.4342.1	ENTPD7	ENTPD7	full-splice_match	YES	24.26	20.68	34.67
PB.4343.1	Protein_PB.4343.1	CUTC	CUTC	full-splice_match	YES	536.19	557.5	481.76
PB.4343.2	Protein_PB.4343.2	CUTC	CUTC	novel_in_catalog	YES	17.74	21.66	23.19
PB.4344.1	Protein_PB.4344.1	ABCC2	ABCC2	full-splice_match	YES	32.99	43.74	40.15
PB.4344.3	Protein_PB.4344.3	ABCC2	ABCC2	novel_not_in_catalog	YES	78.44	58.42	82.92
PB.4344.8	Protein_PB.4344.8	ABCC2	ABCC2	incomplete-splice_match	YES	22.81	12.59	21.62
PB.4346.1	Protein_PB.4346.1	SCD	SCD	full-splice_match	YES	537.77	185.8	103.87
PB.4346.9	Protein_PB.4346.9	SCD	SCD	novel_in_catalog	YES	213.06	25.36	10.0
PB.4348.1	Protein_PB.4348.1	HIF1AN	HIF1AN	full-splice_match	YES	546.07	541.73	608.42
PB.4348.2	Protein_PB.4348.2	HIF1AN	HIF1AN	novel_not_in_catalog	YES	335.33	302.94	202.31
PB.4348.4	Protein_PB.4348.4	HIF1AN	HIF1AN	novel_not_in_catalog	YES	216.19	218.62	148.96
PB.4348.5	Protein_PB.4348.5	HIF1AN	HIF1AN	incomplete-splice_match	YES	1126.57	1021.51	1267.21
PB.435.1	Protein_PB.435.1	MRPL47	MRPL47	full-splice_match	YES	21.87	30.67	24.53
PB.435.2	Protein_PB.435.2	MRPL47	MRPL47	full-splice_match	YES	159.57	198.84	124.25
PB.435.3	Protein_PB.435.3	MRPL47	MRPL47	full-splice_match	YES	100.18	124.8	57.7
PB.435.4	Protein_PB.435.4	MRPL47	MRPL47	incomplete-splice_match	YES	29.06	32.06	25.44
PB.4351.1	Protein_PB.4351.1	SLF2	SLF2	full-splice_match	YES	155.57	189.1	133.33
PB.4351.2	Protein_PB.4351.2	SLF2	SLF2	full-splice_match	YES	556.15	579.26	767.43
PB.4353.3	Protein_PB.4353.3	TWNK	TWNK	full-splice_match	YES	49.16	47.23	61.27
PB.4354.3	Protein_PB.4354.3	LZTS2	LZTS2	full-splice_match	YES	85.73	79.9	141.73
PB.4359.1	Protein_PB.4359.1	BTRC	BTRC	novel_not_in_catalog	YES	233.3	289.96	246.27
PB.4359.10	Protein_PB.4359.10	BTRC	BTRC	novel_not_in_catalog	YES	154.63	195.01	149.79
PB.4359.2	Protein_PB.4359.2	BTRC	BTRC	full-splice_match	YES	21.37	34.85	32.16
PB.4361.1	Protein_PB.4361.1	HPS6	HPS6	full-splice_match	YES	19.16	17.04	16.13
PB.4363.1	Protein_PB.4363.1	NOLC1	NOLC1	full-splice_match	YES	83.89	96.79	108.92
PB.4363.2	Protein_PB.4363.2	NOLC1	NOLC1	full-splice_match	YES	115.52	95.89	73.65
PB.4365.1	Protein_PB.4365.1	GBF1	GBF1	full-splice_match	YES	155.77	101.03	187.66
PB.4365.4	Protein_PB.4365.4	GBF1	GBF1	full-splice_match	YES	86.31	16.12	89.72
PB.4365.5	Protein_PB.4365.5	GBF1	GBF1	novel_not_in_catalog	YES	76.94	121.63	65.07
PB.4365.6	Protein_PB.4365.6	GBF1	GBF1	novel_not_in_catalog	YES	283.52	308.05	215.5
PB.4365.8	Protein_PB.4365.8	GBF1	GBF1	novel_not_in_catalog	YES	55.0	24.85	47.25
PB.4366.4	Protein_PB.4366.4	NFKB2	NFKB2	full-splice_match	YES	49.56	43.06	67.75
PB.4366.6	Protein_PB.4366.6	NFKB2	NFKB2	incomplete-splice_match	YES	21.64	20.1	33.47
PB.4367.1	Protein_PB.4367.1	FBXL15	FBXL15	full-splice_match	YES	16.29	17.33	25.49
PB.4369.4	Protein_PB.4369.4	SUFU	SUFU	full-splice_match	YES	15.34	13.48	25.83
PB.437.1	Protein_PB.437.1	GNB4	GNB4	full-splice_match	YES	112.12	50.01	69.15
PB.437.5	Protein_PB.437.5	GNB4	GNB4	incomplete-splice_match	YES	31.8	46.2	49.17
PB.4370.1	Protein_PB.4370.1	TRIM8	TRIM8	full-splice_match	YES	155.67	134.6	166.52
PB.4373.2	Protein_PB.4373.2	WBP1L	WBP1L	full-splice_match	YES	38.4	35.85	32.75
PB.4373.3	Protein_PB.4373.3	WBP1L	WBP1L	full-splice_match	YES	257.25	263.85	167.75
PB.4374.1	Protein_PB.4374.1	BORCS7	BORCS7	full-splice_match	YES	27.14	29.48	28.37
PB.4374.2	Protein_PB.4374.2	BORCS7	BORCS7	full-splice_match	YES	118.37	123.05	108.47
PB.4376.2	Protein_PB.4376.2	CNNM2	CNNM2	full-splice_match	YES	17.69	12.84	16.15
PB.4378.1	Protein_PB.4378.1	TAF5	TAF5	full-splice_match	YES	32.28	39.04	39.27
PB.4379.1	Protein_PB.4379.1	PDCD11	PDCD11	full-splice_match	YES	143.87	151.09	124.1
PB.4379.2	Protein_PB.4379.2	PDCD11	PDCD11	incomplete-splice_match	YES	25.28	12.61	23.0
PB.4381.2	Protein_PB.4381.2	NEURL1	NEURL1	novel_not_in_catalog	YES	288.19	341.28	237.73
PB.4381.3	Protein_PB.4381.3	NEURL1	NEURL1	full-splice_match	YES	297.67	278.53	169.05
PB.4381.4	Protein_PB.4381.4	NEURL1	NEURL1	full-splice_match	YES	603.93	521.92	431.59
PB.4383.1	Protein_PB.4383.1	SLK	SLK	full-splice_match	YES	495.1	490.11	481.68
PB.4383.3	Protein_PB.4383.3	SLK	SLK	incomplete-splice_match	YES	97.35	93.12	92.81
PB.4385.1	Protein_PB.4385.1	GSTO1	GSTO1	full-splice_match	YES	37.44	28.38	33.75
PB.4385.3	Protein_PB.4385.3	GSTO1	GSTO1	full-splice_match	YES	16.94	21.14	20.49
PB.4387.1	Protein_PB.4387.1	CFAP58	CFAP58	full-splice_match	YES	29.6	27.81	58.38
PB.439.1	Protein_PB.439.1	ZMAT3	ZMAT3	full-splice_match	YES	30.69	26.25	43.38
PB.4392.1	Protein_PB.4392.1	ADD3	ADD3	novel_in_catalog	YES	167.05	99.17	186.08
PB.4392.5	Protein_PB.4392.5	ADD3	ADD3	full-splice_match	YES	45.94	27.47	53.15
PB.4393.1	Protein_PB.4393.1	MXI1	MXI1	full-splice_match	YES	28.9	36.72	23.53
PB.4393.3	Protein_PB.4393.3	MXI1	MXI1	full-splice_match	YES	63.91	54.91	55.45
PB.4393.4	Protein_PB.4393.4	MXI1	MXI1	incomplete-splice_match	YES	171.87	203.98	225.87
PB.4397.1	Protein_PB.4397.1	SMC3	SMC3	incomplete-splice_match	YES	181.9	182.81	177.96
PB.4397.2	Protein_PB.4397.2	SMC3	SMC3	full-splice_match	YES	81.28	64.72	95.53
PB.4397.3	Protein_PB.4397.3	SMC3	SMC3	incomplete-splice_match	YES	98.87	99.78	108.54
PB.4398.1	Protein_PB.4398.1	RBM20	RBM20	full-splice_match	YES	18.02	23.18	10.34
PB.4398.2	Protein_PB.4398.2	RBM20	RBM20	novel_not_in_catalog	YES	26.27	28.01	40.72
PB.4398.3	Protein_PB.4398.3	RBM20	RBM20	novel_not_in_catalog	YES	168.28	127.1	72.33
PB.4398.4	Protein_PB.4398.4	RBM20	RBM20	novel_not_in_catalog	YES	174.55	170.46	280.08
PB.4398.5	Protein_PB.4398.5	RBM20	RBM20	novel_not_in_catalog	YES	76.68	56.07	72.8
PB.440.1	Protein_PB.440.1	TBL1XR1	TBL1XR1	full-splice_match	YES	28.15	28.73	29.59
PB.440.10	Protein_PB.440.10	TBL1XR1	TBL1XR1	full-splice_match	YES	23.28	28.19	44.21
PB.440.2	Protein_PB.440.2	TBL1XR1	TBL1XR1	novel_not_in_catalog	YES	155.64	96.46	142.04
PB.440.3	Protein_PB.440.3	TBL1XR1	TBL1XR1	novel_not_in_catalog	YES	203.26	225.89	200.53
PB.440.5	Protein_PB.440.5	TBL1XR1	TBL1XR1	novel_in_catalog	YES	245.48	348.52	282.76
PB.440.6	Protein_PB.440.6	TBL1XR1	TBL1XR1	full-splice_match	YES	14.59	37.6	11.16
PB.440.9	Protein_PB.440.9	TBL1XR1	TBL1XR1	full-splice_match	YES	127.58	6.3	123.33
PB.4400.1	Protein_PB.4400.1	PDCD4	PDCD4	novel_in_catalog	YES	3.97	27.52	25.04
PB.4400.2	Protein_PB.4400.2	PDCD4	PDCD4	full-splice_match	YES	58.85	43.52	51.77
PB.4400.4	Protein_PB.4400.4	PDCD4	PDCD4	full-splice_match	YES	95.09	78.19	101.01
PB.4400.5	Protein_PB.4400.5	PDCD4	PDCD4	novel_in_catalog	YES	19.7	26.99	30.9
PB.4401.1	Protein_PB.4401.1	SHOC2	SHOC2	full-splice_match	YES	78.95	75.9	126.96
PB.4401.3	Protein_PB.4401.3	SHOC2	SHOC2	full-splice_match	YES	81.55	73.61	52.84
PB.4401.4	Protein_PB.4401.4	SHOC2	SHOC2	novel_in_catalog	YES	7.95	7.84	18.4
PB.4401.5	Protein_PB.4401.5	SHOC2	SHOC2	novel_not_in_catalog	YES	216.93	214.33	211.53
PB.4405.2	Protein_PB.4405.2	TECTB	TECTB	novel_not_in_catalog	YES	4.87	21.07	19.94
PB.4406.10	Protein_PB.4406.10	ACSL5	ACSL5	full-splice_match	YES	24.17	24.05	27.61
PB.4407.10	Protein_PB.4407.10	VTI1A	VTI1A	full-splice_match	YES	81.84	76.03	89.05
PB.4407.11	Protein_PB.4407.11	VTI1A	VTI1A	novel_not_in_catalog	YES	16.25	20.57	25.95
PB.4407.12	Protein_PB.4407.12	VTI1A	VTI1A	novel_not_in_catalog	YES	17.97	13.18	19.18
PB.4407.9	Protein_PB.4407.9	VTI1A	VTI1A	full-splice_match	YES	21.58	30.68	23.48
PB.4415.4	Protein_PB.4415.4	CASP7	CASP7	full-splice_match	YES	38.57	35.24	36.73
PB.4417.1	Protein_PB.4417.1	NHLRC2	NHLRC2	full-splice_match	YES	200.27	216.44	218.49
PB.4417.2	Protein_PB.4417.2	NHLRC2	NHLRC2	novel_not_in_catalog	YES	168.93	169.64	128.46
PB.4417.3	Protein_PB.4417.3	NHLRC2	NHLRC2	incomplete-splice_match	YES	62.71	85.88	63.12
PB.4422.1	Protein_PB.4422.1	FAM160B1	FAM160B1	full-splice_match	YES	220.31	239.41	241.68
PB.4423.1	Protein_PB.4423.1	TRUB1	TRUB1	full-splice_match	YES	27.92	22.68	18.92
PB.4423.2	Protein_PB.4423.2	TRUB1	TRUB1	novel_not_in_catalog	YES	24.04	32.68	35.48
PB.4424.2	Protein_PB.4424.2	ATRNL1	ATRNL1	full-splice_match	YES	35.48	22.41	28.3
PB.4440.12	Protein_PB.4440.12	FAM45A	FAM45A	novel_in_catalog	YES	25.91	0.02	6.38
PB.4440.7	Protein_PB.4440.7	FAM45A	FAM45A	full-splice_match	YES	58.29	73.72	21.21
PB.4440.8	Protein_PB.4440.8	FAM45A	FAM45A	novel_not_in_catalog	YES	56.97	37.4	60.27
PB.4441.2	Protein_PB.4441.2	GRK5	GRK5	full-splice_match	YES	77.6	45.77	64.32
PB.4442.1	Protein_PB.4442.1	BAG3	BAG3	full-splice_match	YES	264.69	291.59	222.58
PB.4442.2	Protein_PB.4442.2	BAG3	BAG3	full-splice_match	YES	58.39	73.01	57.16
PB.4442.3	Protein_PB.4442.3	BAG3	BAG3	novel_not_in_catalog	YES	40.9	29.47	27.03
PB.4442.4	Protein_PB.4442.4	BAG3	BAG3	novel_not_in_catalog	YES	158.85	199.16	198.99
PB.4442.5	Protein_PB.4442.5	BAG3	BAG3	incomplete-splice_match	YES	213.93	236.38	234.31
PB.4443.1		novelGene_LOC113252000_AS	novelGene_LOC113252000_AS	antisense	NO	18.83	30.1	14.78
PB.4444.1	Protein_PB.4444.1	INPP5F	INPP5F	full-splice_match	YES	212.86	301.82	312.08
PB.4444.2	Protein_PB.4444.2	INPP5F	INPP5F	full-splice_match	YES	10.29	0.0	23.11
PB.4444.4	Protein_PB.4444.4	INPP5F	INPP5F	incomplete-splice_match	YES	46.98	47.85	24.84
PB.4446.2	Protein_PB.4446.2	SEC23IP	SEC23IP	full-splice_match	YES	26.0	41.83	34.23
PB.4446.3	Protein_PB.4446.3	SEC23IP	SEC23IP	full-splice_match	YES	134.73	125.61	78.43
PB.4446.5	Protein_PB.4446.5	SEC23IP	SEC23IP	novel_not_in_catalog	YES	17.35	15.5	9.74
PB.4446.9	Protein_PB.4446.9	SEC23IP	SEC23IP	novel_not_in_catalog	YES	207.04	229.28	214.55
PB.4449.1	Protein_PB.4449.1	WDR11	WDR11	full-splice_match	YES	129.66	136.31	97.92
PB.4449.2	Protein_PB.4449.2	WDR11	WDR11	incomplete-splice_match	YES	32.18	37.48	32.66
PB.4452.1	Protein_PB.4452.1	TACC2	TACC2	novel_not_in_catalog	YES	361.9	456.5	571.64
PB.4452.15	Protein_PB.4452.15	TACC2	TACC2	novel_not_in_catalog	YES	8.58	9.02	22.47
PB.4452.17	Protein_PB.4452.17	TACC2	TACC2	incomplete-splice_match	YES	6.23	12.87	19.47
PB.4452.2	Protein_PB.4452.2	TACC2	TACC2	novel_not_in_catalog	YES	1053.9	1300.38	1736.82
PB.4452.21	Protein_PB.4452.21	TACC2	TACC2	novel_not_in_catalog	YES	34.59	61.59	109.23
PB.4452.22	Protein_PB.4452.22	TACC2	TACC2	incomplete-splice_match	YES	30.88	24.41	36.12
PB.4452.24	Protein_PB.4452.24	TACC2	TACC2	incomplete-splice_match	YES	25.74	17.8	23.04
PB.4452.3	Protein_PB.4452.3	TACC2	TACC2	novel_not_in_catalog	YES	835.76	871.59	1471.78
PB.4452.4	Protein_PB.4452.4	TACC2	TACC2	novel_not_in_catalog	YES	755.51	987.64	1002.5
PB.4452.5	Protein_PB.4452.5	TACC2	TACC2	novel_not_in_catalog	YES	52.93	44.81	231.47
PB.4455.5	Protein_PB.4455.5	PLEKHA1	PLEKHA1	full-splice_match	YES	116.27	104.19	104.2
PB.4456.1	Protein_PB.4456.1	HTRA1	HTRA1	full-splice_match	YES	61.57	31.69	49.18
PB.4456.2	Protein_PB.4456.2	HTRA1	HTRA1	incomplete-splice_match	YES	231.93	114.17	182.18
PB.4460.1	Protein_PB.4460.1	ACADSB	ACADSB	novel_not_in_catalog	YES	189.15	183.08	76.55
PB.4460.2	Protein_PB.4460.2	ACADSB	ACADSB	full-splice_match	YES	835.23	928.15	486.85
PB.4460.3	Protein_PB.4460.3	ACADSB	ACADSB	novel_not_in_catalog	YES	53.32	45.6	65.65
PB.4460.4	Protein_PB.4460.4	ACADSB	ACADSB	novel_in_catalog	YES	922.9	1051.55	620.45
PB.4460.5	Protein_PB.4460.5	ACADSB	ACADSB	full-splice_match	YES	93.25	79.3	60.85
PB.4463.1	Protein_PB.4463.1	BUB3	BUB3	full-splice_match	YES	71.28	58.68	27.58
PB.4463.2	Protein_PB.4463.2	BUB3	BUB3	full-splice_match	YES	187.68	215.71	201.54
PB.4463.9	Protein_PB.4463.9	BUB3	BUB3	novel_not_in_catalog	YES	44.44	39.46	72.65
PB.4466.3	Protein_PB.4466.3	LHPP	LHPP	full-splice_match	YES	39.08	44.17	40.61
PB.4467.1	Protein_PB.4467.1	ABRAXAS2	ABRAXAS2	full-splice_match	YES	249.07	271.37	258.73
PB.4468.1	Protein_PB.4468.1	ZRANB1	ZRANB1	full-splice_match	YES	473.46	482.46	565.83
PB.4469.2	Protein_PB.4469.2	EDRF1	EDRF1	full-splice_match	YES	38.92	63.92	27.6
PB.4469.5	Protein_PB.4469.5	EDRF1	EDRF1	novel_in_catalog	YES	106.57	94.34	101.84
PB.4470.1	Protein_PB.4470.1	BCCIP	BCCIP	full-splice_match	YES	208.69	198.62	174.24
PB.4470.3	Protein_PB.4470.3	BCCIP	BCCIP	novel_not_in_catalog	YES	135.11	154.25	155.53
PB.4470.4	Protein_PB.4470.4	BCCIP	BCCIP	full-splice_match	YES	94.33	104.06	83.84
PB.4473.1	Protein_PB.4473.1	DOCK1	DOCK1	full-splice_match	YES	149.91	103.03	139.95
PB.4473.9	Protein_PB.4473.9	DOCK1	DOCK1	novel_in_catalog	YES	142.3	99.74	95.7
PB.4476.5	Protein_PB.4476.5	PTPRE	PTPRE	full-splice_match	YES	25.68	18.11	29.94
PB.4479.1	Protein_PB.4479.1	MGMT	MGMT	full-splice_match	YES	19.41	22.83	11.07
PB.4479.2	Protein_PB.4479.2	MGMT	MGMT	full-splice_match	YES	39.99	24.32	20.78
PB.4480.6	Protein_PB.4480.6	GLRX3	GLRX3	full-splice_match	YES	546.55	663.38	711.38
PB.4480.7	Protein_PB.4480.7	GLRX3	GLRX3	full-splice_match	YES	27.13	40.77	28.73
PB.4483.1	Protein_PB.4483.1	PPP2R2D	PPP2R2D	full-splice_match	YES	227.97	206.02	160.92
PB.4483.2	Protein_PB.4483.2	PPP2R2D	PPP2R2D	full-splice_match	YES	59.5	61.44	56.54
PB.4483.4	Protein_PB.4483.4	PPP2R2D	PPP2R2D	incomplete-splice_match	YES	506.48	534.19	360.57
PB.4483.6	Protein_PB.4483.6	PPP2R2D	PPP2R2D	incomplete-splice_match	YES	33.38	41.69	58.57
PB.4490.2	Protein_PB.4490.2	INPP5A	INPP5A	full-splice_match	YES	264.17	259.65	201.07
PB.4490.3	Protein_PB.4490.3	INPP5A	INPP5A	full-splice_match	YES	52.28	103.15	38.21
PB.4496.1	Protein_PB.4496.1	ZNF511	ZNF511	full-splice_match	YES	221.82	227.61	218.63
PB.4499.1	Protein_PB.4499.1	PAOX	PAOX	full-splice_match	YES	84.11	100.46	110.3
PB.45.1	Protein_PB.45.1	WDR4	WDR4	full-splice_match	YES	13.18	13.08	17.85
PB.4500.3	Protein_PB.4500.3	MTG1	MTG1	full-splice_match	YES	134.52	167.95	29.95
PB.4500.8	Protein_PB.4500.8	MTG1	MTG1	novel_not_in_catalog	YES	11.45	5.38	16.57
PB.4500.9	Protein_PB.4500.9	MTG1	MTG1	full-splice_match	YES	12.58	4.87	21.29
PB.4505.2	Protein_PB.4505.2	LOC113252107	LOC113252107	novel_not_in_catalog	YES	28.41	21.88	26.46
PB.4505.4	Protein_PB.4505.4	LOC113252107	LOC113252107	full-splice_match	YES	22.73	17.17	26.43
PB.451.1	Protein_PB.451.1	NCEH1	NCEH1	full-splice_match	YES	153.47	369.57	420.0
PB.451.3	Protein_PB.451.3	NCEH1	NCEH1	novel_not_in_catalog	YES	39.99	6.11	23.74
PB.4510.1	Protein_PB.4510.1	CENPBD1	CENPBD1	full-splice_match	YES	83.98	80.4	99.79
PB.4514.1	Protein_PB.4514.1	VPS9D1	VPS9D1	full-splice_match	YES	39.88	44.48	63.41
PB.4514.4	Protein_PB.4514.4	VPS9D1	VPS9D1	full-splice_match	YES	60.42	53.42	86.68
PB.4516.2	Protein_PB.4516.2	CHMP1A	CHMP1A	full-splice_match	YES	297.21	297.66	310.25
PB.4517.2	Protein_PB.4517.2	LOC113252134	LOC113252134	novel_not_in_catalog	YES	11.15	7.72	19.74
PB.4517.6	Protein_PB.4517.6	LOC113252134	LOC113252134	novel_not_in_catalog	YES	15.07	26.06	23.39
PB.4519.1	Protein_PB.4519.1	ANKRD11	ANKRD11	full-splice_match	YES	106.31	30.58	60.67
PB.4519.2	Protein_PB.4519.2	ANKRD11	ANKRD11	full-splice_match	YES	142.58	189.71	196.64
PB.4519.3	Protein_PB.4519.3	ANKRD11	ANKRD11	full-splice_match	YES	27.82	40.0	98.11
PB.452.11	Protein_PB.452.11	TNFSF10	TNFSF10	novel_in_catalog	YES	21.7	10.75	25.83
PB.452.2	Protein_PB.452.2	TNFSF10	TNFSF10	full-splice_match	YES	46.83	41.76	72.3
PB.452.3	Protein_PB.452.3	TNFSF10	TNFSF10	full-splice_match	YES	45.56	44.04	47.31
PB.452.4	Protein_PB.452.4	TNFSF10	TNFSF10	incomplete-splice_match	YES	96.34	76.32	43.5
PB.452.5	Protein_PB.452.5	TNFSF10	TNFSF10	novel_not_in_catalog	YES	18.08	18.08	13.14
PB.452.6	Protein_PB.452.6	TNFSF10	TNFSF10	novel_in_catalog	YES	24.83	14.64	24.2
PB.452.9	Protein_PB.452.9	TNFSF10	TNFSF10	novel_not_in_catalog	YES	22.93	13.51	31.75
PB.4521.1	Protein_PB.4521.1	CBFA2T3	CBFA2T3	full-splice_match	YES	0.0	5.71	22.88
PB.4521.4	Protein_PB.4521.4	CBFA2T3	CBFA2T3	full-splice_match	YES	47.59	32.85	49.14
PB.4523.6	Protein_PB.4523.6	GALNS	GALNS	full-splice_match	YES	28.5	23.75	16.23
PB.4524.2	Protein_PB.4524.2	APRT	APRT	full-splice_match	YES	137.16	131.19	91.45
PB.4525.1	Protein_PB.4525.1	PIEZO1	PIEZO1	full-splice_match	YES	39.04	42.51	3.08
PB.4525.2	Protein_PB.4525.2	PIEZO1	PIEZO1	full-splice_match	YES	105.15	57.82	91.9
PB.4526.1	Protein_PB.4526.1	RNF166	RNF166	full-splice_match	YES	66.23	73.15	68.12
PB.4527.1	Protein_PB.4527.1	SNAI3	SNAI3	novel_in_catalog	YES	49.71	81.42	98.49
PB.4527.2	Protein_PB.4527.2	SNAI3	SNAI3	novel_in_catalog	YES	42.26	56.4	79.48
PB.4528.4	Protein_PB.4528.4	MVD	MVD	full-splice_match	YES	203.77	225.96	228.33
PB.4529.3	Protein_PB.4529.3	LOC113252151	LOC113252151	full-splice_match	YES	52.34	47.82	63.4
PB.4533.1	Protein_PB.4533.1	SLC7A5	SLC7A5	full-splice_match	YES	8.68	11.9	18.01
PB.4534.1	Protein_PB.4534.1	KLHDC4	KLHDC4	full-splice_match	YES	44.79	35.74	25.01
PB.4536.1	Protein_PB.4536.1	ZCCHC14	ZCCHC14	full-splice_match	YES	122.66	99.64	122.9
PB.4537.1	Protein_PB.4537.1	FBXO31	FBXO31	full-splice_match	YES	150.56	175.0	208.63
PB.4537.2	Protein_PB.4537.2	FBXO31	FBXO31	full-splice_match	YES	2290.84	2307.06	2099.43
PB.4540.1	Protein_PB.4540.1	MTHFSD	MTHFSD	novel_in_catalog	YES	12.75	22.38	10.8
PB.4540.19	Protein_PB.4540.19	MTHFSD	MTHFSD	novel_in_catalog	YES	40.78	38.64	32.9
PB.4540.23	Protein_PB.4540.23	MTHFSD	MTHFSD	novel_in_catalog	YES	15.02	1.13	18.54
PB.4540.5	Protein_PB.4540.5	MTHFSD	MTHFSD	novel_not_in_catalog	YES	26.51	55.59	33.57
PB.4540.6	Protein_PB.4540.6	MTHFSD	MTHFSD	novel_not_in_catalog	YES	38.74	33.08	41.59
PB.4542.1	Protein_PB.4542.1	EMC8	EMC8	full-splice_match	YES	194.76	203.2	170.3
PB.4548.1	Protein_PB.4548.1	ZDHHC7	ZDHHC7	full-splice_match	YES	268.58	261.78	222.91
PB.4548.3	Protein_PB.4548.3	ZDHHC7	ZDHHC7	incomplete-splice_match	YES	106.66	133.14	95.27
PB.4549.1	Protein_PB.4549.1	COTL1	COTL1	full-splice_match	YES	30.13	28.03	34.38
PB.455.5	Protein_PB.455.5	PLD1	PLD1	incomplete-splice_match	YES	20.3	5.81	9.06
PB.4550.6	Protein_PB.4550.6	MEAK7	MEAK7	full-splice_match	YES	25.06	67.76	44.6
PB.4551.3	Protein_PB.4551.3	LOC113252197	LOC113252197	novel_in_catalog	YES	6.86	12.82	35.47
PB.4552.1	Protein_PB.4552.1	LOC113252198	LOC113252198	full-splice_match	YES	5385.23	6549.64	4067.14
PB.4558.10	Protein_PB.4558.10	GPT2	GPT2	novel_not_in_catalog	YES	151.1	198.39	164.22
PB.4558.11	Protein_PB.4558.11	GPT2	GPT2	incomplete-splice_match	YES	65.86	132.5	105.17
PB.4558.3	Protein_PB.4558.3	GPT2	GPT2	novel_in_catalog	YES	7.15	24.78	11.43
PB.4558.4	Protein_PB.4558.4	GPT2	GPT2	full-splice_match	YES	26.49	27.12	17.77
PB.4558.5	Protein_PB.4558.5	GPT2	GPT2	novel_in_catalog	YES	2033.96	2792.25	2054.49
PB.4558.8	Protein_PB.4558.8	GPT2	GPT2	full-splice_match	YES	1857.15	2505.98	1718.4
PB.4559.1	Protein_PB.4559.1	PHKB	PHKB	novel_not_in_catalog	YES	278.49	115.92	32.05
PB.4559.10	Protein_PB.4559.10	PHKB	PHKB	novel_in_catalog	YES	21.19	35.2	19.62
PB.4559.11	Protein_PB.4559.11	PHKB	PHKB	novel_not_in_catalog	YES	129.9	34.22	53.1
PB.4559.12	Protein_PB.4559.12	PHKB	PHKB	novel_not_in_catalog	YES	52.92	97.59	116.01
PB.4559.13	Protein_PB.4559.13	PHKB	PHKB	novel_in_catalog	YES	1211.85	1090.87	343.22
PB.4559.24	Protein_PB.4559.24	PHKB	PHKB	novel_not_in_catalog	YES	594.99	372.57	201.54
PB.4559.4	Protein_PB.4559.4	PHKB	PHKB	novel_not_in_catalog	YES	75.71	97.45	96.78
PB.4559.5	Protein_PB.4559.5	PHKB	PHKB	novel_not_in_catalog	YES	167.97	203.62	191.63
PB.4559.6	Protein_PB.4559.6	PHKB	PHKB	novel_in_catalog	YES	363.74	162.38	183.7
PB.4559.7	Protein_PB.4559.7	PHKB	PHKB	novel_not_in_catalog	YES	103.96	35.24	65.7
PB.4559.9	Protein_PB.4559.9	PHKB	PHKB	novel_not_in_catalog	YES	306.17	193.0	118.2
PB.456.3	Protein_PB.456.3	TNIK	TNIK	novel_not_in_catalog	YES	60.12	76.28	66.15
PB.456.8	Protein_PB.456.8	TNIK	TNIK	full-splice_match	YES	116.58	94.52	116.51
PB.4560.1	Protein_PB.4560.1	LONP2	LONP2	novel_not_in_catalog	YES	344.4	337.17	279.74
PB.4560.3	Protein_PB.4560.3	LONP2	LONP2	novel_in_catalog	YES	102.98	74.8	30.98
PB.4560.4	Protein_PB.4560.4	LONP2	LONP2	full-splice_match	YES	260.18	309.93	220.65
PB.4560.6	Protein_PB.4560.6	LONP2	LONP2	novel_in_catalog	YES	58.47	83.29	89.4
PB.4560.7	Protein_PB.4560.7	LONP2	LONP2	novel_not_in_catalog	YES	79.2	150.24	104.46
PB.4565.2	Protein_PB.4565.2	CNEP1R1	CNEP1R1	full-splice_match	YES	31.98	23.37	37.4
PB.4565.3		CNEP1R1	CNEP1R1	novel_not_in_catalog	NO	69.15	73.82	67.71
PB.4566.2	Protein_PB.4566.2	HEATR3	HEATR3	full-splice_match	YES	105.93	96.13	72.31
PB.4567.1	Protein_PB.4567.1	TENT4B	TENT4B	full-splice_match	YES	35.38	26.42	31.5
PB.4567.2	Protein_PB.4567.2	TENT4B	TENT4B	full-splice_match	YES	259.41	254.98	150.67
PB.4568.2	Protein_PB.4568.2	ADCY7	ADCY7	full-splice_match	YES	81.39	50.4	73.68
PB.4571.1	Protein_PB.4571.1	CYLD	CYLD	incomplete-splice_match	YES	40.48	49.46	40.59
PB.4571.13	Protein_PB.4571.13	CYLD	CYLD	incomplete-splice_match	YES	61.51	61.95	74.99
PB.4571.14	Protein_PB.4571.14	CYLD	CYLD	incomplete-splice_match	YES	100.41	111.17	73.9
PB.4571.15	Protein_PB.4571.15	CYLD	CYLD	novel_in_catalog	YES	20.69	0.0	8.95
PB.4571.16	Protein_PB.4571.16	CYLD	CYLD	novel_in_catalog	YES	12.55	21.52	62.66
PB.4571.2	Protein_PB.4571.2	CYLD	CYLD	novel_in_catalog	YES	176.64	222.52	138.55
PB.4571.5	Protein_PB.4571.5	CYLD	CYLD	novel_in_catalog	YES	39.84	29.8	37.92
PB.4571.7	Protein_PB.4571.7	CYLD	CYLD	novel_in_catalog	YES	13.82	35.23	16.82
PB.4576.1	Protein_PB.4576.1	CHD9	CHD9	full-splice_match	YES	164.91	188.78	226.04
PB.4576.13	Protein_PB.4576.13	CHD9	CHD9	full-splice_match	YES	33.18	20.85	41.41
PB.4576.3	Protein_PB.4576.3	CHD9	CHD9	full-splice_match	YES	113.62	17.22	79.37
PB.4576.6	Protein_PB.4576.6	CHD9	CHD9	full-splice_match	YES	32.14	36.48	7.15
PB.4576.8	Protein_PB.4576.8	CHD9	CHD9	full-splice_match	YES	66.99	120.86	137.53
PB.4576.9	Protein_PB.4576.9	CHD9	CHD9	full-splice_match	YES	10.7	12.13	66.4
PB.4577.1	Protein_PB.4577.1	RBL2	RBL2	full-splice_match	YES	15.72	30.05	15.76
PB.4577.2	Protein_PB.4577.2	RBL2	RBL2	incomplete-splice_match	YES	61.71	104.69	69.34
PB.4577.6	Protein_PB.4577.6	RBL2	RBL2	full-splice_match	YES	77.05	24.91	48.47
PB.4577.8	Protein_PB.4577.8	RBL2	RBL2	novel_not_in_catalog	YES	113.0	133.07	96.18
PB.4579.1	Protein_PB.4579.1	FTO	FTO	full-splice_match	YES	13.24	11.25	18.89
PB.4579.14		FTO	FTO	novel_not_in_catalog	NO	10.16	18.99	20.2
PB.4579.3	Protein_PB.4579.3	FTO	FTO	full-splice_match	YES	355.6	378.14	327.59
PB.4579.8		FTO	FTO	novel_not_in_catalog	NO	8.32	10.2	18.82
PB.4583.1	Protein_PB.4583.1	MMP2	MMP2	full-splice_match	YES	520.73	280.7	580.75
PB.4583.2	Protein_PB.4583.2	MMP2	MMP2	incomplete-splice_match	YES	182.67	60.51	147.67
PB.4584.2	Protein_PB.4584.2	LPCAT2	LPCAT2	incomplete-splice_match	YES	12.74	21.44	39.69
PB.4584.3	Protein_PB.4584.3	LPCAT2	LPCAT2	novel_not_in_catalog	YES	33.86	35.99	19.17
PB.4589.2	Protein_PB.4589.2	OGFOD1	OGFOD1	full-splice_match	YES	145.27	162.23	148.17
PB.4593.1	Protein_PB.4593.1	LOC113252266	LOC113252266	full-splice_match	YES	210.79	457.72	51.55
PB.4594.1		LOC113252265	LOC113252265	full-splice_match	NO	106.53	230.18	38.72
PB.4595.2	Protein_PB.4595.2	NUP93	NUP93	full-splice_match	YES	149.7	169.76	206.06
PB.4597.3	Protein_PB.4597.3	HERPUD1	HERPUD1	full-splice_match	YES	34.07	35.6	64.85
PB.4597.4	Protein_PB.4597.4	HERPUD1	HERPUD1	full-splice_match	YES	527.42	611.42	744.45
PB.460.3	Protein_PB.460.3	EIF5A2	EIF5A2	full-splice_match	YES	42.36	19.42	44.67
PB.4600.1	Protein_PB.4600.1	CPNE2	CPNE2	full-splice_match	YES	48.85	37.46	42.11
PB.4601.1	Protein_PB.4601.1	RSPRY1	RSPRY1	full-splice_match	YES	49.74	68.56	53.91
PB.4601.2	Protein_PB.4601.2	RSPRY1	RSPRY1	full-splice_match	YES	42.13	24.53	50.3
PB.4602.2	Protein_PB.4602.2	ARL2BP	ARL2BP	full-splice_match	YES	86.44	88.23	90.05
PB.4602.4	Protein_PB.4602.4	ARL2BP	ARL2BP	novel_in_catalog	YES	83.51	60.23	118.97
PB.4607.1	Protein_PB.4607.1	CX3CL1	CX3CL1	full-splice_match	YES	18.7	11.01	17.29
PB.4609.1	Protein_PB.4609.1	COQ9	COQ9	full-splice_match	YES	63.81	60.27	41.4
PB.4609.2	Protein_PB.4609.2	COQ9	COQ9	novel_not_in_catalog	YES	1811.04	1921.03	1356.26
PB.4609.4	Protein_PB.4609.4	COQ9	COQ9	novel_in_catalog	YES	23.67	20.46	8.16
PB.4609.5	Protein_PB.4609.5	COQ9	COQ9	novel_not_in_catalog	YES	1335.26	1600.27	1020.95
PB.4609.7	Protein_PB.4609.7	COQ9	COQ9	novel_in_catalog	YES	17.61	14.98	18.45
PB.4609.9	Protein_PB.4609.9	COQ9	COQ9	novel_not_in_catalog	YES	148.32	122.93	109.47
PB.461.1	Protein_PB.461.1	RPL22L1	RPL22L1	full-splice_match	YES	361.18	298.08	582.42
PB.461.2	Protein_PB.461.2	RPL22L1	RPL22L1	full-splice_match	YES	62.0	66.24	129.8
PB.461.3		RPL22L1	RPL22L1	novel_in_catalog	NO	13.04	13.14	18.98
PB.4610.14	Protein_PB.4610.14	POLR2C	POLR2C	full-splice_match	YES	308.38	322.33	338.46
PB.4612.1	Protein_PB.4612.1	ADGRG1	ADGRG1	full-splice_match	YES	93.9	81.61	48.38
PB.4612.2	Protein_PB.4612.2	ADGRG1	ADGRG1	incomplete-splice_match	YES	88.73	62.67	61.46
PB.4615.1	Protein_PB.4615.1	KATNB1	KATNB1	full-splice_match	YES	73.72	83.11	75.83
PB.4617.1	Protein_PB.4617.1	USB1	USB1	full-splice_match	YES	32.8	34.35	24.7
PB.4617.7	Protein_PB.4617.7	USB1	USB1	incomplete-splice_match	YES	23.7	28.07	21.69
PB.4618.1	Protein_PB.4618.1	MMP15	MMP15	full-splice_match	YES	142.89	103.24	134.95
PB.4622.4	Protein_PB.4622.4	SETD6	SETD6	full-splice_match	YES	43.41	32.85	60.47
PB.4625.1	Protein_PB.4625.1	CDH5	CDH5	novel_not_in_catalog	YES	70.28	23.58	35.5
PB.4625.12	Protein_PB.4625.12	CDH5	CDH5	full-splice_match	YES	74.07	49.43	30.05
PB.4625.14	Protein_PB.4625.14	CDH5	CDH5	incomplete-splice_match	YES	170.69	108.25	82.95
PB.4625.4	Protein_PB.4625.4	CDH5	CDH5	novel_not_in_catalog	YES	60.14	44.85	44.99
PB.4625.5	Protein_PB.4625.5	CDH5	CDH5	novel_in_catalog	YES	53.77	50.47	53.72
PB.4629.1	Protein_PB.4629.1	CMTM3	CMTM3	full-splice_match	YES	54.36	20.92	40.12
PB.4631.2	Protein_PB.4631.2	PDP2	PDP2	full-splice_match	YES	14.24	28.3	41.99
PB.4631.3	Protein_PB.4631.3	PDP2	PDP2	full-splice_match	YES	23.91	14.34	0.0
PB.4632.1	Protein_PB.4632.1	CES2	CES2	novel_not_in_catalog	YES	0.0	19.6	1.66
PB.4632.3	Protein_PB.4632.3	CES2	CES2	full-splice_match	YES	29.63	7.57	16.11
PB.4635.1	Protein_PB.4635.1	CBFB	CBFB	full-splice_match	YES	78.17	82.98	66.45
PB.4635.2	Protein_PB.4635.2	CBFB	CBFB	full-splice_match	YES	31.58	38.04	28.62
PB.4635.3	Protein_PB.4635.3	CBFB	CBFB	novel_in_catalog	YES	71.65	83.58	72.2
PB.4636.2	Protein_PB.4636.2	CUNH16orf70	CUNH16orf70	full-splice_match	YES	66.04	68.77	61.06
PB.4636.4	Protein_PB.4636.4	CUNH16orf70	CUNH16orf70	novel_in_catalog	YES	50.92	45.87	27.81
PB.4637.15	Protein_PB.4637.15	NOL3	NOL3	full-splice_match	YES	632.86	636.91	612.14
PB.4637.4	Protein_PB.4637.4	FBXL8	FBXL8	full-splice_match	YES	26.58	17.86	15.41
PB.4638.1	Protein_PB.4638.1	E2F4	E2F4	full-splice_match	YES	134.25	122.76	125.76
PB.4640.1	Protein_PB.4640.1	TMEM208	TMEM208	full-splice_match	YES	30.02	37.48	34.91
PB.4643.1	Protein_PB.4643.1	LRRC36	LRRC36	full-splice_match	YES	28.12	42.68	10.08
PB.4647.1	Protein_PB.4647.1	CTCF	CTCF	full-splice_match	YES	129.36	146.29	178.35
PB.4647.2	Protein_PB.4647.2	CTCF	CTCF	full-splice_match	YES	131.13	147.32	202.44
PB.4647.3	Protein_PB.4647.3	CTCF	CTCF	full-splice_match	YES	132.45	72.51	2.25
PB.4647.4	Protein_PB.4647.4	CTCF	CTCF	incomplete-splice_match	YES	90.11	67.27	82.03
PB.4649.2	Protein_PB.4649.2	PARD6A	PARD6A	full-splice_match	YES	17.43	22.55	10.18
PB.4653.1	Protein_PB.4653.1	THAP11	THAP11	full-splice_match	YES	384.17	397.62	427.93
PB.4654.3	Protein_PB.4654.3	NUTF2	NUTF2	full-splice_match	YES	44.76	53.6	50.52
PB.4654.5	Protein_PB.4654.5	NUTF2	NUTF2	full-splice_match	YES	161.36	159.99	142.23
PB.4654.6	Protein_PB.4654.6	NUTF2	NUTF2	full-splice_match	YES	314.37	346.2	199.95
PB.4655.10	Protein_PB.4655.10	EDC4	EDC4	incomplete-splice_match	YES	33.83	41.44	22.61
PB.4655.3	Protein_PB.4655.3	EDC4	EDC4	novel_not_in_catalog	YES	273.97	237.57	315.11
PB.4655.6	Protein_PB.4655.6	EDC4	EDC4	full-splice_match	YES	116.71	184.31	98.31
PB.4657.1	Protein_PB.4657.1	PSKH1	PSKH1	novel_not_in_catalog	YES	24.1	23.11	39.48
PB.4657.3	Protein_PB.4657.3	PSKH1	PSKH1	novel_not_in_catalog	YES	45.44	63.97	39.24
PB.4657.4	Protein_PB.4657.4	PSKH1	PSKH1	novel_not_in_catalog	YES	31.18	24.09	4.85
PB.4657.8	Protein_PB.4657.8	PSKH1	PSKH1	full-splice_match	YES	68.36	63.57	86.48
PB.4657.9	Protein_PB.4657.9	PSKH1	PSKH1	novel_not_in_catalog	YES	22.39	19.75	27.88
PB.4659.1	Protein_PB.4659.1	DUS2	DUS2	full-splice_match	YES	26.63	26.89	4.58
PB.4659.12	Protein_PB.4659.12	DUS2	DUS2	novel_in_catalog	YES	85.11	97.13	99.31
PB.4660.1	Protein_PB.4660.1	NFATC3	NFATC3	full-splice_match	YES	100.81	97.12	164.62
PB.4660.6	Protein_PB.4660.6	NFATC3	NFATC3	incomplete-splice_match	YES	148.51	118.95	269.94
PB.4660.7	Protein_PB.4660.7	NFATC3	NFATC3	full-splice_match	YES	30.79	27.96	62.02
PB.4660.8	Protein_PB.4660.8	NFATC3	NFATC3	novel_not_in_catalog	YES	19.52	7.27	50.23
PB.4660.9	Protein_PB.4660.9	NFATC3	NFATC3	incomplete-splice_match	YES	232.06	180.37	323.01
PB.4661.3	Protein_PB.4661.3	PLA2G15	PLA2G15	full-splice_match	YES	105.87	124.86	123.74
PB.4661.4	Protein_PB.4661.4	SLC7A6_PLA2G15	SLC7A6_PLA2G15	fusion	YES	26.04	27.68	23.79
PB.4661.7	Protein_PB.4661.7	SLC7A6	SLC7A6	novel_in_catalog	YES	10.69	12.18	20.92
PB.4662.13	Protein_PB.4662.13	PRMT7	PRMT7	full-splice_match	YES	19.18	13.2	7.85
PB.4662.3	Protein_PB.4662.3	PRMT7	PRMT7	novel_not_in_catalog	YES	7.67	20.55	28.22
PB.4662.9	Protein_PB.4662.9	PRMT7	PRMT7	full-splice_match	YES	128.55	110.63	55.94
PB.4664.2	Protein_PB.4664.2	ZFP90	ZFP90	novel_in_catalog	YES	41.74	20.98	53.37
PB.4664.5	Protein_PB.4664.5	ZFP90	ZFP90	novel_not_in_catalog	YES	16.38	12.13	35.35
PB.4664.8	Protein_PB.4664.8	ZFP90	ZFP90	incomplete-splice_match	YES	21.04	40.85	29.93
PB.4667.2	Protein_PB.4667.2	HAS3_TANGO6	HAS3_TANGO6	full-splice_match	YES	227.64	222.98	186.21
PB.4667.7	Protein_PB.4667.7	HAS3	HAS3	full-splice_match	YES	21.27	11.28	11.28
PB.4670.1	Protein_PB.4670.1	UTP4	UTP4	full-splice_match	YES	80.51	92.42	119.99
PB.4671.1	Protein_PB.4671.1	SNTB2	SNTB2	full-splice_match	YES	141.94	69.49	111.77
PB.4672.1	Protein_PB.4672.1	VPS4A	VPS4A	full-splice_match	YES	702.59	794.72	776.13
PB.4672.3	Protein_PB.4672.3	VPS4A	VPS4A	full-splice_match	YES	205.2	207.23	210.56
PB.4673.1	Protein_PB.4673.1	NIP7	NIP7	full-splice_match	YES	50.46	61.44	57.92
PB.4674.1	Protein_PB.4674.1	LOC113252430	LOC113252430	novel_not_in_catalog	YES	22.07	18.0	22.55
PB.4674.3	Protein_PB.4674.3	LOC113252430	LOC113252430	full-splice_match	YES	180.53	173.56	155.06
PB.4676.1	Protein_PB.4676.1	NFAT5	NFAT5	full-splice_match	YES	94.62	32.18	75.4
PB.4676.2	Protein_PB.4676.2	NFAT5	NFAT5	full-splice_match	YES	39.69	36.42	34.6
PB.4676.4	Protein_PB.4676.4	NFAT5	NFAT5	full-splice_match	YES	233.64	230.75	215.79
PB.4676.6	Protein_PB.4676.6	NFAT5	NFAT5	full-splice_match	YES	55.59	34.39	110.76
PB.4677.1	Protein_PB.4677.1	WWP2	WWP2	novel_not_in_catalog	YES	12.63	27.82	42.89
PB.4677.2	Protein_PB.4677.2	WWP2	WWP2	full-splice_match	YES	90.73	66.5	75.7
PB.468.3	Protein_PB.468.3	PHC3	PHC3	full-splice_match	YES	22.41	10.82	33.78
PB.468.6	Protein_PB.468.6	PHC3	PHC3	full-splice_match	YES	179.44	189.54	223.82
PB.468.8	Protein_PB.468.8	PHC3	PHC3	novel_not_in_catalog	YES	68.38	33.33	58.72
PB.4684.1	Protein_PB.4684.1	ZFHX3	ZFHX3	full-splice_match	YES	31.54	30.47	21.2
PB.4684.2	Protein_PB.4684.2	ZFHX3	ZFHX3	full-splice_match	YES	159.54	124.22	181.68
PB.4686.1	Protein_PB.4686.1	TXNL4B	TXNL4B	full-splice_match	YES	55.67	64.94	71.66
PB.4688.1	Protein_PB.4688.1	ZNF821	ZNF821	full-splice_match	YES	28.83	23.03	32.4
PB.4688.2	Protein_PB.4688.2	ZNF821	ZNF821	full-splice_match	YES	17.59	8.17	26.32
PB.4688.4	Protein_PB.4688.4	ZNF821	ZNF821	full-splice_match	YES	8.49	5.84	25.17
PB.4690.1	Protein_PB.4690.1	AP1G1	AP1G1	full-splice_match	YES	57.12	53.5	37.85
PB.4690.2	Protein_PB.4690.2	AP1G1	AP1G1	full-splice_match	YES	127.78	136.31	155.49
PB.4690.4	Protein_PB.4690.4	AP1G1	AP1G1	incomplete-splice_match	YES	77.39	75.09	62.01
PB.4692.1	Protein_PB.4692.1	PHLPP2	PHLPP2	full-splice_match	YES	87.5	78.83	78.92
PB.4695.11	Protein_PB.4695.11	ZNF23	ZNF23	novel_in_catalog	YES	27.43	29.72	42.25
PB.4697.1	Protein_PB.4697.1	CMTR2	CMTR2	full-splice_match	YES	46.22	43.67	59.99
PB.4697.3	Protein_PB.4697.3	CMTR2	CMTR2	full-splice_match	YES	48.95	60.09	43.49
PB.4698.1	Protein_PB.4698.1	HYDIN	HYDIN	full-splice_match	YES	21.21	20.42	32.85
PB.4700.2	Protein_PB.4700.2	VAC14	VAC14	full-splice_match	YES	149.09	176.1	154.6
PB.4702.1	Protein_PB.4702.1	MTSS1L	MTSS1L	full-splice_match	YES	188.32	157.98	234.76
PB.4703.2	Protein_PB.4703.2	COG4	COG4	full-splice_match	YES	33.23	18.57	29.21
PB.4703.3	Protein_PB.4703.3	COG4	COG4	full-splice_match	YES	156.47	151.39	129.94
PB.4704.1	Protein_PB.4704.1	ST3GAL2	ST3GAL2	full-splice_match	YES	203.57	163.81	207.22
PB.4704.2	Protein_PB.4704.2	ST3GAL2	ST3GAL2	full-splice_match	YES	112.66	113.64	72.95
PB.4704.3	Protein_PB.4704.3	ST3GAL2	ST3GAL2	full-splice_match	YES	22.44	20.12	27.23
PB.4706.12	Protein_PB.4706.12	AARS	AARS	full-splice_match	YES	705.34	774.2	842.8
PB.4706.18	Protein_PB.4706.18	AARS	AARS	incomplete-splice_match	YES	34.76	65.37	57.53
PB.4706.5	Protein_PB.4706.5	AARS	AARS	novel_in_catalog	YES	389.13	305.84	334.61
PB.4707.1	Protein_PB.4707.1	EXOSC6	EXOSC6	full-splice_match	YES	32.09	30.8	35.16
PB.4710.1	Protein_PB.4710.1	ZNRF1	ZNRF1	full-splice_match	YES	73.94	75.0	60.58
PB.4710.2	Protein_PB.4710.2	ZNRF1	ZNRF1	full-splice_match	YES	13.22	2.25	20.04
PB.4710.3	Protein_PB.4710.3	ZNRF1	ZNRF1	full-splice_match	YES	54.21	43.38	50.94
PB.4710.4	Protein_PB.4710.4	ZNRF1	ZNRF1	full-splice_match	YES	229.92	221.69	153.39
PB.4711.2	Protein_PB.4711.2	ZFP1	ZFP1	full-splice_match	YES	63.03	33.72	49.15
PB.4711.3	Protein_PB.4711.3	ZFP1	ZFP1	novel_in_catalog	YES	0.23	1.84	20.82
PB.4715.1	Protein_PB.4715.1	GABARAPL2	GABARAPL2	incomplete-splice_match	YES	15.16	12.63	17.99
PB.4715.2	Protein_PB.4715.2	GABARAPL2	GABARAPL2	full-splice_match	YES	757.44	920.42	732.89
PB.4716.1	Protein_PB.4716.1	TERF2IP	TERF2IP	full-splice_match	YES	406.29	451.21	455.77
PB.472.1	Protein_PB.472.1	MECOM	MECOM	full-splice_match	YES	5.05	8.99	18.19
PB.472.3	Protein_PB.472.3	MECOM	MECOM	full-splice_match	YES	23.35	21.95	14.59
PB.472.9	Protein_PB.472.9	MECOM	MECOM	incomplete-splice_match	YES	25.29	19.8	18.78
PB.4720.1	Protein_PB.4720.1	MON1B	MON1B	full-splice_match	YES	73.85	66.03	68.18
PB.4721.3	Protein_PB.4721.3	NUDT7	NUDT7	full-splice_match	YES	37.67	45.01	42.48
PB.4722.1	Protein_PB.4722.1	VAT1L	VAT1L	full-splice_match	YES	71.98	65.13	59.75
PB.4729.1	Protein_PB.4729.1	ATMIN	ATMIN	full-splice_match	YES	485.21	502.29	439.76
PB.4729.2	Protein_PB.4729.2	ATMIN	ATMIN	incomplete-splice_match	YES	290.33	305.57	332.21
PB.4732.1	Protein_PB.4732.1	BCO1	BCO1	full-splice_match	YES	6.71	13.38	17.45
PB.4733.2	Protein_PB.4733.2	GAN	GAN	full-splice_match	YES	44.22	42.69	58.33
PB.4734.1	Protein_PB.4734.1	CMIP	CMIP	full-splice_match	YES	41.23	26.21	39.6
PB.4736.1	Protein_PB.4736.1	PLCG2	PLCG2	full-splice_match	YES	41.77	22.43	27.26
PB.4739.2	Protein_PB.4739.2	CDH13	CDH13	full-splice_match	YES	705.49	504.59	814.46
PB.4739.5	Protein_PB.4739.5	CDH13	CDH13	incomplete-splice_match	YES	161.34	140.54	193.81
PB.4741.1	Protein_PB.4741.1	HSBP1	HSBP1	full-splice_match	YES	118.4	145.39	81.95
PB.4741.2		HSBP1	HSBP1	novel_in_catalog	NO	15.6	30.13	49.14
PB.4741.4		HSBP1	HSBP1	novel_not_in_catalog	NO	68.79	78.12	40.72
PB.4741.5	Protein_PB.4741.5	HSBP1	HSBP1	novel_in_catalog	YES	384.69	446.42	253.16
PB.4741.7	Protein_PB.4741.7	HSBP1	HSBP1	full-splice_match	YES	77.92	98.96	40.03
PB.4742.1	Protein_PB.4742.1	MLYCD	MLYCD	full-splice_match	YES	527.2	836.6	966.82
PB.4743.1	Protein_PB.4743.1	OSGIN1	OSGIN1	full-splice_match	YES	34.79	27.68	13.28
PB.4749.1	Protein_PB.4749.1	PDLIM1	PDLIM1	full-splice_match	YES	2890.7	3512.28	2057.91
PB.4749.2	Protein_PB.4749.2	PDLIM1	PDLIM1	novel_not_in_catalog	YES	13.28	18.59	13.03
PB.4749.3	Protein_PB.4749.3	PDLIM1	PDLIM1	novel_not_in_catalog	YES	129.01	183.33	46.63
PB.475.1	Protein_PB.475.1	GOLIM4	GOLIM4	novel_not_in_catalog	YES	58.1	33.37	62.06
PB.475.12	Protein_PB.475.12	GOLIM4	GOLIM4	incomplete-splice_match	YES	31.59	9.1	23.24
PB.475.2	Protein_PB.475.2	GOLIM4	GOLIM4	novel_not_in_catalog	YES	184.43	105.41	107.34
PB.475.4	Protein_PB.475.4	GOLIM4	GOLIM4	full-splice_match	YES	36.02	65.97	39.79
PB.4750.15	Protein_PB.4750.15	SORBS1	SORBS1	novel_not_in_catalog	YES	31.15	13.67	34.02
PB.4750.16	Protein_PB.4750.16	SORBS1	SORBS1	novel_not_in_catalog	YES	207.73	274.95	114.15
PB.4750.17	Protein_PB.4750.17	SORBS1	SORBS1	novel_not_in_catalog	YES	19.85	33.67	118.76
PB.4750.19	Protein_PB.4750.19	SORBS1	SORBS1	novel_not_in_catalog	YES	17.51	8.59	20.2
PB.4750.22	Protein_PB.4750.22	SORBS1	SORBS1	novel_not_in_catalog	YES	1.56	8.58	23.7
PB.4750.25	Protein_PB.4750.25	SORBS1	SORBS1	novel_in_catalog	YES	11.75	40.39	19.49
PB.4750.28	Protein_PB.4750.28	SORBS1	SORBS1	novel_not_in_catalog	YES	423.36	676.57	568.92
PB.4750.36	Protein_PB.4750.36	SORBS1	SORBS1	novel_not_in_catalog	YES	51.94	50.31	109.27
PB.4750.37	Protein_PB.4750.37	SORBS1	SORBS1	novel_in_catalog	YES	32.4	28.16	64.95
PB.4750.38	Protein_PB.4750.38	SORBS1	SORBS1	novel_not_in_catalog	YES	9.97	12.17	21.67
PB.4750.40	Protein_PB.4750.40	SORBS1	SORBS1	novel_not_in_catalog	YES	63.69	107.56	94.88
PB.4750.41	Protein_PB.4750.41	SORBS1	SORBS1	novel_not_in_catalog	YES	305.96	383.31	511.24
PB.4750.42	Protein_PB.4750.42	SORBS1	SORBS1	novel_not_in_catalog	YES	200.85	190.69	198.6
PB.4751.4	Protein_PB.4751.4	ALDH18A1	ALDH18A1	full-splice_match	YES	153.79	108.31	114.91
PB.4760.1	Protein_PB.4760.1	TM9SF3	TM9SF3	full-splice_match	YES	581.55	517.16	483.52
PB.4761.1	Protein_PB.4761.1	PIK3AP1	PIK3AP1	full-splice_match	YES	66.75	37.32	101.27
PB.4761.2	Protein_PB.4761.2	PIK3AP1	PIK3AP1	novel_not_in_catalog	YES	46.41	31.44	83.76
PB.4765.2	Protein_PB.4765.2	ARHGAP19	ARHGAP19	full-splice_match	YES	20.25	26.08	70.47
PB.4766.1	Protein_PB.4766.1	FRAT2	FRAT2	full-splice_match	YES	56.87	57.9	56.02
PB.4767.1	Protein_PB.4767.1	RRP12	RRP12	full-splice_match	YES	55.03	51.99	55.91
PB.4767.2	Protein_PB.4767.2	RRP12	RRP12	novel_in_catalog	YES	48.76	81.96	112.25
PB.4767.3	Protein_PB.4767.3	RRP12	RRP12	novel_not_in_catalog	YES	88.12	100.12	135.54
PB.4768.1	Protein_PB.4768.1	EXOSC1	EXOSC1	novel_not_in_catalog	YES	54.21	48.7	52.75
PB.4768.2	Protein_PB.4768.2	EXOSC1	EXOSC1	full-splice_match	YES	52.26	55.83	63.01
PB.4769.1	Protein_PB.4769.1	MMS19	MMS19	novel_not_in_catalog	YES	24.98	10.26	17.97
PB.4769.10	Protein_PB.4769.10	MMS19	MMS19	novel_not_in_catalog	YES	0.0	5.13	35.85
PB.4769.12	Protein_PB.4769.12	MMS19	MMS19	novel_not_in_catalog	YES	3.63	10.69	47.39
PB.4769.5	Protein_PB.4769.5	MMS19	MMS19	full-splice_match	YES	157.43	148.7	113.49
PB.4769.6	Protein_PB.4769.6	MMS19	MMS19	full-splice_match	YES	189.76	292.96	204.85
PB.4771.9	Protein_PB.4771.9	MORN4	MORN4	novel_in_catalog	YES	25.72	31.99	21.96
PB.4772.1	Protein_PB.4772.1	AVPI1	AVPI1	full-splice_match	YES	216.41	199.95	164.7
PB.4772.2	Protein_PB.4772.2	AVPI1	AVPI1	full-splice_match	YES	82.53	86.27	57.9
PB.4775.4	Protein_PB.4775.4	LOXL4	LOXL4	novel_not_in_catalog	YES	22.54	19.24	23.95
PB.4776.1	Protein_PB.4776.1	PYROXD2	PYROXD2	full-splice_match	YES	50.72	43.43	23.53
PB.4776.3	Protein_PB.4776.3	PYROXD2	PYROXD2	full-splice_match	YES	25.43	18.17	5.4
PB.4779.1	Protein_PB.4779.1	GOT1	GOT1	full-splice_match	YES	3313.59	3866.09	1277.52
PB.4779.14	Protein_PB.4779.14	GOT1	GOT1	novel_not_in_catalog	YES	34.46	36.3	5.59
PB.4779.4	Protein_PB.4779.4	GOT1	GOT1	novel_not_in_catalog	YES	195.86	346.08	230.43
PB.4779.5	Protein_PB.4779.5	GOT1	GOT1	novel_not_in_catalog	YES	112.34	66.56	23.79
PB.4779.8	Protein_PB.4779.8	GOT1	GOT1	novel_not_in_catalog	YES	35.25	29.55	22.63
PB.478.1	Protein_PB.478.1	PDCD10	PDCD10	full-splice_match	YES	67.26	63.99	57.47
PB.478.2	Protein_PB.478.2	PDCD10	PDCD10	full-splice_match	YES	21.28	23.92	16.32
PB.4780.1	Protein_PB.4780.1	SLC25A28	SLC25A28	full-splice_match	YES	45.84	36.6	49.19
PB.4780.2	Protein_PB.4780.2	SLC25A28	SLC25A28	full-splice_match	YES	71.73	100.92	115.45
PB.4781.3	Protein_PB.4781.3	LOC113251817	LOC113251817	full-splice_match	YES	77.46	93.58	49.04
PB.4781.7	Protein_PB.4781.7	LOC113251817	LOC113251817	novel_not_in_catalog	YES	11.28	15.87	24.94
PB.4782.4	Protein_PB.4782.4	DNMBP	DNMBP	full-splice_match	YES	118.66	117.11	152.52
PB.4785.13	Protein_PB.4785.13	ERLIN1	ERLIN1	novel_in_catalog	YES	9.58	6.52	24.53
PB.4785.7	Protein_PB.4785.7	ERLIN1	ERLIN1	novel_in_catalog	YES	131.22	100.35	107.17
PB.4786.1	Protein_PB.4786.1	CHUK	CHUK	full-splice_match	YES	171.9	185.4	135.62
PB.4786.2	Protein_PB.4786.2	CHUK	CHUK	full-splice_match	YES	39.28	31.22	48.27
PB.4786.3	Protein_PB.4786.3	CHUK	CHUK	full-splice_match	YES	21.8	19.65	23.67
PB.4787.11	Protein_PB.4787.11	CWF19L1	CWF19L1	novel_in_catalog	YES	27.31	33.67	31.16
PB.4787.13	Protein_PB.4787.13	BLOC1S2_CWF19L1	BLOC1S2_CWF19L1	fusion	YES	167.04	162.78	177.14
PB.4787.16	Protein_PB.4787.16	BLOC1S2	BLOC1S2	full-splice_match	YES	19.02	13.77	23.22
PB.4787.17	Protein_PB.4787.17	BLOC1S2	BLOC1S2	novel_in_catalog	YES	19.06	22.17	19.37
PB.4790.10	Protein_PB.4790.10	SEC31B	SEC31B	full-splice_match	YES	52.65	90.38	70.26
PB.4790.11	Protein_PB.4790.11	SEC31B	SEC31B	full-splice_match	YES	101.23	72.76	53.47
PB.4790.17	Protein_PB.4790.17	SEC31B	SEC31B	novel_in_catalog	YES	233.89	147.97	123.05
PB.4790.5	Protein_PB.4790.5	SEC31B	SEC31B	novel_in_catalog	YES	29.53	28.68	42.69
PB.4790.6	Protein_PB.4790.6	SEC31B	SEC31B	novel_in_catalog	YES	66.34	159.77	70.88
PB.4791.1	Protein_PB.4791.1	NDUFB8	NDUFB8	novel_in_catalog	YES	38.13	46.48	32.71
PB.4791.2	Protein_PB.4791.2	NDUFB8	NDUFB8	full-splice_match	YES	2032.44	2503.57	1817.59
PB.4792.1	Protein_PB.4792.1	MRPL43	MRPL43	full-splice_match	YES	186.62	203.25	179.76
PB.4792.2	Protein_PB.4792.2	MRPL43	MRPL43	novel_in_catalog	YES	55.52	55.35	64.59
PB.4795.1	Protein_PB.4795.1	LBX1	LBX1	full-splice_match	YES	43.79	41.69	44.39
PB.4796.4	Protein_PB.4796.4	POLL	POLL	full-splice_match	YES	60.68	64.24	55.46
PB.4797.1	Protein_PB.4797.1	FBXW4	FBXW4	full-splice_match	YES	317.12	348.11	314.52
PB.4800.1	Protein_PB.4800.1	NPM3	NPM3	full-splice_match	YES	180.37	178.63	205.87
PB.4801.1	Protein_PB.4801.1	OGA	OGA	incomplete-splice_match	YES	22.17	15.27	24.01
PB.4801.3	Protein_PB.4801.3	OGA	OGA	full-splice_match	YES	402.85	488.12	423.73
PB.4801.5	Protein_PB.4801.5	OGA	OGA	incomplete-splice_match	YES	129.22	118.92	121.76
PB.4803.2	Protein_PB.4803.2	ARMH3	ARMH3	novel_not_in_catalog	YES	74.34	67.99	59.09
PB.4803.4	Protein_PB.4803.4	ARMH3	ARMH3	full-splice_match	YES	20.17	26.58	42.2
PB.4803.5	Protein_PB.4803.5	ARMH3	ARMH3	full-splice_match	YES	23.52	17.99	15.33
PB.4807.3	Protein_PB.4807.3	LDB1	LDB1	full-splice_match	YES	145.44	126.73	202.36
PB.4807.4	Protein_PB.4807.4	LDB1	LDB1	full-splice_match	YES	32.29	42.76	41.41
PB.4809.1	Protein_PB.4809.1	PITX3	PITX3	full-splice_match	YES	76.18	80.24	69.41
PB.4811.1	Protein_PB.4811.1	CUEDC2	CUEDC2	full-splice_match	YES	318.23	332.69	238.39
PB.4811.3	Protein_PB.4811.3	CUEDC2	CUEDC2	full-splice_match	YES	64.17	43.0	29.46
PB.4812.1	Protein_PB.4812.1	ACTR1A	ACTR1A	full-splice_match	YES	871.63	905.37	742.79
PB.4813.1	Protein_PB.4813.1	ARL3	ARL3	full-splice_match	YES	18.65	16.64	16.66
PB.4815.22	Protein_PB.4815.22	NT5C2	NT5C2	novel_not_in_catalog	YES	61.17	96.5	25.61
PB.4815.28	Protein_PB.4815.28	NT5C2	NT5C2	novel_not_in_catalog	YES	14.33	21.41	10.78
PB.4815.32	Protein_PB.4815.32	NT5C2	NT5C2	novel_not_in_catalog	YES	65.91	52.33	35.82
PB.4815.38	Protein_PB.4815.38	NT5C2	NT5C2	novel_not_in_catalog	YES	31.33	22.65	38.0
PB.4815.39	Protein_PB.4815.39	NT5C2	NT5C2	novel_not_in_catalog	YES	29.2	27.35	13.94
PB.4815.43	Protein_PB.4815.43	NT5C2	NT5C2	novel_not_in_catalog	YES	27.84	32.29	52.86
PB.4815.7	Protein_PB.4815.7	NT5C2	NT5C2	novel_not_in_catalog	YES	8.89	15.93	22.95
PB.4815.9	Protein_PB.4815.9	NT5C2	NT5C2	novel_not_in_catalog	YES	20.75	36.41	46.02
PB.4818.1		ATP5MD	ATP5MD	full-splice_match	NO	17.76	19.39	11.87
PB.4818.2		ATP5MD	ATP5MD	full-splice_match	NO	1666.94	2083.76	1265.76
PB.4822.1	Protein_PB.4822.1	SH3PXD2A	SH3PXD2A	incomplete-splice_match	YES	69.68	49.04	24.02
PB.4822.3	Protein_PB.4822.3	SH3PXD2A	SH3PXD2A	full-splice_match	YES	40.4	42.79	82.73
PB.4822.4	Protein_PB.4822.4	SH3PXD2A	SH3PXD2A	full-splice_match	YES	97.55	86.74	82.97
PB.4823.1	Protein_PB.4823.1	STN1	STN1	full-splice_match	YES	55.67	81.58	57.73
PB.4823.2	Protein_PB.4823.2	STN1	STN1	full-splice_match	YES	95.91	135.04	173.63
PB.4823.4	Protein_PB.4823.4	STN1	STN1	novel_not_in_catalog	YES	167.25	206.86	201.48
PB.4826.2	Protein_PB.4826.2	ITPRIP	ITPRIP	incomplete-splice_match	YES	37.02	26.05	35.2
PB.4826.3	Protein_PB.4826.3	ITPRIP	ITPRIP	full-splice_match	YES	203.28	157.24	181.8
PB.4837.6	Protein_PB.4837.6	XPNPEP1	XPNPEP1	full-splice_match	YES	224.56	249.06	198.69
PB.4838.1	Protein_PB.4838.1	SMNDC1	SMNDC1	full-splice_match	YES	80.08	96.85	102.88
PB.4838.2	Protein_PB.4838.2	SMNDC1	SMNDC1	novel_not_in_catalog	YES	37.34	28.96	18.37
PB.4838.4	Protein_PB.4838.4	SMNDC1	SMNDC1	full-splice_match	YES	16.96	10.62	14.78
PB.484.1	Protein_PB.484.1	LOC113257125	LOC113257125	full-splice_match	YES	29.31	24.75	50.78
PB.4842.1		BBIP1	BBIP1	full-splice_match	NO	21.26	17.34	9.78
PB.4842.2		BBIP1	BBIP1	full-splice_match	NO	16.41	27.31	8.39
PB.4842.4		BBIP1	BBIP1	full-splice_match	NO	35.42	38.0	25.95
PB.4842.5		BBIP1	BBIP1	full-splice_match	NO	19.39	14.21	9.85
PB.4842.7		BBIP1	BBIP1	full-splice_match	NO	14.97	17.21	12.75
PB.4845.10	Protein_PB.4845.10	GPAM	GPAM	novel_not_in_catalog	YES	75.69	82.94	93.13
PB.4845.14	Protein_PB.4845.14	GPAM	GPAM	full-splice_match	YES	21.33	24.13	17.24
PB.4845.16	Protein_PB.4845.16	GPAM	GPAM	novel_in_catalog	YES	17.66	21.65	31.62
PB.4845.22	Protein_PB.4845.22	GPAM	GPAM	novel_in_catalog	YES	24.78	20.97	67.31
PB.4845.25	Protein_PB.4845.25	GPAM	GPAM	novel_not_in_catalog	YES	90.89	171.63	57.03
PB.4845.5	Protein_PB.4845.5	GPAM	GPAM	full-splice_match	YES	13.58	21.28	31.56
PB.4848.2	Protein_PB.4848.2	ZDHHC6	ZDHHC6	full-splice_match	YES	97.7	78.33	82.37
PB.4848.3	Protein_PB.4848.3	ZDHHC6	ZDHHC6	full-splice_match	YES	15.63	31.1	17.94
PB.4854.1	Protein_PB.4854.1	NRAP	NRAP	novel_not_in_catalog	YES	2849.87	3533.05	14745.66
PB.4854.10	Protein_PB.4854.10	NRAP	NRAP	novel_in_catalog	YES	70.21	83.3	382.44
PB.4854.11	Protein_PB.4854.11	NRAP	NRAP	novel_in_catalog	YES	353.26	220.42	398.36
PB.4854.12	Protein_PB.4854.12	NRAP	NRAP	novel_not_in_catalog	YES	31.33	33.05	53.3
PB.4854.13	Protein_PB.4854.13	NRAP	NRAP	novel_in_catalog	YES	81.76	128.34	51.04
PB.4854.14	Protein_PB.4854.14	NRAP	NRAP	novel_not_in_catalog	YES	18.13	5.78	8.43
PB.4854.15	Protein_PB.4854.15	NRAP	NRAP	novel_in_catalog	YES	8727.24	8309.23	17313.51
PB.4854.17	Protein_PB.4854.17	NRAP	NRAP	novel_in_catalog	YES	124.99	58.49	132.76
PB.4854.18	Protein_PB.4854.18	NRAP	NRAP	novel_in_catalog	YES	20.8	8.25	18.98
PB.4854.19	Protein_PB.4854.19	NRAP	NRAP	novel_in_catalog	YES	28.3	36.69	87.6
PB.4854.2	Protein_PB.4854.2	NRAP	NRAP	novel_in_catalog	YES	164.69	122.76	225.21
PB.4854.20	Protein_PB.4854.20	NRAP	NRAP	novel_in_catalog	YES	0.0	72.61	187.8
PB.4854.21	Protein_PB.4854.21	NRAP	NRAP	novel_in_catalog	YES	532.53	719.6	1725.73
PB.4854.22	Protein_PB.4854.22	NRAP	NRAP	novel_in_catalog	YES	155.33	73.72	145.37
PB.4854.23	Protein_PB.4854.23	NRAP	NRAP	novel_in_catalog	YES	18.14	25.74	55.73
PB.4854.24	Protein_PB.4854.24	NRAP	NRAP	novel_in_catalog	YES	112.91	153.66	348.85
PB.4854.25	Protein_PB.4854.25	NRAP	NRAP	novel_not_in_catalog	YES	59.11	75.64	139.14
PB.4854.26	Protein_PB.4854.26	NRAP	NRAP	novel_not_in_catalog	YES	8020.93	8828.88	18517.24
PB.4854.27	Protein_PB.4854.27	NRAP	NRAP	novel_in_catalog	YES	232.37	293.04	571.42
PB.4854.28	Protein_PB.4854.28	NRAP	NRAP	novel_in_catalog	YES	2704.6	2431.14	4286.44
PB.4854.29	Protein_PB.4854.29	NRAP	NRAP	novel_in_catalog	YES	3247.32	3677.07	7231.49
PB.4854.3	Protein_PB.4854.3	NRAP	NRAP	novel_in_catalog	YES	36.87	36.88	84.35
PB.4854.30	Protein_PB.4854.30	NRAP	NRAP	novel_in_catalog	YES	13.83	12.19	78.47
PB.4854.31	Protein_PB.4854.31	NRAP	NRAP	novel_in_catalog	YES	147.38	120.05	583.77
PB.4854.33	Protein_PB.4854.33	NRAP	NRAP	novel_not_in_catalog	YES	10.37	46.01	89.65
PB.4854.34	Protein_PB.4854.34	NRAP	NRAP	full-splice_match	YES	35787.71	38152.28	60433.19
PB.4854.36	Protein_PB.4854.36	NRAP	NRAP	novel_in_catalog	YES	160.14	158.02	345.45
PB.4854.37	Protein_PB.4854.37	NRAP	NRAP	novel_not_in_catalog	YES	31.37	18.39	53.04
PB.4854.40	Protein_PB.4854.40	NRAP	NRAP	novel_in_catalog	YES	483.36	360.52	1289.28
PB.4854.41	Protein_PB.4854.41	NRAP	NRAP	novel_in_catalog	YES	11.42	13.95	36.14
PB.4854.43	Protein_PB.4854.43	NRAP	NRAP	novel_not_in_catalog	YES	102.39	69.31	264.84
PB.4854.44	Protein_PB.4854.44	NRAP	NRAP	incomplete-splice_match	YES	5107.53	5234.59	9671.8
PB.4854.45	Protein_PB.4854.45	NRAP	NRAP	novel_not_in_catalog	YES	2703.19	2746.79	6532.92
PB.4854.49	Protein_PB.4854.49	NRAP	NRAP	novel_not_in_catalog	YES	67.4	28.51	119.99
PB.4854.5	Protein_PB.4854.5	NRAP	NRAP	novel_not_in_catalog	YES	749.79	898.0	1282.53
PB.4854.51	Protein_PB.4854.51	NRAP	NRAP	novel_not_in_catalog	YES	31.83	13.32	266.47
PB.4854.52	Protein_PB.4854.52	NRAP	NRAP	novel_in_catalog	YES	40.65	24.51	74.21
PB.4854.54	Protein_PB.4854.54	NRAP	NRAP	novel_not_in_catalog	YES	989.67	1322.83	1151.13
PB.4854.58	Protein_PB.4854.58	NRAP	NRAP	novel_not_in_catalog	YES	40.29	26.99	73.5
PB.4854.59	Protein_PB.4854.59	NRAP	NRAP	novel_not_in_catalog	YES	764.62	928.68	1711.42
PB.4854.6	Protein_PB.4854.6	NRAP	NRAP	novel_not_in_catalog	YES	84.23	121.89	342.05
PB.4854.61	Protein_PB.4854.61	NRAP	NRAP	novel_not_in_catalog	YES	9.83	10.82	34.2
PB.4854.63	Protein_PB.4854.63	NRAP	NRAP	novel_not_in_catalog	YES	16.75	6.32	18.61
PB.4854.65	Protein_PB.4854.65	NRAP	NRAP	novel_in_catalog	YES	16.43	17.22	20.69
PB.4854.66	Protein_PB.4854.66	NRAP	NRAP	novel_in_catalog	YES	31.88	13.39	27.06
PB.4854.67	Protein_PB.4854.67	NRAP	NRAP	novel_not_in_catalog	YES	27.15	42.95	147.95
PB.4854.7	Protein_PB.4854.7	NRAP	NRAP	novel_in_catalog	YES	296.77	283.61	548.1
PB.4854.72	Protein_PB.4854.72	NRAP	NRAP	incomplete-splice_match	YES	32.35	20.51	34.2
PB.4854.9	Protein_PB.4854.9	NRAP	NRAP	novel_in_catalog	YES	24.18	56.51	8.45
PB.4856.1	Protein_PB.4856.1	DCLRE1A	DCLRE1A	full-splice_match	YES	31.43	40.34	23.38
PB.486.1	Protein_PB.486.1	PRMT2	PRMT2	full-splice_match	YES	311.2	312.32	349.16
PB.4860.1	Protein_PB.4860.1	CCDC186	CCDC186	full-splice_match	YES	164.97	162.44	193.18
PB.4860.2	Protein_PB.4860.2	CCDC186	CCDC186	incomplete-splice_match	YES	34.65	48.59	45.48
PB.4860.4	Protein_PB.4860.4	CCDC186	CCDC186	incomplete-splice_match	YES	29.71	23.51	36.28
PB.4862.1	Protein_PB.4862.1	ABLIM1	ABLIM1	full-splice_match	YES	21.04	11.95	22.54
PB.4862.10	Protein_PB.4862.10	ABLIM1	ABLIM1	full-splice_match	YES	670.46	955.3	1079.3
PB.4862.2	Protein_PB.4862.2	ABLIM1	ABLIM1	full-splice_match	YES	152.1	196.81	413.33
PB.4862.3	Protein_PB.4862.3	ABLIM1	ABLIM1	full-splice_match	YES	67.01	45.07	47.4
PB.4862.4	Protein_PB.4862.4	ABLIM1	ABLIM1	full-splice_match	YES	75.76	58.71	107.84
PB.4862.5	Protein_PB.4862.5	ABLIM1	ABLIM1	full-splice_match	YES	15.84	49.07	64.11
PB.4862.7	Protein_PB.4862.7	ABLIM1	ABLIM1	full-splice_match	YES	6.53	15.89	21.08
PB.4862.9	Protein_PB.4862.9	ABLIM1	ABLIM1	full-splice_match	YES	93.12	269.46	328.23
PB.4867.3	Protein_PB.4867.3	GFRA1	GFRA1	full-splice_match	YES	59.7	59.62	35.79
PB.4867.4	Protein_PB.4867.4	GFRA1	GFRA1	full-splice_match	YES	24.97	10.33	29.01
PB.487.1	Protein_PB.487.1	DIP2A	DIP2A	full-splice_match	YES	70.82	44.95	71.52
PB.4870.5	Protein_PB.4870.5	HSPA12A	HSPA12A	full-splice_match	YES	20.28	8.7	6.65
PB.4873.1	Protein_PB.4873.1	PDZD8	PDZD8	full-splice_match	YES	196.82	218.69	167.34
PB.4878.1	Protein_PB.4878.1	RAB11FIP2	RAB11FIP2	full-splice_match	YES	56.68	59.51	68.05
PB.4881.1	Protein_PB.4881.1	FAM204A	FAM204A	full-splice_match	YES	63.82	72.94	59.96
PB.4881.3	Protein_PB.4881.3	FAM204A	FAM204A	full-splice_match	YES	99.38	116.37	71.02
PB.4883.1	Protein_PB.4883.1	CACUL1	CACUL1	full-splice_match	YES	1193.73	1327.34	1452.92
PB.4884.1		LOC113251987	LOC113251987	full-splice_match	NO	9.9	12.44	48.74
PB.4885.1	Protein_PB.4885.1	EIF3A	EIF3A	full-splice_match	YES	1408.39	1280.05	1563.45
PB.4885.2	Protein_PB.4885.2	EIF3A	EIF3A	incomplete-splice_match	YES	492.09	408.71	472.82
PB.4885.5	Protein_PB.4885.5	EIF3A	EIF3A	incomplete-splice_match	YES	145.95	96.14	118.26
PB.4888.1	Protein_PB.4888.1	SFXN4	SFXN4	full-splice_match	YES	35.9	36.84	49.12
PB.4888.10	Protein_PB.4888.10	SFXN4	SFXN4	novel_in_catalog	YES	17.83	22.49	3.43
PB.4888.11	Protein_PB.4888.11	SFXN4	SFXN4	novel_in_catalog	YES	27.37	35.87	59.82
PB.4888.12	Protein_PB.4888.12	SFXN4	SFXN4	novel_not_in_catalog	YES	81.73	100.06	113.62
PB.4888.14	Protein_PB.4888.14	SFXN4	SFXN4	novel_not_in_catalog	YES	10.57	22.43	25.8
PB.4888.15	Protein_PB.4888.15	SFXN4	SFXN4	novel_not_in_catalog	YES	22.15	5.51	21.0
PB.4888.16	Protein_PB.4888.16	SFXN4	SFXN4	novel_not_in_catalog	YES	21.78	8.7	33.46
PB.4889.1	Protein_PB.4889.1	PRDX3	PRDX3	full-splice_match	YES	2497.91	2717.39	1340.56
PB.4889.3	Protein_PB.4889.3	PRDX3	PRDX3	novel_not_in_catalog	YES	18.04	19.86	10.88
PB.4891.11	Protein_PB.4891.11	TIAL1	TIAL1	novel_in_catalog	YES	68.93	63.09	82.61
PB.4891.14	Protein_PB.4891.14	TIAL1	TIAL1	full-splice_match	YES	10.26	19.67	16.72
PB.4891.5	Protein_PB.4891.5	TIAL1	TIAL1	full-splice_match	YES	33.15	11.96	51.27
PB.4891.6	Protein_PB.4891.6	TIAL1	TIAL1	novel_in_catalog	YES	22.84	11.31	10.9
PB.4891.8	Protein_PB.4891.8	TIAL1	TIAL1	novel_in_catalog	YES	5.83	5.25	17.13
PB.4891.9	Protein_PB.4891.9	TIAL1	TIAL1	novel_in_catalog	YES	35.13	24.21	8.87
PB.4895.2	Protein_PB.4895.2	MCMBP	MCMBP	incomplete-splice_match	YES	17.87	16.08	24.1
PB.4895.3	Protein_PB.4895.3	MCMBP	MCMBP	full-splice_match	YES	57.77	82.12	67.9
PB.4895.4	Protein_PB.4895.4	MCMBP	MCMBP	full-splice_match	YES	20.21	31.78	30.67
PB.4895.5	Protein_PB.4895.5	MCMBP	MCMBP	incomplete-splice_match	YES	122.79	90.33	79.68
PB.490.1	Protein_PB.490.1	PCNT	PCNT	full-splice_match	YES	103.49	76.04	27.66
PB.490.10	Protein_PB.490.10	PCNT	PCNT	novel_not_in_catalog	YES	347.41	353.29	361.93
PB.490.3	Protein_PB.490.3	PCNT	PCNT	full-splice_match	YES	58.17	65.14	124.54
PB.490.6	Protein_PB.490.6	PCNT	PCNT	full-splice_match	YES	56.5	66.65	60.74
PB.490.7	Protein_PB.490.7	PCNT	PCNT	incomplete-splice_match	YES	436.42	441.19	488.89
PB.490.9	Protein_PB.490.9	PCNT	PCNT	novel_not_in_catalog	YES	39.31	62.69	47.78
PB.4901.13	Protein_PB.4901.13	ATE1	ATE1	full-splice_match	YES	87.48	113.01	149.11
PB.4901.14	Protein_PB.4901.14	ATE1	ATE1	full-splice_match	YES	79.17	50.22	88.37
PB.4901.8	Protein_PB.4901.8	ATE1	ATE1	full-splice_match	YES	27.76	36.74	15.03
PB.4902.4	Protein_PB.4902.4	NSMCE4A	NSMCE4A	full-splice_match	YES	110.52	141.81	102.89
PB.4902.7	Protein_PB.4902.7	NSMCE4A	NSMCE4A	novel_not_in_catalog	YES	20.15	16.04	11.65
PB.4905.1	Protein_PB.4905.1	CUNH10orf88	CUNH10orf88	full-splice_match	YES	18.89	24.79	20.54
PB.4906.4	Protein_PB.4906.4	IKZF5	IKZF5	full-splice_match	YES	20.27	25.23	27.51
PB.4906.5	Protein_PB.4906.5	IKZF5	IKZF5	full-splice_match	YES	9.78	3.98	26.96
PB.4906.6	Protein_PB.4906.6	IKZF5	IKZF5	novel_not_in_catalog	YES	32.66	38.24	35.52
PB.4907.1	Protein_PB.4907.1	CPXM2	CPXM2	full-splice_match	YES	56.69	77.04	64.2
PB.4907.2	Protein_PB.4907.2	CPXM2	CPXM2	full-splice_match	YES	373.62	143.9	172.9
PB.4908.1	Protein_PB.4908.1	CHST15	CHST15	full-splice_match	YES	44.66	23.61	39.22
PB.491.2	Protein_PB.491.2	YBEY	YBEY	full-splice_match	YES	205.75	222.21	219.42
PB.491.4	Protein_PB.491.4	YBEY	YBEY	full-splice_match	YES	72.41	79.74	75.77
PB.4912.1	Protein_PB.4912.1	OAT	OAT	full-splice_match	YES	415.36	455.91	302.06
PB.4912.2	Protein_PB.4912.2	OAT	OAT	full-splice_match	YES	240.96	246.56	199.89
PB.4914.1	Protein_PB.4914.1	FAM53B	FAM53B	full-splice_match	YES	3042.02	2640.57	1965.14
PB.4915.1	Protein_PB.4915.1	EEF1AKMT2	EEF1AKMT2	full-splice_match	YES	25.15	22.65	21.37
PB.4915.2	Protein_PB.4915.2	EEF1AKMT2	EEF1AKMT2	full-splice_match	YES	24.16	17.33	26.64
PB.4915.4	Protein_PB.4915.4	EEF1AKMT2	EEF1AKMT2	full-splice_match	YES	15.98	22.03	15.3
PB.4916.4	Protein_PB.4916.4	CTBP2	CTBP2	novel_not_in_catalog	YES	34.96	14.8	16.84
PB.4916.6	Protein_PB.4916.6	CTBP2	CTBP2	incomplete-splice_match	YES	53.73	54.54	76.71
PB.492.3	Protein_PB.492.3	COL6A2	COL6A2	full-splice_match	YES	765.46	361.56	413.99
PB.492.4	Protein_PB.492.4	COL6A2	COL6A2	full-splice_match	YES	222.87	161.18	158.01
PB.492.5	Protein_PB.492.5	COL6A2	COL6A2	full-splice_match	YES	377.49	153.31	135.89
PB.4920.1	Protein_PB.4920.1	UROS	UROS	full-splice_match	YES	138.95	131.05	100.43
PB.4920.2	Protein_PB.4920.2	UROS	UROS	novel_not_in_catalog	YES	16.21	31.67	30.01
PB.4920.8	Protein_PB.4920.8	UROS	UROS	full-splice_match	YES	30.3	39.34	11.13
PB.4922.1	Protein_PB.4922.1	DHX32	DHX32	novel_not_in_catalog	YES	25.92	18.84	16.95
PB.4922.2	Protein_PB.4922.2	DHX32	DHX32	full-splice_match	YES	93.56	84.82	111.59
PB.4922.3	Protein_PB.4922.3	DHX32	DHX32	full-splice_match	YES	65.88	75.93	49.22
PB.4922.4	Protein_PB.4922.4	DHX32	DHX32	novel_not_in_catalog	YES	86.51	89.44	101.88
PB.493.1	Protein_PB.493.1	COL6A1	COL6A1	full-splice_match	YES	1427.8	626.15	806.27
PB.4930.1	Protein_PB.4930.1	EBF3	EBF3	full-splice_match	YES	30.14	17.96	15.08
PB.4932.1	Protein_PB.4932.1	CUNH10orf143	CUNH10orf143	full-splice_match	YES	135.89	158.3	129.89
PB.4934.12	Protein_PB.4934.12	BNIP3	BNIP3	novel_not_in_catalog	YES	302.24	376.58	537.33
PB.4934.15	Protein_PB.4934.15	BNIP3	BNIP3	novel_in_catalog	YES	17.59	13.96	21.21
PB.4934.16	Protein_PB.4934.16	BNIP3	BNIP3	full-splice_match	YES	829.01	1079.27	1314.51
PB.4934.5	Protein_PB.4934.5	BNIP3	BNIP3	novel_not_in_catalog	YES	19.31	8.36	18.49
PB.4935.2	Protein_PB.4935.2	STK32C	STK32C	full-splice_match	YES	69.7	92.98	45.69
PB.4942.9	Protein_PB.4942.9	LOC113252091	LOC113252091	full-splice_match	YES	5.97	5.65	20.24
PB.4944.2	Protein_PB.4944.2	TUBGCP2	TUBGCP2	full-splice_match	YES	108.01	99.36	75.48
PB.4944.4	Protein_PB.4944.4	TUBGCP2	TUBGCP2	novel_not_in_catalog	YES	20.89	32.07	14.21
PB.4944.9	Protein_PB.4944.9	TUBGCP2	TUBGCP2	novel_not_in_catalog	YES	30.1	32.07	36.08
PB.4947.17	Protein_PB.4947.17	FUOM	FUOM	novel_not_in_catalog	YES	5.16	5.09	18.1
PB.4947.2	Protein_PB.4947.2	FUOM	FUOM	full-splice_match	YES	15.58	24.37	25.33
PB.4947.7	Protein_PB.4947.7	FUOM	FUOM	full-splice_match	YES	111.75	150.13	105.39
PB.4947.9	Protein_PB.4947.9	FUOM	FUOM	full-splice_match	YES	26.17	31.04	25.29
PB.4948.3	Protein_PB.4948.3	ECHS1	ECHS1	novel_in_catalog	YES	175.77	223.29	118.62
PB.4948.5	Protein_PB.4948.5	ECHS1	ECHS1	novel_in_catalog	YES	17.03	7.16	34.18
PB.4948.8	Protein_PB.4948.8	ECHS1	ECHS1	full-splice_match	YES	1456.09	1827.59	1064.62
PB.495.1	Protein_PB.495.1	COL18A1	COL18A1	incomplete-splice_match	YES	36.01	9.99	14.02
PB.495.10	Protein_PB.495.10	COL18A1	COL18A1	full-splice_match	YES	196.29	60.15	92.36
PB.4956.1	Protein_PB.4956.1	LOC113251647	LOC113251647	full-splice_match	YES	133.18	150.07	131.63
PB.4956.4		LOC113251647	LOC113251647	novel_not_in_catalog	NO	36.8	40.24	40.69
PB.4957.2	Protein_PB.4957.2	DEF8	DEF8	full-splice_match	YES	56.08	54.68	35.45
PB.4957.7	Protein_PB.4957.7	DEF8	DEF8	full-splice_match	YES	235.11	258.65	203.2
PB.4959.1	Protein_PB.4959.1	TCF25	TCF25	full-splice_match	YES	385.87	447.92	368.44
PB.4961.3	Protein_PB.4961.3	ZNF276	ZNF276	full-splice_match	YES	22.94	31.76	26.3
PB.4961.5	Protein_PB.4961.5	ZNF276	ZNF276	novel_not_in_catalog	YES	18.76	15.86	14.18
PB.4962.1	Protein_PB.4962.1	CDK10	CDK10	full-splice_match	YES	18.99	9.06	10.44
PB.4962.4	Protein_PB.4962.4	CDK10	CDK10	full-splice_match	YES	11.83	15.76	22.13
PB.4962.6	Protein_PB.4962.6	CDK10	CDK10	full-splice_match	YES	37.64	28.33	9.75
PB.4962.7	Protein_PB.4962.7	CDK10	CDK10	full-splice_match	YES	56.16	68.31	39.09
PB.4962.8	Protein_PB.4962.8	CDK10	CDK10	novel_in_catalog	YES	26.11	21.37	23.9
PB.4967.1	Protein_PB.4967.1	RPL13	RPL13	full-splice_match	YES	2723.38	2636.87	3220.5
PB.4969.1	Protein_PB.4969.1	SPG7	SPG7	full-splice_match	YES	628.72	646.97	493.75
PB.4969.8	Protein_PB.4969.8	SPG7	SPG7	novel_in_catalog	YES	28.28	46.19	42.13
PB.497.1	Protein_PB.497.1	ADARB1	ADARB1	full-splice_match	YES	70.18	57.69	52.63
PB.4971.2	Protein_PB.4971.2	CDH15	CDH15	novel_not_in_catalog	YES	35.37	28.31	34.7
PB.4971.3	Protein_PB.4971.3	CDH15	CDH15	full-splice_match	YES	137.28	115.59	170.77
PB.4971.5	Protein_PB.4971.5	CDH15	CDH15	novel_not_in_catalog	YES	18.19	23.66	15.94
PB.4972.6	Protein_PB.4972.6	ACSF3	ACSF3	full-splice_match	YES	43.03	52.12	14.93
PB.4972.7	Protein_PB.4972.7	ACSF3	ACSF3	full-splice_match	YES	101.0	99.89	54.42
PB.4973.1	Protein_PB.4973.1	TRAPPC2L	TRAPPC2L	novel_not_in_catalog	YES	82.95	82.3	77.2
PB.4973.11	Protein_PB.4973.11	TRAPPC2L	TRAPPC2L	full-splice_match	YES	83.18	109.5	68.67
PB.4973.7	Protein_PB.4973.7	TRAPPC2L	TRAPPC2L	full-splice_match	YES	54.89	46.14	76.54
PB.4973.9	Protein_PB.4973.9	TRAPPC2L	TRAPPC2L	full-splice_match	YES	99.42	115.15	86.17
PB.4975.2	Protein_PB.4975.2	CTU2	CTU2	full-splice_match	YES	37.31	33.88	37.91
PB.4976.1	Protein_PB.4976.1	novelGene_RNF166_AS	novelGene_RNF166_AS	antisense	YES	72.82	86.26	113.42
PB.4977.1	Protein_PB.4977.1	LOC113252152	LOC113252152	novel_not_in_catalog	YES	26.2	33.16	53.79
PB.4977.10	Protein_PB.4977.10	LOC113252152	LOC113252152	full-splice_match	YES	82.57	97.5	96.92
PB.4977.15	Protein_PB.4977.15	LOC113252152	LOC113252152	incomplete-splice_match	YES	20.86	15.49	13.81
PB.4977.2	Protein_PB.4977.2	LOC113252152	LOC113252152	novel_not_in_catalog	YES	24.49	15.01	7.73
PB.4977.6	Protein_PB.4977.6	LOC113252152	LOC113252152	novel_not_in_catalog	YES	5.97	0.0	19.03
PB.4977.9	Protein_PB.4977.9	LOC113252152	LOC113252152	novel_in_catalog	YES	66.24	36.25	18.47
PB.4980.3	Protein_PB.4980.3	ZC3H18	ZC3H18	full-splice_match	YES	76.85	84.65	117.03
PB.4986.1	Protein_PB.4986.1	MAP1LC3B	MAP1LC3B	full-splice_match	YES	282.11	375.22	303.42
PB.4986.2	Protein_PB.4986.2	MAP1LC3B	MAP1LC3B	novel_in_catalog	YES	304.9	334.23	291.6
PB.4986.3		MAP1LC3B	MAP1LC3B	novel_in_catalog	NO	26.75	10.58	27.89
PB.4992.1	Protein_PB.4992.1	LOC113252181	LOC113252181	full-splice_match	YES	12065.18	12909.36	8799.18
PB.4992.7	Protein_PB.4992.7	LOC113252181	LOC113252181	novel_in_catalog	YES	40.5	40.01	36.58
PB.4994.1	Protein_PB.4994.1	GSE1	GSE1	full-splice_match	YES	14.23	18.57	27.26
PB.4994.2	Protein_PB.4994.2	GSE1	GSE1	full-splice_match	YES	132.43	116.19	124.75
PB.4994.3	Protein_PB.4994.3	GSE1	GSE1	full-splice_match	YES	78.82	89.38	172.66
PB.4995.1	Protein_PB.4995.1	LOC113251715	LOC113251715	full-splice_match	YES	57.5	46.82	70.77
PB.4996.1	Protein_PB.4996.1	KIAA0513	KIAA0513	novel_not_in_catalog	YES	215.45	227.68	236.88
PB.4996.3	Protein_PB.4996.3	KIAA0513	KIAA0513	full-splice_match	YES	196.08	192.4	203.85
PB.4997.5	Protein_PB.4997.5	LOC113252186	LOC113252186	incomplete-splice_match	YES	0.7	2.0	17.2
PB.4999.1	Protein_PB.4999.1	CRISPLD2	CRISPLD2	full-splice_match	YES	232.31	135.26	160.94
PB.5000.12	Protein_PB.5000.12	USP10	USP10	novel_not_in_catalog	YES	31.33	24.33	18.04
PB.5000.2	Protein_PB.5000.2	USP10	USP10	full-splice_match	YES	374.63	432.09	370.13
PB.5000.8	Protein_PB.5000.8	USP10	USP10	novel_not_in_catalog	YES	72.2	55.63	9.71
PB.5000.9	Protein_PB.5000.9	USP10	USP10	novel_not_in_catalog	YES	1.98	2.75	31.72
PB.5002.1	Protein_PB.5002.1	KLHL36	KLHL36	full-splice_match	YES	39.64	31.41	33.22
PB.5002.3	Protein_PB.5002.3	KLHL36	KLHL36	novel_not_in_catalog	YES	19.74	22.45	26.87
PB.5003.2	Protein_PB.5003.2	LOC113252195	LOC113252195	full-splice_match	YES	34.55	23.33	31.77
PB.5007.11	Protein_PB.5007.11	VPS35	VPS35	novel_in_catalog	YES	151.75	141.92	89.56
PB.5007.12	Protein_PB.5007.12	VPS35	VPS35	novel_in_catalog	YES	16.27	4.21	17.67
PB.5007.14	Protein_PB.5007.14	VPS35	VPS35	novel_in_catalog	YES	49.69	30.87	36.11
PB.5007.2	Protein_PB.5007.2	VPS35	VPS35	full-splice_match	YES	351.35	409.66	321.77
PB.5007.5	Protein_PB.5007.5	VPS35	VPS35	novel_in_catalog	YES	24.84	16.45	21.73
PB.5007.6	Protein_PB.5007.6	VPS35	VPS35	novel_not_in_catalog	YES	74.8	106.96	65.51
PB.5007.7	Protein_PB.5007.7	VPS35	VPS35	novel_in_catalog	YES	30.9	78.24	89.14
PB.5008.2	Protein_PB.5008.2	MYLK3	MYLK3	novel_not_in_catalog	YES	46.64	49.57	42.93
PB.5008.3	Protein_PB.5008.3	MYLK3	MYLK3	novel_not_in_catalog	YES	10.2	21.41	19.03
PB.5009.1	Protein_PB.5009.1	LOC113252203	LOC113252203	full-splice_match	YES	35.71	34.33	35.68
PB.5009.4	Protein_PB.5009.4	LOC113252203_LOC113251717	LOC113252203_LOC113251717	fusion	YES	38.04	40.7	44.4
PB.5009.5	Protein_PB.5009.5	LOC113251717	LOC113251717	incomplete-splice_match	YES	22.33	22.74	29.02
PB.501.2	Protein_PB.501.2	FAM207A	FAM207A	full-splice_match	YES	57.23	58.78	44.31
PB.501.3	Protein_PB.501.3	FAM207A	FAM207A	full-splice_match	YES	37.64	23.16	70.66
PB.501.4	Protein_PB.501.4	FAM207A	FAM207A	full-splice_match	YES	9.61	26.18	22.82
PB.5011.1	Protein_PB.5011.1	DNAJA2	DNAJA2	full-splice_match	YES	1720.71	1994.68	1668.83
PB.5013.1	Protein_PB.5013.1	ITFG1	ITFG1	full-splice_match	YES	340.66	294.54	311.57
PB.5013.3	Protein_PB.5013.3	ITFG1	ITFG1	novel_not_in_catalog	YES	132.88	145.03	111.69
PB.5019.1	Protein_PB.5019.1	SIAH1	SIAH1	full-splice_match	YES	97.63	68.69	94.88
PB.5019.4	Protein_PB.5019.4	SIAH1	SIAH1	full-splice_match	YES	142.22	123.3	164.94
PB.5020.1	Protein_PB.5020.1	N4BP1	N4BP1	full-splice_match	YES	104.68	89.25	78.33
PB.5020.2	Protein_PB.5020.2	N4BP1	N4BP1	full-splice_match	YES	0.0	0.0	49.12
PB.5020.4	Protein_PB.5020.4	N4BP1	N4BP1	novel_not_in_catalog	YES	596.45	566.89	535.13
PB.5024.1	Protein_PB.5024.1	ZNF423	ZNF423	full-splice_match	YES	321.12	258.03	250.29
PB.5024.2	Protein_PB.5024.2	ZNF423	ZNF423	novel_not_in_catalog	YES	48.23	18.32	32.1
PB.5028.1	Protein_PB.5028.1	BRD7	BRD7	full-splice_match	YES	565.52	598.57	693.28
PB.5028.2	Protein_PB.5028.2	BRD7	BRD7	full-splice_match	YES	87.69	83.83	128.59
PB.5028.3	Protein_PB.5028.3	BRD7	BRD7	novel_not_in_catalog	YES	23.79	19.38	32.69
PB.5036.10	Protein_PB.5036.10	AKTIP	AKTIP	full-splice_match	YES	227.65	245.01	235.91
PB.5036.11	Protein_PB.5036.11	AKTIP	AKTIP	full-splice_match	YES	142.22	103.28	85.37
PB.5036.4	Protein_PB.5036.4	AKTIP	AKTIP	full-splice_match	YES	322.43	339.96	256.38
PB.5040.1	Protein_PB.5040.1	IRX3	IRX3	full-splice_match	YES	40.91	27.7	17.74
PB.5043.1	Protein_PB.5043.1	CES1	CES1	full-splice_match	YES	59.07	93.83	33.06
PB.5043.10	Protein_PB.5043.10	CES1	CES1	novel_not_in_catalog	YES	498.42	550.0	335.3
PB.5043.11	Protein_PB.5043.11	CES1	CES1	novel_not_in_catalog	YES	21.56	39.91	28.6
PB.5043.2	Protein_PB.5043.2	CES1	CES1	novel_in_catalog	YES	505.69	623.62	415.19
PB.5043.7	Protein_PB.5043.7	CES1	CES1	novel_in_catalog	YES	924.83	907.13	651.25
PB.5043.8	Protein_PB.5043.8	CES1	CES1	novel_in_catalog	YES	113.76	170.89	53.38
PB.5045.2	Protein_PB.5045.2	AMFR	AMFR	full-splice_match	YES	1710.02	1692.36	2152.34
PB.5046.1	Protein_PB.5046.1	NUDT21	NUDT21	full-splice_match	YES	286.05	297.85	322.38
PB.5047.1	Protein_PB.5047.1	BBS2	BBS2	full-splice_match	YES	88.42	106.71	110.8
PB.5049.1	Protein_PB.5049.1	FAM192A	FAM192A	full-splice_match	YES	54.93	67.4	60.78
PB.5049.7	Protein_PB.5049.7	FAM192A	FAM192A	full-splice_match	YES	65.69	78.18	92.52
PB.5049.9	Protein_PB.5049.9	FAM192A	FAM192A	full-splice_match	YES	70.62	63.55	57.46
PB.5053.2	Protein_PB.5053.2	CIAPIN1	CIAPIN1	full-splice_match	YES	284.44	310.52	197.38
PB.5053.3	Protein_PB.5053.3	CIAPIN1	CIAPIN1	full-splice_match	YES	5.66	18.99	53.04
PB.5053.5	Protein_PB.5053.5	CIAPIN1	CIAPIN1	novel_not_in_catalog	YES	56.09	80.85	17.48
PB.5057.3	Protein_PB.5057.3	KIFC3	KIFC3	full-splice_match	YES	22.69	14.63	12.3
PB.5059.1	Protein_PB.5059.1	ZNF319	ZNF319	full-splice_match	YES	52.94	45.99	59.28
PB.5060.3	Protein_PB.5060.3	CFAP20	CFAP20	full-splice_match	YES	39.34	37.45	41.17
PB.5061.1	Protein_PB.5061.1	CSNK2A2	CSNK2A2	full-splice_match	YES	97.58	88.86	144.11
PB.5061.4	Protein_PB.5061.4	CSNK2A2	CSNK2A2	incomplete-splice_match	YES	59.57	50.89	68.44
PB.5063.1	Protein_PB.5063.1	CNOT1	CNOT1	full-splice_match	YES	72.78	48.11	44.91
PB.5063.10	Protein_PB.5063.10	CNOT1	CNOT1	novel_in_catalog	YES	677.5	615.61	733.74
PB.5063.4	Protein_PB.5063.4	CNOT1	CNOT1	full-splice_match	YES	195.39	208.02	316.28
PB.5063.6	Protein_PB.5063.6	CNOT1	CNOT1	full-splice_match	YES	76.37	46.9	100.46
PB.5063.7	Protein_PB.5063.7	CNOT1	CNOT1	full-splice_match	YES	16.03	66.53	89.77
PB.5063.9	Protein_PB.5063.9	CNOT1	CNOT1	novel_in_catalog	YES	31.73	73.61	55.82
PB.5068.1	Protein_PB.5068.1	SLC38A7	SLC38A7	full-splice_match	YES	26.19	35.46	22.76
PB.5069.1	Protein_PB.5069.1	GOT2	GOT2	novel_not_in_catalog	YES	57.7	137.81	82.41
PB.5069.2	Protein_PB.5069.2	GOT2	GOT2	novel_not_in_catalog	YES	1121.19	1100.15	885.75
PB.5069.3	Protein_PB.5069.3	GOT2	GOT2	full-splice_match	YES	84.98	95.71	86.66
PB.5069.4	Protein_PB.5069.4	GOT2	GOT2	novel_not_in_catalog	YES	2187.84	2289.38	1581.96
PB.5069.5	Protein_PB.5069.5	GOT2	GOT2	novel_not_in_catalog	YES	5448.7	5800.46	4009.99
PB.5069.6	Protein_PB.5069.6	GOT2	GOT2	novel_in_catalog	YES	1631.95	1620.55	1160.88
PB.5069.9	Protein_PB.5069.9	GOT2	GOT2	novel_in_catalog	YES	24.96	19.4	29.76
PB.5078.1	Protein_PB.5078.1	CDH11	CDH11	full-splice_match	YES	89.01	37.47	73.43
PB.5082.1	Protein_PB.5082.1	TK2	TK2	novel_not_in_catalog	YES	16.93	5.69	29.91
PB.5082.2	Protein_PB.5082.2	TK2	TK2	novel_in_catalog	YES	24.27	17.26	18.02
PB.5083.1	Protein_PB.5083.1	CMTM4	CMTM4	full-splice_match	YES	55.61	35.62	69.01
PB.5084.1	Protein_PB.5084.1	DYNC1LI2	DYNC1LI2	full-splice_match	YES	81.5	66.61	75.85
PB.5084.2	Protein_PB.5084.2	DYNC1LI2	DYNC1LI2	novel_in_catalog	YES	249.75	214.02	210.03
PB.5084.3	Protein_PB.5084.3	DYNC1LI2	DYNC1LI2	novel_in_catalog	YES	19.87	9.68	22.07
PB.5084.4	Protein_PB.5084.4	DYNC1LI2	DYNC1LI2	novel_in_catalog	YES	72.06	63.96	104.77
PB.5084.5	Protein_PB.5084.5	DYNC1LI2	DYNC1LI2	novel_not_in_catalog	YES	246.69	266.77	195.32
PB.5086.1	Protein_PB.5086.1	NAE1	NAE1	full-splice_match	YES	131.1	150.37	126.26
PB.5089.1	Protein_PB.5089.1	RRAD	RRAD	full-splice_match	YES	738.0	1030.63	901.83
PB.5089.2	Protein_PB.5089.2	RRAD	RRAD	incomplete-splice_match	YES	284.08	442.82	354.51
PB.5090.1	Protein_PB.5090.1	CIAO2B	CIAO2B	full-splice_match	YES	405.76	437.54	371.23
PB.5090.2		CIAO2B	CIAO2B	incomplete-splice_match	NO	12.65	11.06	26.79
PB.5092.1	Protein_PB.5092.1	B3GNT9	B3GNT9	full-splice_match	YES	19.0	0.01	6.95
PB.5092.3	Protein_PB.5092.3	B3GNT9	B3GNT9	full-splice_match	YES	23.36	14.44	17.74
PB.5093.3	Protein_PB.5093.3	TRADD	TRADD	full-splice_match	YES	30.38	13.83	17.84
PB.5097.1	Protein_PB.5097.1	FHOD1	FHOD1	full-splice_match	YES	29.83	17.44	1.3
PB.5097.18	Protein_PB.5097.18	FHOD1	FHOD1	novel_not_in_catalog	YES	636.09	598.56	502.63
PB.5097.23	Protein_PB.5097.23	FHOD1	FHOD1	novel_not_in_catalog	YES	91.96	92.01	168.11
PB.5099.1	Protein_PB.5099.1	TPPP3	TPPP3	full-splice_match	YES	655.22	561.14	710.77
PB.5100.1	Protein_PB.5100.1	ZDHHC1	ZDHHC1	novel_in_catalog	YES	20.02	13.29	20.61
PB.5100.11	Protein_PB.5100.11	ZDHHC1	ZDHHC1	novel_in_catalog	YES	35.1	46.19	40.09
PB.5100.4	Protein_PB.5100.4	ZDHHC1	ZDHHC1	full-splice_match	YES	123.77	142.07	76.83
PB.5100.5	Protein_PB.5100.5	ZDHHC1	ZDHHC1	full-splice_match	YES	41.37	19.91	25.56
PB.5100.6	Protein_PB.5100.6	ZDHHC1	ZDHHC1	full-splice_match	YES	25.03	29.53	44.66
PB.5101.1	Protein_PB.5101.1	ATP6V0D1	ATP6V0D1	full-splice_match	YES	80.52	93.53	59.26
PB.5101.3	Protein_PB.5101.3	ATP6V0D1	ATP6V0D1	novel_in_catalog	YES	109.02	117.21	124.63
PB.5101.7	Protein_PB.5101.7	ATP6V0D1	ATP6V0D1	novel_not_in_catalog	YES	117.91	106.61	92.49
PB.5104.1	Protein_PB.5104.1	LOC113252371	LOC113252371	full-splice_match	YES	13.63	9.9	25.27
PB.5107.5	Protein_PB.5107.5	GFOD2	GFOD2	full-splice_match	YES	90.22	90.09	85.52
PB.5107.6	Protein_PB.5107.6	GFOD2	GFOD2	full-splice_match	YES	26.62	18.54	37.21
PB.5108.1	Protein_PB.5108.1	RANBP10	RANBP10	full-splice_match	YES	252.01	262.31	327.88
PB.511.1	Protein_PB.511.1	PFKL	PFKL	full-splice_match	YES	75.66	77.55	101.78
PB.5112.3	Protein_PB.5112.3	LCAT	LCAT	full-splice_match	YES	38.24	28.11	34.66
PB.5113.3	Protein_PB.5113.3	SLC12A4	SLC12A4	full-splice_match	YES	198.78	219.71	146.91
PB.5117.2	Protein_PB.5117.2	DDX28	DDX28	full-splice_match	YES	174.66	222.17	144.57
PB.5120.1	Protein_PB.5120.1	SLC7A6OS	SLC7A6OS	novel_not_in_catalog	YES	36.5	39.31	14.42
PB.5120.2	Protein_PB.5120.2	SLC7A6OS	SLC7A6OS	full-splice_match	YES	232.36	326.35	301.03
PB.5120.3	Protein_PB.5120.3	SLC7A6OS	SLC7A6OS	novel_in_catalog	YES	141.41	175.03	151.81
PB.5125.10	Protein_PB.5125.10	CHTF8	CHTF8	novel_in_catalog	YES	13.16	29.57	18.46
PB.5125.4	Protein_PB.5125.4	CHTF8	CHTF8	novel_in_catalog	YES	30.49	21.13	48.87
PB.5125.8	Protein_PB.5125.8	CHTF8	CHTF8	novel_not_in_catalog	YES	26.55	30.61	31.32
PB.5126.1	Protein_PB.5126.1	PDF	PDF	full-splice_match	YES	110.36	114.33	102.15
PB.5126.2	Protein_PB.5126.2	COG8	COG8	full-splice_match	YES	59.78	59.4	82.96
PB.5126.3	Protein_PB.5126.3	COG8	COG8	full-splice_match	YES	29.59	25.75	28.64
PB.5127.2	Protein_PB.5127.2	TERF2	TERF2	full-splice_match	YES	70.55	86.1	107.78
PB.5127.3	Protein_PB.5127.3	TERF2	TERF2	full-splice_match	YES	39.85	30.7	57.94
PB.5129.1	Protein_PB.5129.1	NQO1	NQO1	full-splice_match	YES	212.51	274.57	135.91
PB.5129.3	Protein_PB.5129.3	NQO1	NQO1	novel_in_catalog	YES	24.33	35.4	8.19
PB.5129.5	Protein_PB.5129.5	NQO1	NQO1	novel_in_catalog	YES	24.07	12.27	14.91
PB.5129.6	Protein_PB.5129.6	NQO1	NQO1	novel_not_in_catalog	YES	5434.46	6618.93	2309.16
PB.513.2	Protein_PB.513.2	GATD3A	GATD3A	full-splice_match	YES	131.93	207.68	51.46
PB.513.3	Protein_PB.513.3	GATD3A	GATD3A	full-splice_match	YES	1329.61	1546.44	898.13
PB.513.4	Protein_PB.513.4	GATD3A	GATD3A	novel_in_catalog	YES	2.59	4.0	30.32
PB.5130.1	Protein_PB.5130.1	NOB1	NOB1	full-splice_match	YES	74.39	64.42	63.1
PB.5131.1	Protein_PB.5131.1	PSMD7	PSMD7	full-splice_match	YES	368.78	405.23	445.91
PB.5136.1	Protein_PB.5136.1	DHX38	DHX38	novel_not_in_catalog	YES	31.9	51.17	37.84
PB.5136.2	Protein_PB.5136.2	DHX38	DHX38	novel_not_in_catalog	YES	11.81	15.13	43.35
PB.5136.3	Protein_PB.5136.3	DHX38	DHX38	full-splice_match	YES	106.79	72.24	108.01
PB.5137.1	Protein_PB.5137.1	LOC113252448	LOC113252448	full-splice_match	YES	27.1	4.27	6.75
PB.5138.1	Protein_PB.5138.1	DHODH	DHODH	full-splice_match	YES	26.16	28.95	22.72
PB.5138.2	Protein_PB.5138.2	DHODH	DHODH	full-splice_match	YES	24.16	32.7	23.91
PB.5139.1	Protein_PB.5139.1	IST1	IST1	full-splice_match	YES	13.41	4.53	19.93
PB.5139.4	Protein_PB.5139.4	IST1	IST1	incomplete-splice_match	YES	47.04	44.07	54.91
PB.5139.5	Protein_PB.5139.5	IST1	IST1	full-splice_match	YES	49.35	49.49	75.62
PB.5139.7	Protein_PB.5139.7	IST1	IST1	full-splice_match	YES	121.67	131.68	172.96
PB.5139.9	Protein_PB.5139.9	IST1	IST1	full-splice_match	YES	295.4	262.73	218.1
PB.514.3	Protein_PB.514.3	PWP2	PWP2	full-splice_match	YES	73.36	70.71	82.54
PB.5140.1	Protein_PB.5140.1	ATXN1L	ATXN1L	full-splice_match	YES	57.37	54.01	100.53
PB.5140.2	Protein_PB.5140.2	ATXN1L	ATXN1L	full-splice_match	YES	218.8	211.55	250.47
PB.515.5	Protein_PB.515.5	TRAPPC10	TRAPPC10	full-splice_match	YES	476.91	444.78	427.8
PB.5150.4	Protein_PB.5150.4	IL34	IL34	novel_not_in_catalog	YES	33.37	24.05	26.59
PB.5151.3	Protein_PB.5151.3	SF3B3	SF3B3	full-splice_match	YES	451.3	452.27	326.08
PB.5151.5	Protein_PB.5151.5	SF3B3	SF3B3	novel_not_in_catalog	YES	77.53	69.29	73.5
PB.5153.1	Protein_PB.5153.1	FUK	FUK	full-splice_match	YES	25.72	29.13	9.63
PB.5156.1	Protein_PB.5156.1	DDX19A	DDX19A	full-splice_match	YES	447.42	461.15	395.04
PB.5156.3	Protein_PB.5156.3	DDX19A	DDX19A	novel_not_in_catalog	YES	5.58	4.82	24.72
PB.5157.1	Protein_PB.5157.1	LOC113252476	LOC113252476	full-splice_match	YES	147.72	152.12	160.81
PB.516.1	Protein_PB.516.1	AGPAT3	AGPAT3	full-splice_match	YES	157.45	113.83	53.61
PB.516.12	Protein_PB.516.12	RRP1	RRP1	full-splice_match	YES	28.59	12.97	14.14
PB.516.13	Protein_PB.516.13	RRP1	RRP1	novel_not_in_catalog	YES	51.9	45.34	35.35
PB.516.3	Protein_PB.516.3	AGPAT3	AGPAT3	full-splice_match	YES	64.13	60.59	37.4
PB.516.5	Protein_PB.516.5	RRP1	RRP1	full-splice_match	YES	35.59	31.41	30.8
PB.5160.1	Protein_PB.5160.1	PDPR	PDPR	full-splice_match	YES	32.88	35.92	33.45
PB.5160.2	Protein_PB.5160.2	PDPR	PDPR	full-splice_match	YES	668.85	648.89	390.71
PB.5160.5	Protein_PB.5160.5	PDPR	PDPR	novel_in_catalog	YES	80.34	86.4	136.7
PB.5160.7	Protein_PB.5160.7	PDPR	PDPR	novel_not_in_catalog	YES	79.27	88.92	103.51
PB.5161.1	Protein_PB.5161.1	GLG1	GLG1	full-splice_match	YES	775.53	666.91	848.73
PB.5163.2	Protein_PB.5163.2	RFWD3	RFWD3	full-splice_match	YES	21.23	11.82	18.77
PB.5163.4	Protein_PB.5163.4	RFWD3	RFWD3	novel_not_in_catalog	YES	51.9	61.65	70.06
PB.5168.18	Protein_PB.5168.18	WDR59	WDR59	novel_not_in_catalog	YES	24.1	11.96	16.68
PB.5169.10	Protein_PB.5169.10	LDHD	LDHD	novel_in_catalog	YES	39.92	53.56	66.55
PB.5169.13	Protein_PB.5169.13	LDHD	LDHD	novel_not_in_catalog	YES	17.72	23.99	18.39
PB.5169.18	Protein_PB.5169.18	LDHD	LDHD	novel_not_in_catalog	YES	267.28	329.8	254.3
PB.5169.19	Protein_PB.5169.19	LDHD	LDHD	novel_in_catalog	YES	95.67	48.85	87.5
PB.5169.3	Protein_PB.5169.3	LDHD	LDHD	full-splice_match	YES	6.86	18.53	15.5
PB.5169.5	Protein_PB.5169.5	LDHD	LDHD	novel_not_in_catalog	YES	19.46	40.12	25.11
PB.517.2	Protein_PB.517.2	PDXK	PDXK	full-splice_match	YES	362.74	338.96	290.19
PB.5172.1	Protein_PB.5172.1	BCAR1	BCAR1	full-splice_match	YES	39.86	24.29	17.93
PB.5172.3	Protein_PB.5172.3	BCAR1	BCAR1	full-splice_match	YES	36.94	17.45	28.12
PB.5173.1	Protein_PB.5173.1	CFDP1	CFDP1	full-splice_match	YES	92.06	96.18	100.2
PB.5173.2	Protein_PB.5173.2	CFDP1	CFDP1	full-splice_match	YES	83.1	79.34	92.24
PB.5173.3	Protein_PB.5173.3	CFDP1	CFDP1	full-splice_match	YES	33.45	35.92	40.28
PB.5174.4	Protein_PB.5174.4	TMEM170A	TMEM170A	full-splice_match	YES	9.76	8.09	18.12
PB.5176.1	Protein_PB.5176.1	TMEM231	TMEM231	full-splice_match	YES	26.34	15.53	14.86
PB.5176.2	Protein_PB.5176.2	TMEM231	TMEM231	full-splice_match	YES	8.2	13.39	22.77
PB.5178.2	Protein_PB.5178.2	KARS	KARS	full-splice_match	YES	1358.18	1735.34	1457.07
PB.5178.3	Protein_PB.5178.3	KARS	KARS	full-splice_match	YES	8471.41	8753.22	9921.12
PB.5178.4	Protein_PB.5178.4	KARS	KARS	novel_in_catalog	YES	8.42	9.64	18.64
PB.518.1	Protein_PB.518.1	RRP1B	RRP1B	full-splice_match	YES	12.5	12.88	21.29
PB.518.2	Protein_PB.518.2	RRP1B	RRP1B	full-splice_match	YES	119.33	98.36	101.22
PB.5185.1	Protein_PB.5185.1	MAF	MAF	full-splice_match	YES	306.84	187.11	282.65
PB.5185.2		MAF	MAF	novel_in_catalog	NO	66.56	53.73	74.26
PB.5187.1	Protein_PB.5187.1	CDYL2	CDYL2	full-splice_match	YES	54.0	55.53	68.94
PB.5189.13		CMC2	CMC2	novel_not_in_catalog	NO	47.02	90.32	74.09
PB.5189.14		CMC2	CMC2	novel_in_catalog	NO	20.55	15.85	11.71
PB.5189.15		CMC2	CMC2	novel_in_catalog	NO	54.19	44.6	13.04
PB.5189.8	Protein_PB.5189.8	CMC2	CMC2	novel_in_catalog	YES	64.01	75.8	67.38
PB.5189.9	Protein_PB.5189.9	CMC2	CMC2	full-splice_match	YES	202.48	230.52	213.94
PB.5191.1	Protein_PB.5191.1	GCSH	GCSH	full-splice_match	YES	625.21	649.59	497.24
PB.5196.2	Protein_PB.5196.2	SDR42E1	SDR42E1	full-splice_match	YES	53.28	94.67	56.61
PB.5197.2	Protein_PB.5197.2	MPHOSPH6	MPHOSPH6	full-splice_match	YES	78.5	85.45	76.41
PB.520.1	Protein_PB.520.1	novelGene_20	novelGene_20	intergenic	YES	24.54	48.15	10.84
PB.520.2	Protein_PB.520.2	novelGene_21	novelGene_21	intergenic	YES	36.63	51.52	7.39
PB.5200.1		novelGene_MLYCD_AS	novelGene_MLYCD_AS	antisense	NO	8.79	13.04	21.07
PB.5202.1	Protein_PB.5202.1	MBTPS1	MBTPS1	full-splice_match	YES	213.75	186.21	220.26
PB.5202.5	Protein_PB.5202.5	MBTPS1	MBTPS1	novel_not_in_catalog	YES	55.76	23.38	40.12
PB.5203.3	Protein_PB.5203.3	HSDL1	HSDL1	full-splice_match	YES	17.57	32.89	37.21
PB.5205.1	Protein_PB.5205.1	TAF1C	TAF1C	full-splice_match	YES	28.96	23.11	39.02
PB.5206.1	Protein_PB.5206.1	LOC113252691	LOC113252691	full-splice_match	YES	30.82	29.79	23.13
PB.5208.1	Protein_PB.5208.1	COL22A1	COL22A1	full-splice_match	YES	121.77	43.12	30.71
PB.5214.3	Protein_PB.5214.3	ZFAT	ZFAT	full-splice_match	YES	26.64	15.41	21.08
PB.5217.1	Protein_PB.5217.1	ST3GAL1	ST3GAL1	novel_not_in_catalog	YES	255.91	209.75	249.31
PB.5217.2	Protein_PB.5217.2	ST3GAL1	ST3GAL1	novel_not_in_catalog	YES	36.87	21.08	29.79
PB.5218.2	Protein_PB.5218.2	NDRG1	NDRG1	full-splice_match	YES	178.04	134.44	166.24
PB.5218.4	Protein_PB.5218.4	NDRG1	NDRG1	incomplete-splice_match	YES	64.72	54.31	106.14
PB.5220.1	Protein_PB.5220.1	SLA	SLA	full-splice_match	YES	8.3	15.18	21.15
PB.523.2	Protein_PB.523.2	PKNOX1	PKNOX1	full-splice_match	YES	15.36	26.82	28.76
PB.523.3	Protein_PB.523.3	PKNOX1	PKNOX1	full-splice_match	YES	21.24	20.93	14.84
PB.523.5	Protein_PB.523.5	PKNOX1	PKNOX1	full-splice_match	YES	37.53	31.15	35.42
PB.523.6	Protein_PB.523.6	PKNOX1	PKNOX1	full-splice_match	YES	14.88	17.33	17.86
PB.5232.1	Protein_PB.5232.1	ASAP1	ASAP1	full-splice_match	YES	20.28	22.58	40.83
PB.5232.2	Protein_PB.5232.2	ASAP1	ASAP1	full-splice_match	YES	50.43	25.28	40.06
PB.5233.1	Protein_PB.5233.1	FAM49B	FAM49B	full-splice_match	YES	15.42	31.51	27.18
PB.5233.3	Protein_PB.5233.3	FAM49B	FAM49B	full-splice_match	YES	68.61	80.99	90.24
PB.524.1	Protein_PB.524.1	NDUFV3	NDUFV3	full-splice_match	YES	471.05	581.4	533.66
PB.524.2	Protein_PB.524.2	NDUFV3	NDUFV3	full-splice_match	YES	313.11	351.7	207.97
PB.5241.1	Protein_PB.5241.1	FAM84B	FAM84B	full-splice_match	YES	32.6	24.36	42.62
PB.5243.1	Protein_PB.5243.1	WASHC5	WASHC5	full-splice_match	YES	162.43	155.84	124.97
PB.5243.2	Protein_PB.5243.2	WASHC5	WASHC5	novel_not_in_catalog	YES	20.44	31.88	3.56
PB.5243.3	Protein_PB.5243.3	WASHC5	WASHC5	full-splice_match	YES	44.02	37.82	51.69
PB.5243.4	Protein_PB.5243.4	WASHC5	WASHC5	novel_not_in_catalog	YES	68.82	49.81	56.68
PB.5243.5	Protein_PB.5243.5	WASHC5	WASHC5	novel_not_in_catalog	YES	18.37	0.09	18.98
PB.5243.8	Protein_PB.5243.8	WASHC5	WASHC5	incomplete-splice_match	YES	7.88	1.8	17.72
PB.5244.10	Protein_PB.5244.10	MTSS1	MTSS1	full-splice_match	YES	33.38	22.13	14.42
PB.5244.11	Protein_PB.5244.11	MTSS1	MTSS1	full-splice_match	YES	37.42	48.99	68.55
PB.5244.15	Protein_PB.5244.15	MTSS1	MTSS1	novel_in_catalog	YES	52.59	59.2	53.75
PB.5244.7	Protein_PB.5244.7	MTSS1	MTSS1	full-splice_match	YES	44.92	43.26	59.78
PB.5245.2	Protein_PB.5245.2	TATDN1	TATDN1	full-splice_match	YES	66.08	70.47	57.71
PB.5247.1	Protein_PB.5247.1	TMEM65	TMEM65	full-splice_match	YES	537.02	567.18	616.29
PB.5247.2	Protein_PB.5247.2	TMEM65	TMEM65	incomplete-splice_match	YES	101.79	107.93	103.3
PB.5250.2	Protein_PB.5250.2	KLHL38	KLHL38	full-splice_match	YES	44.66	51.55	24.92
PB.5250.3	Protein_PB.5250.3	KLHL38	KLHL38	novel_in_catalog	YES	334.56	406.85	179.77
PB.5250.4	Protein_PB.5250.4	KLHL38	KLHL38	full-splice_match	YES	22.44	13.58	6.61
PB.5250.5	Protein_PB.5250.5	KLHL38	KLHL38	novel_not_in_catalog	YES	226.51	228.26	107.77
PB.5251.1	Protein_PB.5251.1	FBXO32	FBXO32	novel_in_catalog	YES	141.24	128.04	87.51
PB.5251.2	Protein_PB.5251.2	FBXO32	FBXO32	full-splice_match	YES	7689.2	10770.34	6070.31
PB.5251.3	Protein_PB.5251.3	FBXO32	FBXO32	incomplete-splice_match	YES	1247.15	1165.86	481.1
PB.5254.2	Protein_PB.5254.2	ZHX1	ZHX1	full-splice_match	YES	100.92	52.99	68.71
PB.5254.3	Protein_PB.5254.3	ZHX1	ZHX1	full-splice_match	YES	22.08	33.91	57.34
PB.5254.5	Protein_PB.5254.5	ZHX1	ZHX1	novel_not_in_catalog	YES	228.47	217.99	196.52
PB.5257.1	Protein_PB.5257.1	DERL1	DERL1	novel_in_catalog	YES	13.53	30.49	18.85
PB.5257.11	Protein_PB.5257.11	DERL1	DERL1	novel_not_in_catalog	YES	84.55	159.42	125.61
PB.5257.2	Protein_PB.5257.2	DERL1	DERL1	full-splice_match	YES	4.15	11.2	31.08
PB.5257.3	Protein_PB.5257.3	DERL1	DERL1	full-splice_match	YES	18.43	23.38	20.75
PB.5257.4	Protein_PB.5257.4	DERL1	DERL1	full-splice_match	YES	316.77	374.08	323.47
PB.5257.5	Protein_PB.5257.5	DERL1	DERL1	novel_in_catalog	YES	45.9	45.97	98.34
PB.5257.8	Protein_PB.5257.8	DERL1	DERL1	novel_not_in_catalog	YES	12.84	12.92	24.6
PB.5257.9	Protein_PB.5257.9	DERL1	DERL1	novel_not_in_catalog	YES	42.29	35.83	62.71
PB.5258.1	Protein_PB.5258.1	novelGene_ZHX2_AS	novelGene_ZHX2_AS	antisense	YES	14.49	15.93	45.52
PB.5260.3		LOC113252764	LOC113252764	novel_not_in_catalog	NO	22.34	22.29	44.97
PB.5260.4		LOC113252764	LOC113252764	novel_not_in_catalog	NO	36.35	26.29	53.01
PB.5260.5		LOC113252764	LOC113252764	novel_not_in_catalog	NO	34.19	40.6	39.97
PB.5260.6		LOC113252764	LOC113252764	novel_not_in_catalog	NO	43.19	58.2	77.73
PB.5264.1	Protein_PB.5264.1	HAS2	HAS2	full-splice_match	YES	28.44	13.31	28.97
PB.5266.1	Protein_PB.5266.1	SNTB1	SNTB1	full-splice_match	YES	297.34	174.68	228.41
PB.5267.1	Protein_PB.5267.1	MRPL13	MRPL13	full-splice_match	YES	236.77	284.65	175.48
PB.5269.2		LOC113252773	LOC113252773	novel_not_in_catalog	NO	30.98	25.76	16.12
PB.5271.1	Protein_PB.5271.1	TAF2	TAF2	full-splice_match	YES	6.82	13.94	22.01
PB.5271.2	Protein_PB.5271.2	TAF2	TAF2	full-splice_match	YES	21.83	13.12	39.97
PB.5271.3	Protein_PB.5271.3	TAF2	TAF2	full-splice_match	YES	80.4	80.27	81.12
PB.5271.4	Protein_PB.5271.4	TAF2	TAF2	full-splice_match	YES	51.66	49.41	29.19
PB.5271.5	Protein_PB.5271.5	TAF2	TAF2	incomplete-splice_match	YES	20.71	17.79	23.36
PB.5272.6	Protein_PB.5272.6	ENPP2	ENPP2	novel_in_catalog	YES	36.24	22.92	29.23
PB.5278.1	Protein_PB.5278.1	EXT1	EXT1	full-splice_match	YES	179.75	140.78	176.32
PB.5279.14	Protein_PB.5279.14	RAD21	RAD21	novel_not_in_catalog	YES	404.88	405.68	331.44
PB.5279.16	Protein_PB.5279.16	RAD21	RAD21	full-splice_match	YES	18.11	5.45	41.36
PB.5279.17	Protein_PB.5279.17	RAD21	RAD21	incomplete-splice_match	YES	233.49	301.23	199.11
PB.5279.4	Protein_PB.5279.4	RAD21	RAD21	full-splice_match	YES	128.24	96.96	204.43
PB.5279.8	Protein_PB.5279.8	RAD21	RAD21	incomplete-splice_match	YES	269.46	263.61	212.86
PB.528.1	Protein_PB.528.1	ABCG1	ABCG1	full-splice_match	YES	10.54	24.97	9.74
PB.528.2	Protein_PB.528.2	ABCG1	ABCG1	full-splice_match	YES	73.39	72.76	74.31
PB.5280.1	Protein_PB.5280.1	EIF3H	EIF3H	full-splice_match	YES	1376.09	1381.84	1787.2
PB.5282.1	Protein_PB.5282.1	TRPS1	TRPS1	full-splice_match	YES	16.58	6.83	20.39
PB.5282.3	Protein_PB.5282.3	TRPS1	TRPS1	full-splice_match	YES	30.7	41.1	31.58
PB.5282.5	Protein_PB.5282.5	TRPS1	TRPS1	full-splice_match	YES	91.98	94.59	152.25
PB.5282.6	Protein_PB.5282.6	TRPS1	TRPS1	full-splice_match	YES	50.84	47.3	19.05
PB.5283.1		LOC113252801	LOC113252801	full-splice_match	NO	57.92	48.48	60.41
PB.5290.1	Protein_PB.5290.1	SYBU	SYBU	full-splice_match	YES	7.96	16.24	18.27
PB.5291.2	Protein_PB.5291.2	NUDCD1	NUDCD1	full-splice_match	YES	143.8	167.64	157.52
PB.5295.13	Protein_PB.5295.13	EIF3E	EIF3E	full-splice_match	YES	760.97	883.39	751.41
PB.5295.14	Protein_PB.5295.14	EIF3E	EIF3E	novel_not_in_catalog	YES	1504.65	1577.31	1923.17
PB.53.2	Protein_PB.53.2	ZBTB21	ZBTB21	full-splice_match	YES	51.34	31.86	47.82
PB.53.3	Protein_PB.53.3	ZBTB21	ZBTB21	full-splice_match	YES	3.63	15.06	17.74
PB.5301.1	Protein_PB.5301.1	ABRA	ABRA	novel_not_in_catalog	YES	420.44	393.13	330.44
PB.5301.2	Protein_PB.5301.2	ABRA	ABRA	full-splice_match	YES	2034.26	1770.33	1406.56
PB.5304.1	Protein_PB.5304.1	LRP12	LRP12	novel_in_catalog	YES	31.39	29.19	23.54
PB.5304.2	Protein_PB.5304.2	LRP12	LRP12	novel_in_catalog	YES	26.25	21.88	30.27
PB.5308.1	Protein_PB.5308.1	SLC25A32	SLC25A32	novel_in_catalog	YES	28.61	34.61	24.09
PB.5308.2	Protein_PB.5308.2	SLC25A32	SLC25A32	full-splice_match	YES	92.94	92.65	75.17
PB.5310.12	Protein_PB.5310.12	AZIN1	AZIN1	full-splice_match	YES	236.24	184.33	218.89
PB.5310.4	Protein_PB.5310.4	AZIN1	AZIN1	full-splice_match	YES	13.97	23.56	71.26
PB.5310.5	Protein_PB.5310.5	AZIN1	AZIN1	novel_not_in_catalog	YES	96.2	111.48	110.77
PB.5310.6	Protein_PB.5310.6	AZIN1	AZIN1	novel_not_in_catalog	YES	29.92	57.88	38.18
PB.5312.2	Protein_PB.5312.2	KLF10	KLF10	full-splice_match	YES	289.07	148.21	302.3
PB.5314.2	Protein_PB.5314.2	UBR5	UBR5	full-splice_match	YES	573.57	461.98	511.68
PB.5314.4	Protein_PB.5314.4	UBR5	UBR5	full-splice_match	YES	181.54	142.41	270.0
PB.5314.6	Protein_PB.5314.6	UBR5	UBR5	incomplete-splice_match	YES	27.74	25.69	32.4
PB.5315.1	Protein_PB.5315.1	RRM2B	RRM2B	full-splice_match	YES	23.45	26.56	21.65
PB.5315.2	Protein_PB.5315.2	RRM2B	RRM2B	full-splice_match	YES	295.75	287.1	225.42
PB.5317.3	Protein_PB.5317.3	NCALD	NCALD	novel_not_in_catalog	YES	28.85	25.14	21.17
PB.5319.1		ZNF706	ZNF706	full-splice_match	NO	231.04	216.92	166.96
PB.5319.2	Protein_PB.5319.2	ZNF706	ZNF706	novel_not_in_catalog	YES	42.72	37.25	25.15
PB.5322.1	Protein_PB.5322.1	LOC113252869	LOC113252869	novel_not_in_catalog	YES	304.37	235.27	325.2
PB.5322.2	Protein_PB.5322.2	LOC113252869	LOC113252869	full-splice_match	YES	23.8	42.05	43.79
PB.5322.3	Protein_PB.5322.3	LOC113252869	LOC113252869	novel_in_catalog	YES	21.6	21.0	51.5
PB.5322.5	Protein_PB.5322.5	LOC113252869	LOC113252869	novel_not_in_catalog	YES	14.3	3.38	19.81
PB.5322.6	Protein_PB.5322.6	LOC113252869	LOC113252869	incomplete-splice_match	YES	349.76	255.46	387.75
PB.5324.2	Protein_PB.5324.2	PABPC1	PABPC1	novel_in_catalog	YES	8.14	13.15	30.37
PB.5324.3	Protein_PB.5324.3	PABPC1	PABPC1	novel_not_in_catalog	YES	290.09	233.35	273.7
PB.5324.4	Protein_PB.5324.4	PABPC1	PABPC1	novel_not_in_catalog	YES	32.58	13.78	29.56
PB.5324.5	Protein_PB.5324.5	PABPC1	PABPC1	incomplete-splice_match	YES	54.29	88.99	43.31
PB.5324.8	Protein_PB.5324.8	PABPC1	PABPC1	full-splice_match	YES	27.21	27.84	40.55
PB.5326.13	Protein_PB.5326.13	ANKRD46	ANKRD46	novel_not_in_catalog	YES	99.19	120.99	126.56
PB.5326.14	Protein_PB.5326.14	ANKRD46	ANKRD46	full-splice_match	YES	114.52	114.95	99.7
PB.5327.1	Protein_PB.5327.1	RNF19A	RNF19A	novel_not_in_catalog	YES	37.18	36.9	24.39
PB.5327.11	Protein_PB.5327.11	RNF19A	RNF19A	novel_not_in_catalog	YES	148.72	137.68	92.77
PB.5327.14	Protein_PB.5327.14	RNF19A	RNF19A	full-splice_match	YES	49.93	27.54	50.38
PB.5327.3	Protein_PB.5327.3	RNF19A	RNF19A	novel_not_in_catalog	YES	0.0	20.52	50.43
PB.5327.5	Protein_PB.5327.5	RNF19A	RNF19A	full-splice_match	YES	16.39	15.91	17.59
PB.5327.6	Protein_PB.5327.6	RNF19A	RNF19A	novel_not_in_catalog	YES	55.33	55.61	79.19
PB.5327.7	Protein_PB.5327.7	RNF19A	RNF19A	novel_not_in_catalog	YES	185.36	234.31	233.5
PB.5327.9	Protein_PB.5327.9	RNF19A	RNF19A	full-splice_match	YES	107.06	98.64	52.45
PB.533.2	Protein_PB.533.2	MX1	MX1	full-splice_match	YES	19.62	15.29	20.02
PB.5330.1	Protein_PB.5330.1	LOC113252883	LOC113252883	full-splice_match	YES	2864.07	3179.83	2133.53
PB.5336.1	Protein_PB.5336.1	STK3	STK3	full-splice_match	YES	19.76	4.16	22.77
PB.5336.10	Protein_PB.5336.10	STK3	STK3	novel_not_in_catalog	YES	20.39	11.29	18.99
PB.5336.11	Protein_PB.5336.11	STK3	STK3	novel_not_in_catalog	YES	29.68	6.38	33.79
PB.5336.2	Protein_PB.5336.2	STK3	STK3	full-splice_match	YES	16.64	56.79	14.43
PB.5336.4	Protein_PB.5336.4	STK3	STK3	incomplete-splice_match	YES	49.45	36.51	43.34
PB.5336.6	Protein_PB.5336.6	STK3	STK3	novel_not_in_catalog	YES	36.28	40.23	27.04
PB.5337.1	Protein_PB.5337.1	NIPAL2	NIPAL2	full-splice_match	YES	23.27	18.46	21.85
PB.5339.2	Protein_PB.5339.2	RIDA	RIDA	novel_not_in_catalog	YES	32.85	31.08	18.9
PB.5339.3	Protein_PB.5339.3	RIDA	RIDA	full-splice_match	YES	42.35	48.57	46.69
PB.534.1	Protein_PB.534.1	MX2	MX2	full-splice_match	YES	16.65	14.57	20.39
PB.5340.1	Protein_PB.5340.1	RPL30	RPL30	full-splice_match	YES	2990.93	3284.15	5319.12
PB.5340.3	Protein_PB.5340.3	RPL30	RPL30	incomplete-splice_match	YES	543.3	287.95	376.01
PB.5343.4	Protein_PB.5343.4	TSPYL5	TSPYL5	full-splice_match	YES	17.57	23.3	9.43
PB.5345.5	Protein_PB.5345.5	MTERF3	MTERF3	novel_in_catalog	YES	56.18	66.76	41.05
PB.5345.6	Protein_PB.5345.6	MTERF3	MTERF3	full-splice_match	YES	135.51	173.48	118.95
PB.5346.1	Protein_PB.5346.1	LOC113252908_LOC113252909	LOC113252908_LOC113252909	fusion	YES	1280.11	1604.97	924.73
PB.5346.5		LOC113252908	LOC113252908	novel_in_catalog	NO	2070.18	2540.51	1455.11
PB.5346.6	Protein_PB.5346.6	LOC113252908_LOC113252909	LOC113252908_LOC113252909	fusion	YES	15.42	28.96	64.63
PB.5346.8	Protein_PB.5346.8	LOC113252908_LOC113252909	LOC113252908_LOC113252909	fusion	YES	116.22	93.9	104.42
PB.5352.1	Protein_PB.5352.1	PLEKHF2	PLEKHF2	full-splice_match	YES	76.01	52.57	70.12
PB.5353.1	Protein_PB.5353.1	TP53INP1	TP53INP1	full-splice_match	YES	32.21	22.4	29.2
PB.5353.2	Protein_PB.5353.2	TP53INP1	TP53INP1	full-splice_match	YES	36.42	30.85	54.39
PB.5356.1	Protein_PB.5356.1	VIRMA	VIRMA	full-splice_match	YES	235.46	259.02	210.46
PB.5356.2	Protein_PB.5356.2	VIRMA	VIRMA	full-splice_match	YES	8.64	4.45	46.95
PB.5356.4	Protein_PB.5356.4	VIRMA	VIRMA	incomplete-splice_match	YES	30.18	42.44	40.35
PB.5356.9	Protein_PB.5356.9	VIRMA	VIRMA	incomplete-splice_match	YES	46.85	38.33	35.96
PB.536.1	Protein_PB.536.1	BACE2	BACE2	full-splice_match	YES	57.73	47.76	48.53
PB.5360.2	Protein_PB.5360.2	GEM	GEM	full-splice_match	YES	23.46	12.65	31.87
PB.5364.10	Protein_PB.5364.10	RBM12B	RBM12B	full-splice_match	YES	45.0	46.27	42.26
PB.5364.13	Protein_PB.5364.13	RBM12B	RBM12B	full-splice_match	YES	23.95	9.95	18.47
PB.5370.1	Protein_PB.5370.1	RUNX1T1	RUNX1T1	full-splice_match	YES	17.82	11.87	22.88
PB.5370.2	Protein_PB.5370.2	RUNX1T1	RUNX1T1	full-splice_match	YES	18.02	11.34	6.71
PB.5372.1		LOC113252946	LOC113252946	full-splice_match	NO	607.7	695.43	757.85
PB.5376.2	Protein_PB.5376.2	TMEM64	TMEM64	full-splice_match	YES	84.58	84.71	92.08
PB.5379.1	Protein_PB.5379.1	LOC113252960	LOC113252960	full-splice_match	YES	30.18	23.76	29.52
PB.5380.11	Protein_PB.5380.11	NBN	NBN	novel_not_in_catalog	YES	19.69	21.81	19.28
PB.5380.12	Protein_PB.5380.12	NBN	NBN	novel_not_in_catalog	YES	31.16	24.31	39.73
PB.5380.3	Protein_PB.5380.3	NBN	NBN	full-splice_match	YES	160.32	217.87	148.76
PB.5380.7	Protein_PB.5380.7	NBN	NBN	novel_in_catalog	YES	59.54	105.51	64.54
PB.5380.9	Protein_PB.5380.9	NBN	NBN	novel_in_catalog	YES	92.86	128.26	73.97
PB.5383.1	Protein_PB.5383.1	MMP16	MMP16	full-splice_match	YES	39.14	15.18	22.87
PB.5388.10	Protein_PB.5388.10	RMDN1	RMDN1	novel_not_in_catalog	YES	24.41	29.23	20.8
PB.5388.13	Protein_PB.5388.13	LOC113252977_RMDN1	LOC113252977_RMDN1	full-splice_match	YES	376.38	397.79	307.95
PB.5388.14	Protein_PB.5388.14	LOC113252977_RMDN1	LOC113252977_RMDN1	fusion	YES	58.45	61.98	59.19
PB.5388.15	Protein_PB.5388.15	LOC113252977_RMDN1	LOC113252977_RMDN1	full-splice_match	YES	316.8	351.71	233.84
PB.5388.3	Protein_PB.5388.3	LOC113252977_RMDN1	LOC113252977_RMDN1	fusion	YES	75.87	105.16	46.8
PB.5388.4	Protein_PB.5388.4	LOC113252977_RMDN1	LOC113252977_RMDN1	full-splice_match	YES	53.51	55.14	49.1
PB.5388.8	Protein_PB.5388.8	RMDN1	RMDN1	novel_in_catalog	YES	2.15	11.38	23.45
PB.5399.1	Protein_PB.5399.1	CUNH8orf59	CUNH8orf59	full-splice_match	YES	172.85	191.19	199.81
PB.5399.2		CUNH8orf59	CUNH8orf59	novel_in_catalog	NO	30.99	38.14	34.25
PB.54.2	Protein_PB.54.2	C2CD2	C2CD2	full-splice_match	YES	87.08	74.04	71.01
PB.5400.1	Protein_PB.5400.1	LOC113252992	LOC113252992	full-splice_match	YES	71.49	53.56	52.17
PB.5401.2		LOC113252995	LOC113252995	full-splice_match	NO	19.66	16.17	36.58
PB.5406.1	Protein_PB.5406.1	SNX16	SNX16	full-splice_match	YES	78.4	74.13	64.29
PB.5407.1	Protein_PB.5407.1	ZFAND1	ZFAND1	full-splice_match	YES	117.78	135.98	98.02
PB.5407.5	Protein_PB.5407.5	IMPA1	IMPA1	novel_not_in_catalog	YES	43.03	36.53	17.88
PB.5407.6	Protein_PB.5407.6	IMPA1	IMPA1	full-splice_match	YES	20.07	23.5	31.24
PB.541.1	Protein_PB.541.1	LOC113256824_LOC113257256	LOC113256824_LOC113257256	fusion	YES	99.32	81.38	129.22
PB.541.2	Protein_PB.541.2	LOC113256824_LOC113257256	LOC113256824_LOC113257256	fusion	YES	2327.91	1927.97	1094.45
PB.541.4	Protein_PB.541.4	LOC113256824	LOC113256824	full-splice_match	YES	133.11	113.33	81.69
PB.541.5	Protein_PB.541.5	LOC113256824	LOC113256824	incomplete-splice_match	YES	1552.2	1360.82	759.03
PB.5411.1	Protein_PB.5411.1	FABP4	FABP4	novel_in_catalog	YES	19.2	26.78	7.37
PB.5411.4		FABP4	FABP4	novel_in_catalog	NO	20.48	12.93	12.1
PB.5411.6	Protein_PB.5411.6	FABP4	FABP4	full-splice_match	YES	849.6	700.59	569.79
PB.5415.1	Protein_PB.5415.1	PAG1	PAG1	full-splice_match	YES	13.62	10.8	17.04
PB.5416.1	Protein_PB.5416.1	ZNF704	ZNF704	full-splice_match	YES	184.75	146.33	311.88
PB.5417.1		LOC113253013	LOC113253013	full-splice_match	NO	145.32	106.3	65.63
PB.5419.1	Protein_PB.5419.1	TPD52	TPD52	full-splice_match	YES	195.91	117.17	201.27
PB.542.2	Protein_PB.542.2	WRB	WRB	full-splice_match	YES	37.77	41.74	41.95
PB.542.5	Protein_PB.542.5	WRB	WRB	novel_not_in_catalog	YES	35.46	31.71	53.89
PB.5420.1	Protein_PB.5420.1	MRPS28	MRPS28	full-splice_match	YES	223.73	253.09	159.73
PB.5422.1	Protein_PB.5422.1	HEY1	HEY1	full-splice_match	YES	47.18	41.27	28.03
PB.5430.10	Protein_PB.5430.10	PEX2	PEX2	novel_in_catalog	YES	192.22	161.55	184.23
PB.5430.13	Protein_PB.5430.13	PEX2	PEX2	full-splice_match	YES	21.7	46.63	39.7
PB.5430.14	Protein_PB.5430.14	PEX2	PEX2	novel_in_catalog	YES	21.82	25.61	25.76
PB.5430.15	Protein_PB.5430.15	PEX2	PEX2	novel_not_in_catalog	YES	15.6	17.62	0.0
PB.5430.9	Protein_PB.5430.9	PEX2	PEX2	full-splice_match	YES	84.95	98.42	53.89
PB.5431.1		novelGene_ZFHX4_AS	novelGene_ZFHX4_AS	antisense	NO	15.26	25.08	24.61
PB.5434.1	Protein_PB.5434.1	JPH1	JPH1	full-splice_match	YES	1875.38	1764.85	1673.47
PB.5434.3	Protein_PB.5434.3	JPH1	JPH1	novel_not_in_catalog	YES	642.97	578.29	671.67
PB.5434.4	Protein_PB.5434.4	JPH1	JPH1	novel_not_in_catalog	YES	1534.32	1293.67	1538.48
PB.5434.5	Protein_PB.5434.5	JPH1	JPH1	incomplete-splice_match	YES	560.38	533.24	637.07
PB.5435.1	Protein_PB.5435.1	ELOC	ELOC	full-splice_match	YES	41.95	24.29	31.01
PB.5435.4	Protein_PB.5435.4	ELOC	ELOC	full-splice_match	YES	119.0	136.93	146.06
PB.5437.1	Protein_PB.5437.1	UBE2W	UBE2W	full-splice_match	YES	20.33	24.21	19.88
PB.5437.2	Protein_PB.5437.2	UBE2W	UBE2W	novel_not_in_catalog	YES	59.9	51.18	51.21
PB.5437.3	Protein_PB.5437.3	UBE2W	UBE2W	full-splice_match	YES	26.93	25.65	30.84
PB.5437.5		UBE2W	UBE2W	novel_not_in_catalog	NO	62.15	94.47	72.01
PB.5437.6	Protein_PB.5437.6	UBE2W	UBE2W	novel_in_catalog	YES	25.71	19.73	16.59
PB.5438.13	Protein_PB.5438.13	STAU2	STAU2	full-splice_match	YES	1.33	22.44	0.0
PB.5438.14	Protein_PB.5438.14	STAU2	STAU2	novel_not_in_catalog	YES	29.39	9.99	33.53
PB.5438.16	Protein_PB.5438.16	STAU2	STAU2	novel_not_in_catalog	YES	92.16	69.52	54.57
PB.5438.18	Protein_PB.5438.18	STAU2	STAU2	novel_not_in_catalog	YES	31.76	38.4	31.84
PB.5438.19	Protein_PB.5438.19	STAU2	STAU2	novel_not_in_catalog	YES	9.4	21.89	24.45
PB.5438.21	Protein_PB.5438.21	STAU2	STAU2	novel_in_catalog	YES	57.99	116.06	8.17
PB.5438.22	Protein_PB.5438.22	STAU2	STAU2	novel_not_in_catalog	YES	11.31	32.15	13.41
PB.5438.23	Protein_PB.5438.23	STAU2	STAU2	novel_not_in_catalog	YES	70.55	75.16	122.22
PB.5438.4	Protein_PB.5438.4	STAU2	STAU2	novel_not_in_catalog	YES	29.64	52.38	10.61
PB.5438.5	Protein_PB.5438.5	STAU2	STAU2	incomplete-splice_match	YES	64.55	46.48	73.92
PB.5438.6	Protein_PB.5438.6	STAU2	STAU2	novel_not_in_catalog	YES	24.33	11.63	10.33
PB.5438.7	Protein_PB.5438.7	STAU2	STAU2	novel_in_catalog	YES	207.97	229.32	243.42
PB.5440.1	Protein_PB.5440.1	RPL7	RPL7	full-splice_match	YES	8414.3	8323.88	12059.94
PB.5447.11	Protein_PB.5447.11	EYA1	EYA1	novel_not_in_catalog	YES	0.0	19.71	21.06
PB.5447.13	Protein_PB.5447.13	EYA1	EYA1	full-splice_match	YES	50.96	82.45	71.07
PB.5447.3	Protein_PB.5447.3	EYA1	EYA1	novel_not_in_catalog	YES	24.78	33.24	13.4
PB.5447.6	Protein_PB.5447.6	EYA1	EYA1	novel_not_in_catalog	YES	36.95	27.16	22.69
PB.5450.2	Protein_PB.5450.2	LACTB2	LACTB2	incomplete-splice_match	YES	33.76	35.23	88.18
PB.5450.3	Protein_PB.5450.3	LACTB2	LACTB2	full-splice_match	YES	208.89	230.08	284.12
PB.5451.1	Protein_PB.5451.1	TRAM1	TRAM1	full-splice_match	YES	85.59	78.86	97.88
PB.5451.6	Protein_PB.5451.6	TRAM1	TRAM1	incomplete-splice_match	YES	66.42	76.13	93.43
PB.5452.3	Protein_PB.5452.3	NCOA2	NCOA2	novel_not_in_catalog	YES	68.99	74.26	105.16
PB.5452.4	Protein_PB.5452.4	NCOA2	NCOA2	incomplete-splice_match	YES	35.58	24.49	33.53
PB.5452.6	Protein_PB.5452.6	NCOA2	NCOA2	full-splice_match	YES	146.67	189.68	272.6
PB.5455.2	Protein_PB.5455.2	SLCO5A1	SLCO5A1	full-splice_match	YES	220.97	374.9	264.31
PB.5461.1		novelGene_676	novelGene_676	intergenic	NO	14.19	11.55	21.33
PB.5469.1	Protein_PB.5469.1	WISP1	WISP1	full-splice_match	YES	25.58	5.8	9.08
PB.547.1	Protein_PB.547.1	ETS2	ETS2	full-splice_match	YES	11.34	0.0	53.22
PB.547.2	Protein_PB.547.2	ETS2	ETS2	full-splice_match	YES	269.16	205.12	218.24
PB.547.4	Protein_PB.547.4	ETS2	ETS2	incomplete-splice_match	YES	235.16	192.09	276.47
PB.5471.1	Protein_PB.5471.1	PHF20L1	PHF20L1	full-splice_match	YES	50.33	42.26	52.23
PB.5471.2	Protein_PB.5471.2	PHF20L1	PHF20L1	incomplete-splice_match	YES	109.81	106.85	106.94
PB.5471.3	Protein_PB.5471.3	PHF20L1	PHF20L1	novel_not_in_catalog	YES	73.63	72.21	65.01
PB.5471.5	Protein_PB.5471.5	PHF20L1	PHF20L1	novel_not_in_catalog	YES	19.23	17.43	13.23
PB.5472.1	Protein_PB.5472.1	EFR3A	EFR3A	full-splice_match	YES	152.72	124.86	69.28
PB.5472.2	Protein_PB.5472.2	EFR3A	EFR3A	full-splice_match	YES	435.24	550.77	373.18
PB.5472.6	Protein_PB.5472.6	EFR3A	EFR3A	novel_not_in_catalog	YES	43.17	178.62	55.66
PB.5472.7	Protein_PB.5472.7	EFR3A	EFR3A	novel_in_catalog	YES	308.53	290.61	246.91
PB.5472.9	Protein_PB.5472.9	EFR3A	EFR3A	novel_not_in_catalog	YES	99.59	42.36	69.09
PB.5485.1	Protein_PB.5485.1	MYC	MYC	full-splice_match	YES	34.69	23.33	59.75
PB.5485.2	Protein_PB.5485.2	MYC	MYC	full-splice_match	YES	11.82	12.26	40.03
PB.5494.1	Protein_PB.5494.1	TRIB1	TRIB1	full-splice_match	YES	21.33	21.32	21.38
PB.5494.2	Protein_PB.5494.2	TRIB1	TRIB1	full-splice_match	YES	455.74	411.28	343.5
PB.5495.2	Protein_PB.5495.2	NSMCE2	NSMCE2	full-splice_match	YES	40.96	39.53	39.44
PB.5495.3	Protein_PB.5495.3	NSMCE2	NSMCE2	full-splice_match	YES	14.81	12.62	29.75
PB.5497.1	Protein_PB.5497.1	SQLE	SQLE	full-splice_match	YES	24.49	10.58	15.77
PB.5498.2	Protein_PB.5498.2	ZNF572	ZNF572	full-splice_match	YES	28.04	27.03	30.67
PB.5498.3	Protein_PB.5498.3	ZNF572	ZNF572	full-splice_match	YES	39.09	17.48	27.26
PB.5498.4		ZNF572	ZNF572	novel_not_in_catalog	NO	1.01	23.98	33.63
PB.5499.1	Protein_PB.5499.1	NDUFB9	NDUFB9	full-splice_match	YES	4065.48	4192.32	4122.05
PB.55.1	Protein_PB.55.1	PRDM15	PRDM15	incomplete-splice_match	YES	19.86	19.7	19.3
PB.5500.2	Protein_PB.5500.2	RNF139	RNF139	full-splice_match	YES	225.64	228.06	236.97
PB.5501.4	Protein_PB.5501.4	TRMT12	TRMT12	full-splice_match	YES	154.5	199.87	207.49
PB.5502.1		novelGene_632	novelGene_632	intergenic	NO	11.03	10.66	17.93
PB.5504.2	Protein_PB.5504.2	FAM91A1	FAM91A1	full-splice_match	YES	103.92	84.1	111.35
PB.5505.4	Protein_PB.5505.4	WDYHV1	WDYHV1	full-splice_match	YES	51.72	59.03	58.12
PB.5508.1	Protein_PB.5508.1	ZHX2	ZHX2	full-splice_match	YES	295.38	314.79	247.41
PB.5512.1	Protein_PB.5512.1	COL14A1	COL14A1	full-splice_match	YES	252.97	64.2	134.46
PB.5512.10	Protein_PB.5512.10	COL14A1	COL14A1	incomplete-splice_match	YES	14.62	7.82	17.43
PB.5512.2	Protein_PB.5512.2	COL14A1	COL14A1	full-splice_match	YES	533.89	170.1	242.3
PB.5512.3	Protein_PB.5512.3	COL14A1	COL14A1	full-splice_match	YES	161.71	56.65	89.87
PB.5512.4	Protein_PB.5512.4	COL14A1	COL14A1	full-splice_match	YES	258.11	100.95	168.15
PB.5512.5	Protein_PB.5512.5	COL14A1	COL14A1	novel_in_catalog	YES	68.83	11.6	54.56
PB.5514.2	Protein_PB.5514.2	DEPTOR	DEPTOR	full-splice_match	YES	935.64	744.62	835.6
PB.5514.4	Protein_PB.5514.4	DEPTOR	DEPTOR	full-splice_match	YES	161.42	107.97	101.13
PB.5515.5	Protein_PB.5515.5	NOV	NOV	full-splice_match	YES	152.57	75.47	109.37
PB.552.12	Protein_PB.552.12	DYRK1A	DYRK1A	novel_not_in_catalog	YES	11.79	20.83	26.62
PB.552.2	Protein_PB.552.2	DYRK1A	DYRK1A	full-splice_match	YES	35.0	41.8	35.48
PB.552.3	Protein_PB.552.3	DYRK1A	DYRK1A	full-splice_match	YES	280.91	313.52	312.53
PB.552.4	Protein_PB.552.4	DYRK1A	DYRK1A	full-splice_match	YES	133.66	129.21	112.8
PB.552.5	Protein_PB.552.5	DYRK1A	DYRK1A	full-splice_match	YES	34.78	33.24	22.75
PB.552.6	Protein_PB.552.6	DYRK1A	DYRK1A	novel_not_in_catalog	YES	42.09	30.39	28.07
PB.552.7	Protein_PB.552.7	DYRK1A	DYRK1A	novel_in_catalog	YES	48.24	49.79	49.03
PB.552.8	Protein_PB.552.8	DYRK1A	DYRK1A	novel_not_in_catalog	YES	53.62	42.83	26.85
PB.5522.1	Protein_PB.5522.1	MED30	MED30	full-splice_match	YES	18.11	23.52	17.45
PB.5525.1	Protein_PB.5525.1	UTP23	UTP23	full-splice_match	YES	46.69	51.15	38.32
PB.553.1	Protein_PB.553.1	TTC3	TTC3	full-splice_match	YES	94.56	69.26	115.16
PB.553.11	Protein_PB.553.11	TTC3	TTC3	novel_not_in_catalog	YES	8.78	22.38	23.53
PB.553.12	Protein_PB.553.12	TTC3	TTC3	novel_not_in_catalog	YES	20.15	9.85	7.06
PB.553.14	Protein_PB.553.14	TTC3	TTC3	incomplete-splice_match	YES	230.94	192.54	305.4
PB.553.17	Protein_PB.553.17	TTC3	TTC3	incomplete-splice_match	YES	88.31	69.89	90.45
PB.553.4	Protein_PB.553.4	TTC3	TTC3	full-splice_match	YES	23.44	13.86	28.86
PB.553.5	Protein_PB.553.5	TTC3	TTC3	full-splice_match	YES	118.77	134.89	190.5
PB.553.7	Protein_PB.553.7	TTC3	TTC3	full-splice_match	YES	161.44	88.56	184.81
PB.5541.1	Protein_PB.5541.1	EBAG9	EBAG9	novel_not_in_catalog	YES	169.65	165.54	191.72
PB.5541.2	Protein_PB.5541.2	EBAG9	EBAG9	full-splice_match	YES	155.84	201.17	184.82
PB.5542.3	Protein_PB.5542.3	PKHD1L1	PKHD1L1	full-splice_match	YES	45.74	24.05	93.83
PB.5542.5	Protein_PB.5542.5	PKHD1L1	PKHD1L1	full-splice_match	YES	18.52	9.1	5.99
PB.5543.1	Protein_PB.5543.1	ENY2	ENY2	full-splice_match	YES	89.23	86.05	49.32
PB.5543.2		ENY2	ENY2	full-splice_match	NO	64.1	70.08	82.73
PB.5543.3		ENY2	ENY2	novel_in_catalog	NO	26.45	56.09	43.16
PB.5547.6	Protein_PB.5547.6	EMC2	EMC2	full-splice_match	YES	56.78	54.77	36.38
PB.5547.7	Protein_PB.5547.7	EMC2	EMC2	full-splice_match	YES	114.02	110.76	67.27
PB.5550.1	Protein_PB.5550.1	OXR1	OXR1	novel_in_catalog	YES	156.7	234.22	147.24
PB.5550.10	Protein_PB.5550.10	OXR1	OXR1	full-splice_match	YES	340.99	286.6	346.92
PB.5550.2	Protein_PB.5550.2	OXR1	OXR1	full-splice_match	YES	28.57	36.63	29.76
PB.5550.3	Protein_PB.5550.3	OXR1	OXR1	full-splice_match	YES	32.81	38.77	26.9
PB.5550.4	Protein_PB.5550.4	OXR1	OXR1	full-splice_match	YES	98.69	57.32	105.78
PB.5550.5	Protein_PB.5550.5	OXR1	OXR1	novel_in_catalog	YES	41.93	43.49	60.7
PB.5550.6	Protein_PB.5550.6	OXR1	OXR1	full-splice_match	YES	60.79	73.08	15.77
PB.5550.9	Protein_PB.5550.9	OXR1	OXR1	full-splice_match	YES	102.85	123.43	122.63
PB.5554.1	Protein_PB.5554.1	ZFPM2	ZFPM2	full-splice_match	YES	49.57	40.33	39.28
PB.556.1	Protein_PB.556.1	SIM2	SIM2	full-splice_match	YES	76.6	111.81	99.12
PB.5562.1	Protein_PB.5562.1	DCAF13	DCAF13	full-splice_match	YES	109.82	109.31	90.53
PB.5564.1	Protein_PB.5564.1	FZD6	FZD6	full-splice_match	YES	54.14	37.84	57.8
PB.5564.2	Protein_PB.5564.2	FZD6	FZD6	full-splice_match	YES	62.56	48.18	41.17
PB.5564.3	Protein_PB.5564.3	FZD6	FZD6	incomplete-splice_match	YES	35.58	25.59	26.5
PB.5566.1	Protein_PB.5566.1	ATP6V1C1	ATP6V1C1	novel_not_in_catalog	YES	106.48	105.64	86.31
PB.5566.10	Protein_PB.5566.10	ATP6V1C1	ATP6V1C1	novel_not_in_catalog	YES	38.6	53.64	49.61
PB.5566.2	Protein_PB.5566.2	ATP6V1C1	ATP6V1C1	full-splice_match	YES	121.15	108.71	81.21
PB.5580.8	Protein_PB.5580.8	SPAG1	SPAG1	incomplete-splice_match	YES	46.11	43.63	56.28
PB.5581.1		POLR2K	POLR2K	full-splice_match	NO	104.76	105.57	93.58
PB.5581.3		POLR2K	POLR2K	full-splice_match	NO	66.17	73.62	50.67
PB.5582.1	Protein_PB.5582.1	VPS13B	VPS13B	incomplete-splice_match	YES	25.23	20.7	23.54
PB.5582.2	Protein_PB.5582.2	VPS13B	VPS13B	full-splice_match	YES	65.57	94.99	63.98
PB.5582.4	Protein_PB.5582.4	VPS13B	VPS13B	full-splice_match	YES	158.31	199.43	169.09
PB.5582.6	Protein_PB.5582.6	VPS13B	VPS13B	full-splice_match	YES	103.78	0.09	56.77
PB.5582.7	Protein_PB.5582.7	VPS13B	VPS13B	incomplete-splice_match	YES	84.23	86.76	72.46
PB.5582.8	Protein_PB.5582.8	VPS13B	VPS13B	full-splice_match	YES	3.02	3.95	29.67
PB.5586.1	Protein_PB.5586.1	POP1	POP1	full-splice_match	YES	24.4	19.33	26.43
PB.5589.3	Protein_PB.5589.3	MATN2	MATN2	full-splice_match	YES	40.48	10.13	11.27
PB.5589.7	Protein_PB.5589.7	MATN2	MATN2	novel_not_in_catalog	YES	44.01	21.62	38.24
PB.5589.8	Protein_PB.5589.8	MATN2	MATN2	novel_in_catalog	YES	23.71	14.78	26.7
PB.5589.9	Protein_PB.5589.9	MATN2	MATN2	novel_not_in_catalog	YES	22.33	17.02	3.51
PB.5590.1	Protein_PB.5590.1	LAPTM4B	LAPTM4B	full-splice_match	YES	401.77	359.23	346.15
PB.5591.1	Protein_PB.5591.1	MTDH	MTDH	full-splice_match	YES	309.8	339.26	421.08
PB.5591.2	Protein_PB.5591.2	MTDH	MTDH	full-splice_match	YES	60.08	62.29	19.01
PB.5591.5	Protein_PB.5591.5	MTDH	MTDH	full-splice_match	YES	309.1	273.47	232.06
PB.5594.1	Protein_PB.5594.1	CPQ	CPQ	novel_in_catalog	YES	13.87	14.15	21.55
PB.5594.4	Protein_PB.5594.4	CPQ	CPQ	novel_not_in_catalog	YES	20.41	13.47	11.36
PB.5595.1	Protein_PB.5595.1	SDC2	SDC2	full-splice_match	YES	271.47	234.6	322.17
PB.5595.3	Protein_PB.5595.3	SDC2	SDC2	novel_not_in_catalog	YES	23.8	12.74	18.82
PB.5595.4	Protein_PB.5595.4	SDC2	SDC2	novel_not_in_catalog	YES	126.96	120.26	171.95
PB.5596.1	Protein_PB.5596.1	PTDSS1	PTDSS1	full-splice_match	YES	328.77	661.76	435.84
PB.5596.2	Protein_PB.5596.2	PTDSS1	PTDSS1	novel_in_catalog	YES	0.07	0.0	31.83
PB.560.1	Protein_PB.560.1	MORC3	MORC3	full-splice_match	YES	43.48	38.06	52.13
PB.560.2	Protein_PB.560.2	MORC3	MORC3	novel_not_in_catalog	YES	161.0	128.02	149.53
PB.560.3	Protein_PB.560.3	MORC3	MORC3	incomplete-splice_match	YES	219.02	233.42	315.05
PB.5601.2	Protein_PB.5601.2	NDUFAF6	NDUFAF6	full-splice_match	YES	36.92	49.82	42.26
PB.5601.3	Protein_PB.5601.3	NDUFAF6	NDUFAF6	full-splice_match	YES	89.43	124.33	88.79
PB.5602.2	Protein_PB.5602.2	LOC113252918	LOC113252918	novel_not_in_catalog	YES	17.39	25.64	24.65
PB.5603.1	Protein_PB.5603.1	INTS8	INTS8	full-splice_match	YES	204.47	234.27	185.78
PB.5604.1	Protein_PB.5604.1	DPY19L4	DPY19L4	full-splice_match	YES	6.98	16.84	14.19
PB.5604.3	Protein_PB.5604.3	DPY19L4	DPY19L4	full-splice_match	YES	92.07	96.64	121.28
PB.5608.1	Protein_PB.5608.1	PDP1	PDP1	novel_not_in_catalog	YES	18.03	20.56	3.03
PB.5608.2	Protein_PB.5608.2	PDP1	PDP1	full-splice_match	YES	2874.62	2844.33	1231.64
PB.5608.3	Protein_PB.5608.3	PDP1	PDP1	full-splice_match	YES	33.17	23.52	8.95
PB.5608.4	Protein_PB.5608.4	PDP1	PDP1	full-splice_match	YES	286.24	187.46	90.61
PB.561.1	Protein_PB.561.1	DOP1B	DOP1B	novel_not_in_catalog	YES	5.57	17.55	8.52
PB.561.3	Protein_PB.561.3	DOP1B	DOP1B	full-splice_match	YES	274.12	374.53	238.28
PB.5610.1	Protein_PB.5610.1	FAM92A	FAM92A	novel_not_in_catalog	YES	23.15	17.4	12.97
PB.5610.3	Protein_PB.5610.3	FAM92A	FAM92A	novel_not_in_catalog	YES	5.34	12.84	18.63
PB.5610.4	Protein_PB.5610.4	FAM92A	FAM92A	full-splice_match	YES	45.73	57.79	39.26
PB.5613.6	Protein_PB.5613.6	OTUD6B	OTUD6B	novel_not_in_catalog	YES	93.5	88.02	80.13
PB.5613.7	Protein_PB.5613.7	OTUD6B	OTUD6B	full-splice_match	YES	205.73	272.41	218.15
PB.5613.8	Protein_PB.5613.8	OTUD6B	OTUD6B	full-splice_match	YES	19.83	19.77	32.56
PB.5619.10	Protein_PB.5619.10	DECR1	DECR1	novel_not_in_catalog	YES	234.03	298.62	167.96
PB.5619.13	Protein_PB.5619.13	DECR1	DECR1	novel_not_in_catalog	YES	47.56	34.59	35.36
PB.5619.14	Protein_PB.5619.14	DECR1	DECR1	novel_not_in_catalog	YES	2.52	26.07	2.82
PB.5620.4	Protein_PB.5620.4	OSGIN2	OSGIN2	full-splice_match	YES	29.5	46.18	30.4
PB.5621.1	Protein_PB.5621.1	RIPK2	RIPK2	full-splice_match	YES	97.68	106.41	80.92
PB.5621.3	Protein_PB.5621.3	RIPK2	RIPK2	novel_not_in_catalog	YES	10.89	19.04	13.89
PB.5627.1	Protein_PB.5627.1	CPNE3	CPNE3	full-splice_match	YES	169.88	167.56	218.05
PB.5627.4	Protein_PB.5627.4	CPNE3	CPNE3	incomplete-splice_match	YES	22.95	21.87	34.78
PB.5628.1	Protein_PB.5628.1	WWP1	WWP1	novel_not_in_catalog	YES	224.69	202.18	106.13
PB.5628.10	Protein_PB.5628.10	WWP1	WWP1	novel_not_in_catalog	YES	55.28	8.22	14.07
PB.5628.11	Protein_PB.5628.11	WWP1	WWP1	novel_not_in_catalog	YES	99.58	103.08	128.04
PB.5628.14	Protein_PB.5628.14	WWP1	WWP1	novel_not_in_catalog	YES	587.89	532.63	430.45
PB.5628.15	Protein_PB.5628.15	WWP1	WWP1	novel_not_in_catalog	YES	6.38	102.96	46.33
PB.5628.16	Protein_PB.5628.16	WWP1	WWP1	novel_not_in_catalog	YES	377.81	359.26	244.21
PB.5628.17	Protein_PB.5628.17	WWP1	WWP1	novel_not_in_catalog	YES	99.11	45.56	90.03
PB.5628.18	Protein_PB.5628.18	WWP1	WWP1	novel_not_in_catalog	YES	66.53	43.16	43.95
PB.5628.2	Protein_PB.5628.2	WWP1	WWP1	full-splice_match	YES	141.14	98.01	66.11
PB.5628.21	Protein_PB.5628.21	WWP1	WWP1	novel_in_catalog	YES	647.62	498.8	332.5
PB.5628.6	Protein_PB.5628.6	WWP1	WWP1	full-splice_match	YES	62.77	46.03	47.37
PB.5628.7	Protein_PB.5628.7	WWP1	WWP1	novel_not_in_catalog	YES	312.82	288.02	122.34
PB.5632.2	Protein_PB.5632.2	CA2	CA2	full-splice_match	YES	42.28	24.03	22.38
PB.5633.10	Protein_PB.5633.10	CA3	CA3	full-splice_match	YES	44981.12	65550.03	33077.66
PB.5633.2	Protein_PB.5633.2	CA3	CA3	novel_in_catalog	YES	29.24	37.41	26.34
PB.5633.3	Protein_PB.5633.3	CA3	CA3	novel_in_catalog	YES	54.7	106.08	78.75
PB.5633.4	Protein_PB.5633.4	CA3	CA3	novel_in_catalog	YES	36.51	76.13	60.54
PB.5633.6	Protein_PB.5633.6	CA3	CA3	novel_in_catalog	YES	81.64	117.41	71.46
PB.5633.9	Protein_PB.5633.9	CA3	CA3	novel_not_in_catalog	YES	52019.88	75913.16	36954.11
PB.5637.1	Protein_PB.5637.1	LRRCC1	LRRCC1	full-splice_match	YES	33.91	9.3	29.49
PB.5637.3	Protein_PB.5637.3	LRRCC1	LRRCC1	full-splice_match	YES	7.79	27.89	17.46
PB.5637.5	Protein_PB.5637.5	LRRCC1	LRRCC1	full-splice_match	YES	33.28	25.08	30.89
PB.5637.6	Protein_PB.5637.6	LRRCC1	LRRCC1	incomplete-splice_match	YES	24.15	14.23	13.72
PB.564.1	Protein_PB.564.1	LOC113260850	LOC113260850	novel_in_catalog	YES	161.25	161.24	122.29
PB.5642.1	Protein_PB.5642.1	FABP5	FABP5	full-splice_match	YES	534.39	461.89	388.15
PB.5644.1	Protein_PB.5644.1	ZBTB10	ZBTB10	full-splice_match	YES	115.54	127.37	120.28
PB.5644.4	Protein_PB.5644.4	ZBTB10	ZBTB10	novel_not_in_catalog	YES	75.45	70.74	62.65
PB.5651.1	Protein_PB.5651.1	ZC2HC1A	ZC2HC1A	full-splice_match	YES	16.16	15.06	20.96
PB.5652.1	Protein_PB.5652.1	PKIA	PKIA	novel_not_in_catalog	YES	610.54	684.93	703.37
PB.5652.10	Protein_PB.5652.10	PKIA	PKIA	novel_not_in_catalog	YES	1685.62	2083.44	1892.49
PB.5652.2		PKIA	PKIA	full-splice_match	NO	86.67	88.72	102.16
PB.5652.3		PKIA	PKIA	full-splice_match	NO	1240.49	1512.03	1677.69
PB.5652.4		PKIA	PKIA	novel_not_in_catalog	NO	203.71	290.78	441.66
PB.5652.6		PKIA	PKIA	novel_not_in_catalog	NO	40.79	141.96	577.35
PB.5652.7		PKIA	PKIA	full-splice_match	NO	626.18	845.76	1033.68
PB.5652.9	Protein_PB.5652.9	PKIA	PKIA	novel_not_in_catalog	YES	11.36	16.28	60.47
PB.5654.1	Protein_PB.5654.1	ZFHX4	ZFHX4	full-splice_match	YES	214.11	154.22	215.38
PB.5662.1	Protein_PB.5662.1	GDAP1	GDAP1	full-splice_match	YES	14.83	12.77	20.62
PB.5662.3	Protein_PB.5662.3	GDAP1	GDAP1	novel_not_in_catalog	YES	33.68	22.79	35.75
PB.5662.4	Protein_PB.5662.4	GDAP1	GDAP1	novel_not_in_catalog	YES	71.97	58.68	112.08
PB.5665.1	Protein_PB.5665.1	TMEM70	TMEM70	full-splice_match	YES	150.48	155.2	128.19
PB.5667.2	Protein_PB.5667.2	RDH10	RDH10	novel_not_in_catalog	YES	17.37	23.08	21.36
PB.5667.3	Protein_PB.5667.3	RDH10	RDH10	full-splice_match	YES	18.88	16.48	18.07
PB.5668.2	Protein_PB.5668.2	TERF1	TERF1	full-splice_match	YES	76.26	83.13	80.39
PB.567.2	Protein_PB.567.2	SMIM11A	SMIM11A	full-splice_match	YES	29.21	41.04	31.61
PB.567.3	Protein_PB.567.3	SMIM11A	SMIM11A	novel_in_catalog	YES	296.71	293.27	290.48
PB.567.4	Protein_PB.567.4	SMIM11A	SMIM11A	novel_not_in_catalog	YES	36.97	25.39	36.38
PB.568.1	Protein_PB.568.1	KCNE2	KCNE2	full-splice_match	YES	10.99	21.58	6.07
PB.5680.1	Protein_PB.5680.1	SULF1	SULF1	full-splice_match	YES	96.88	51.47	39.24
PB.5680.4	Protein_PB.5680.4	SULF1	SULF1	full-splice_match	YES	29.52	2.09	8.86
PB.5680.6	Protein_PB.5680.6	SULF1	SULF1	incomplete-splice_match	YES	21.89	11.49	28.42
PB.5680.7	Protein_PB.5680.7	SULF1	SULF1	incomplete-splice_match	YES	24.89	18.89	15.45
PB.5685.1	Protein_PB.5685.1	PREX2	PREX2	full-splice_match	YES	372.67	267.81	148.23
PB.5686.2	Protein_PB.5686.2	ARFGEF1	ARFGEF1	incomplete-splice_match	YES	103.06	117.88	115.04
PB.5686.3	Protein_PB.5686.3	ARFGEF1	ARFGEF1	full-splice_match	YES	364.59	378.86	295.02
PB.569.1	Protein_PB.569.1	MRPS6	MRPS6	novel_in_catalog	YES	190.58	836.69	224.82
PB.569.3	Protein_PB.569.3	SLC5A3	SLC5A3	full-splice_match	YES	194.26	559.57	152.85
PB.5690.1	Protein_PB.5690.1	PIEZO2	PIEZO2	full-splice_match	YES	58.96	18.67	44.79
PB.5691.1	Protein_PB.5691.1	PPP4R1	PPP4R1	novel_not_in_catalog	YES	85.9	99.8	95.97
PB.5691.2	Protein_PB.5691.2	PPP4R1	PPP4R1	novel_not_in_catalog	YES	185.17	129.63	122.06
PB.5696.1	Protein_PB.5696.1	L3MBTL4	L3MBTL4	novel_not_in_catalog	YES	35.79	34.17	48.97
PB.5696.3	Protein_PB.5696.3	L3MBTL4	L3MBTL4	full-splice_match	YES	9.93	5.76	19.85
PB.5699.8	Protein_PB.5699.8	EPB41L3	EPB41L3	incomplete-splice_match	YES	8.46	19.86	32.1
PB.570.11	Protein_PB.570.11	ITSN1	ITSN1	novel_not_in_catalog	YES	111.83	79.53	129.12
PB.570.12	Protein_PB.570.12	ITSN1	ITSN1	novel_not_in_catalog	YES	140.45	80.6	101.99
PB.570.14	Protein_PB.570.14	ITSN1	ITSN1	incomplete-splice_match	YES	34.51	46.7	40.39
PB.570.2	Protein_PB.570.2	ITSN1	ITSN1	full-splice_match	YES	200.9	174.1	139.32
PB.5700.1	Protein_PB.5700.1	ZBTB14	ZBTB14	novel_not_in_catalog	YES	11.62	15.97	18.9
PB.5700.2	Protein_PB.5700.2	ZBTB14	ZBTB14	novel_not_in_catalog	YES	25.31	6.57	17.08
PB.5700.3	Protein_PB.5700.3	ZBTB14	ZBTB14	full-splice_match	YES	22.1	34.92	36.03
PB.5704.3	Protein_PB.5704.3	DLGAP1	DLGAP1	novel_not_in_catalog	YES	79.66	83.1	88.69
PB.5707.10	Protein_PB.5707.10	MYOM1	MYOM1	incomplete-splice_match	YES	5744.54	8006.09	4611.96
PB.5707.13	Protein_PB.5707.13	MYOM1	MYOM1	novel_not_in_catalog	YES	71.47	146.93	109.78
PB.5707.14	Protein_PB.5707.14	MYOM1	MYOM1	incomplete-splice_match	YES	6332.18	7563.69	5235.66
PB.5707.15	Protein_PB.5707.15	MYOM1	MYOM1	incomplete-splice_match	YES	66.68	137.86	79.69
PB.5707.16	Protein_PB.5707.16	MYOM1	MYOM1	novel_not_in_catalog	YES	3181.71	3016.54	2275.98
PB.5707.17	Protein_PB.5707.17	MYOM1	MYOM1	novel_in_catalog	YES	72.01	73.28	49.62
PB.5707.18	Protein_PB.5707.18	MYOM1	MYOM1	incomplete-splice_match	YES	2863.47	3006.8	2185.31
PB.5707.19	Protein_PB.5707.19	MYOM1	MYOM1	incomplete-splice_match	YES	226.41	711.82	408.76
PB.5707.22	Protein_PB.5707.22	MYOM1	MYOM1	incomplete-splice_match	YES	23.79	26.66	19.47
PB.5707.23	Protein_PB.5707.23	MYOM1	MYOM1	novel_not_in_catalog	YES	226.26	400.79	604.0
PB.5707.25	Protein_PB.5707.25	MYOM1	MYOM1	novel_not_in_catalog	YES	8525.72	10963.5	7414.15
PB.5707.26	Protein_PB.5707.26	MYOM1	MYOM1	incomplete-splice_match	YES	4675.56	5209.66	4417.04
PB.5707.29	Protein_PB.5707.29	MYOM1	MYOM1	incomplete-splice_match	YES	4529.07	5476.36	3964.64
PB.5707.4	Protein_PB.5707.4	MYOM1	MYOM1	novel_in_catalog	YES	214.87	206.45	259.39
PB.5707.8	Protein_PB.5707.8	MYOM1	MYOM1	full-splice_match	YES	4.76	13.97	26.3
PB.5709.6	Protein_PB.5709.6	LPIN2	LPIN2	full-splice_match	YES	24.04	35.18	35.49
PB.571.11	Protein_PB.571.11	SON	SON	full-splice_match	YES	68.94	60.09	73.44
PB.571.13	Protein_PB.571.13	SON	SON	full-splice_match	YES	76.13	92.29	99.69
PB.571.2	Protein_PB.571.2	SON	SON	full-splice_match	YES	469.06	373.88	495.73
PB.571.4	Protein_PB.571.4	SON	SON	novel_in_catalog	YES	26.82	15.38	21.21
PB.571.7	Protein_PB.571.7	SON	SON	full-splice_match	YES	136.25	189.49	299.66
PB.571.8	Protein_PB.571.8	SON	SON	novel_not_in_catalog	YES	145.4	120.47	160.08
PB.571.9	Protein_PB.571.9	SON	SON	incomplete-splice_match	YES	469.28	374.95	637.03
PB.5716.3	Protein_PB.5716.3	YES1	YES1	full-splice_match	YES	37.98	32.7	41.31
PB.5716.4	Protein_PB.5716.4	YES1	YES1	novel_not_in_catalog	YES	22.35	5.69	34.75
PB.5716.6	Protein_PB.5716.6	YES1	YES1	incomplete-splice_match	YES	68.88	47.54	28.46
PB.5716.7	Protein_PB.5716.7	YES1	YES1	incomplete-splice_match	YES	95.0	64.5	69.92
PB.5717.3	Protein_PB.5717.3	ENOSF1	ENOSF1	novel_not_in_catalog	YES	28.39	14.64	23.33
PB.5717.4	Protein_PB.5717.4	ENOSF1	ENOSF1	full-splice_match	YES	8.9	22.85	10.84
PB.5717.6	Protein_PB.5717.6	ENOSF1	ENOSF1	novel_in_catalog	YES	27.5	56.23	35.87
PB.5717.7	Protein_PB.5717.7	ENOSF1	ENOSF1	full-splice_match	YES	15.89	21.65	33.7
PB.5719.1	Protein_PB.5719.1	COLEC12	COLEC12	full-splice_match	YES	217.88	198.83	207.68
PB.572.1	Protein_PB.572.1	IFNGR2	IFNGR2	full-splice_match	YES	452.63	426.16	416.96
PB.5720.1	Protein_PB.5720.1	THOC1	THOC1	novel_not_in_catalog	YES	24.69	25.03	39.31
PB.5720.9	Protein_PB.5720.9	THOC1	THOC1	full-splice_match	YES	37.19	28.79	16.6
PB.5723.1	Protein_PB.5723.1	GREB1L	GREB1L	full-splice_match	YES	107.57	141.54	188.85
PB.5724.1	Protein_PB.5724.1	SNRPD1	SNRPD1	full-splice_match	YES	116.23	121.55	145.89
PB.5726.1	Protein_PB.5726.1	MIB1	MIB1	full-splice_match	YES	637.6	615.53	663.34
PB.5726.2	Protein_PB.5726.2	MIB1	MIB1	novel_not_in_catalog	YES	1531.62	1645.57	1084.74
PB.5726.3	Protein_PB.5726.3	MIB1	MIB1	novel_not_in_catalog	YES	109.21	135.13	81.85
PB.5726.4	Protein_PB.5726.4	MIB1	MIB1	novel_not_in_catalog	YES	1076.39	1464.29	1253.68
PB.5729.4	Protein_PB.5729.4	RBBP8	RBBP8	full-splice_match	YES	7.3	19.97	14.09
PB.573.2	Protein_PB.573.2	IFNAR1	IFNAR1	full-splice_match	YES	63.07	28.09	21.03
PB.573.3	Protein_PB.573.3	IFNAR1	IFNAR1	novel_in_catalog	YES	76.42	57.56	84.96
PB.573.7	Protein_PB.573.7	IFNAR1	IFNAR1	novel_not_in_catalog	YES	13.49	22.22	3.19
PB.573.8	Protein_PB.573.8	IFNAR1	IFNAR1	novel_in_catalog	YES	93.71	77.84	51.78
PB.5731.1	Protein_PB.5731.1	CABLES1	CABLES1	full-splice_match	YES	26.75	17.0	23.44
PB.5733.1	Protein_PB.5733.1	RIOK3	RIOK3	novel_not_in_catalog	YES	46.23	94.67	57.38
PB.5733.10	Protein_PB.5733.10	RIOK3	RIOK3	novel_in_catalog	YES	27.19	37.11	86.98
PB.5733.13	Protein_PB.5733.13	RIOK3	RIOK3	novel_not_in_catalog	YES	77.99	64.76	78.85
PB.5733.17	Protein_PB.5733.17	RIOK3	RIOK3	full-splice_match	YES	89.87	95.91	129.48
PB.5733.3	Protein_PB.5733.3	RIOK3	RIOK3	incomplete-splice_match	YES	142.14	164.18	122.02
PB.5733.8	Protein_PB.5733.8	RIOK3	RIOK3	novel_not_in_catalog	YES	278.66	301.94	171.27
PB.5734.2	Protein_PB.5734.2	RMC1	RMC1	full-splice_match	YES	19.67	7.75	14.88
PB.5734.4	Protein_PB.5734.4	RMC1	RMC1	full-splice_match	YES	138.21	156.23	114.07
PB.5736.1	Protein_PB.5736.1	LAMA3	LAMA3	full-splice_match	YES	72.28	40.62	88.94
PB.5738.1	Protein_PB.5738.1	TTC39C	TTC39C	full-splice_match	YES	39.68	48.91	57.77
PB.5739.4	Protein_PB.5739.4	CABYR	CABYR	novel_not_in_catalog	YES	30.94	33.47	22.3
PB.5740.1	Protein_PB.5740.1	IMPACT	IMPACT	full-splice_match	YES	173.51	169.87	199.19
PB.5745.2	Protein_PB.5745.2	TAF4B	TAF4B	full-splice_match	YES	54.39	53.26	45.34
PB.575.2	Protein_PB.575.2	LOC113264906	LOC113264906	full-splice_match	YES	23.53	24.38	27.12
PB.5758.1	Protein_PB.5758.1	DSG2	DSG2	full-splice_match	YES	40.24	29.75	65.77
PB.5760.1	Protein_PB.5760.1	RNF125	RNF125	novel_not_in_catalog	YES	6.39	65.52	67.44
PB.5760.3	Protein_PB.5760.3	RNF125	RNF125	novel_not_in_catalog	YES	102.02	80.11	98.03
PB.5760.4	Protein_PB.5760.4	RNF125	RNF125	novel_not_in_catalog	YES	70.32	81.71	60.78
PB.5761.1	Protein_PB.5761.1	RNF138	RNF138	novel_not_in_catalog	YES	15.3	7.02	31.21
PB.5761.2	Protein_PB.5761.2	RNF138	RNF138	novel_not_in_catalog	YES	27.09	18.59	19.72
PB.5761.4	Protein_PB.5761.4	RNF138	RNF138	full-splice_match	YES	10.27	20.69	12.5
PB.5771.1	Protein_PB.5771.1	DTNA	DTNA	novel_not_in_catalog	YES	56.92	56.14	45.81
PB.5771.11	Protein_PB.5771.11	DTNA	DTNA	novel_not_in_catalog	YES	79.88	83.68	21.84
PB.5771.14	Protein_PB.5771.14	DTNA	DTNA	novel_not_in_catalog	YES	71.53	60.78	61.84
PB.5771.17	Protein_PB.5771.17	DTNA	DTNA	novel_not_in_catalog	YES	33.7	37.74	36.35
PB.5771.18	Protein_PB.5771.18	DTNA	DTNA	novel_not_in_catalog	YES	151.96	152.04	73.5
PB.5771.19	Protein_PB.5771.19	DTNA	DTNA	novel_not_in_catalog	YES	62.58	25.67	43.65
PB.5771.20	Protein_PB.5771.20	DTNA	DTNA	novel_in_catalog	YES	85.32	129.44	31.13
PB.5771.23	Protein_PB.5771.23	DTNA	DTNA	novel_in_catalog	YES	13.12	33.63	10.15
PB.5771.25	Protein_PB.5771.25	DTNA	DTNA	novel_not_in_catalog	YES	5.18	32.09	60.57
PB.5771.26	Protein_PB.5771.26	DTNA	DTNA	novel_in_catalog	YES	18.43	216.91	28.59
PB.5771.27	Protein_PB.5771.27	DTNA	DTNA	novel_not_in_catalog	YES	201.19	302.89	163.42
PB.5771.3	Protein_PB.5771.3	DTNA	DTNA	novel_not_in_catalog	YES	46.42	63.5	11.46
PB.5771.4	Protein_PB.5771.4	DTNA	DTNA	novel_not_in_catalog	YES	17.78	26.86	30.1
PB.5771.5	Protein_PB.5771.5	DTNA	DTNA	novel_in_catalog	YES	28.48	39.07	20.41
PB.5771.6	Protein_PB.5771.6	DTNA	DTNA	full-splice_match	YES	13.92	6.61	22.1
PB.5771.8	Protein_PB.5771.8	DTNA	DTNA	full-splice_match	YES	39.11	80.68	18.79
PB.5771.9	Protein_PB.5771.9	DTNA	DTNA	full-splice_match	YES	75.09	66.45	26.49
PB.5772.1	Protein_PB.5772.1	MAPRE2	MAPRE2	full-splice_match	YES	9.4	27.82	4.54
PB.5772.5	Protein_PB.5772.5	MAPRE2	MAPRE2	novel_in_catalog	YES	108.29	86.26	70.39
PB.5772.6	Protein_PB.5772.6	MAPRE2	MAPRE2	full-splice_match	YES	289.2	294.87	280.33
PB.5774.11	Protein_PB.5774.11	LOC113253334	LOC113253334	full-splice_match	YES	132.85	127.7	106.28
PB.5774.13	Protein_PB.5774.13	LOC113253334	LOC113253334	full-splice_match	YES	28.17	24.94	15.63
PB.5774.2	Protein_PB.5774.2	LOC113253334	LOC113253334	incomplete-splice_match	YES	364.23	397.03	356.8
PB.5774.5	Protein_PB.5774.5	LOC113253334	LOC113253334	novel_not_in_catalog	YES	136.45	111.47	203.67
PB.5774.8	Protein_PB.5774.8	LOC113253334	LOC113253334	novel_not_in_catalog	YES	24.54	26.89	37.88
PB.5774.9	Protein_PB.5774.9	LOC113253334	LOC113253334	novel_not_in_catalog	YES	13.03	13.93	21.37
PB.5778.1	Protein_PB.5778.1	GALNT1	GALNT1	full-splice_match	YES	70.35	59.69	68.4
PB.5778.2	Protein_PB.5778.2	GALNT1	GALNT1	full-splice_match	YES	395.11	390.61	451.28
PB.5779.2	Protein_PB.5779.2	CUNH18orf21	CUNH18orf21	full-splice_match	YES	35.09	34.33	37.54
PB.5781.1	Protein_PB.5781.1	ELP2	ELP2	full-splice_match	YES	113.12	110.07	82.94
PB.5781.2	Protein_PB.5781.2	ELP2	ELP2	novel_not_in_catalog	YES	145.75	164.12	129.06
PB.5782.2	Protein_PB.5782.2	MOCOS	MOCOS	full-splice_match	YES	27.01	27.97	25.06
PB.5783.10	Protein_PB.5783.10	FHOD3	FHOD3	full-splice_match	YES	618.52	644.18	466.33
PB.5783.11	Protein_PB.5783.11	FHOD3	FHOD3	novel_not_in_catalog	YES	389.42	468.03	309.24
PB.5783.4	Protein_PB.5783.4	FHOD3	FHOD3	full-splice_match	YES	74.24	71.39	76.06
PB.5784.1	Protein_PB.5784.1	KIAA1328	KIAA1328	full-splice_match	YES	35.63	33.25	56.32
PB.5784.6	Protein_PB.5784.6	KIAA1328	KIAA1328	novel_in_catalog	YES	49.16	28.67	61.54
PB.5788.1	Protein_PB.5788.1	PIK3C3	PIK3C3	full-splice_match	YES	118.05	92.96	80.32
PB.5791.1	Protein_PB.5791.1	LOC113253363	LOC113253363	full-splice_match	YES	47.03	40.88	57.26
PB.5793.1	Protein_PB.5793.1	LOC113253205	LOC113253205	full-splice_match	YES	248.43	220.81	475.23
PB.5794.2	Protein_PB.5794.2	SLC14A2	SLC14A2	novel_not_in_catalog	YES	22.83	21.44	12.33
PB.5797.3	Protein_PB.5797.3	HAUS1	HAUS1	full-splice_match	YES	18.3	15.36	19.04
PB.5798.1	Protein_PB.5798.1	CUNH18orf25	CUNH18orf25	full-splice_match	YES	55.93	58.57	69.83
PB.5798.2	Protein_PB.5798.2	CUNH18orf25	CUNH18orf25	novel_in_catalog	YES	57.62	14.04	14.78
PB.5798.3	Protein_PB.5798.3	CUNH18orf25	CUNH18orf25	full-splice_match	YES	269.11	319.29	373.81
PB.5798.4	Protein_PB.5798.4	CUNH18orf25	CUNH18orf25	full-splice_match	YES	36.85	40.61	75.49
PB.5798.5	Protein_PB.5798.5	CUNH18orf25	CUNH18orf25	novel_not_in_catalog	YES	169.65	161.6	246.53
PB.5806.1	Protein_PB.5806.1	CTIF	CTIF	full-splice_match	YES	29.55	29.68	52.53
PB.5806.4	Protein_PB.5806.4	CTIF	CTIF	novel_in_catalog	YES	61.45	73.77	39.78
PB.5810.1		LOC113253409	LOC113253409	full-splice_match	NO	78.18	74.24	120.04
PB.5810.2		LOC113253409	LOC113253409	novel_not_in_catalog	NO	32.72	57.91	83.46
PB.5814.1	Protein_PB.5814.1	ME2	ME2	full-splice_match	YES	161.25	210.27	86.85
PB.5815.1	Protein_PB.5815.1	SMAD4	SMAD4	novel_in_catalog	YES	25.68	16.95	27.21
PB.5815.10	Protein_PB.5815.10	SMAD4	SMAD4	full-splice_match	YES	45.46	39.04	44.68
PB.5815.11	Protein_PB.5815.11	SMAD4	SMAD4	full-splice_match	YES	71.13	17.52	54.19
PB.5815.3	Protein_PB.5815.3	SMAD4	SMAD4	novel_in_catalog	YES	98.78	80.81	71.89
PB.5815.5	Protein_PB.5815.5	ELAC1	ELAC1	full-splice_match	YES	66.67	66.87	116.68
PB.5815.7	Protein_PB.5815.7	SMAD4	SMAD4	full-splice_match	YES	78.67	65.0	45.54
PB.5815.8	Protein_PB.5815.8	SMAD4	SMAD4	full-splice_match	YES	63.98	74.66	89.64
PB.5815.9	Protein_PB.5815.9	SMAD4	SMAD4	full-splice_match	YES	282.71	263.9	357.86
PB.5825.1	Protein_PB.5825.1	POLI	POLI	full-splice_match	YES	19.95	3.86	29.35
PB.5825.2	Protein_PB.5825.2	POLI	POLI	full-splice_match	YES	61.54	74.95	74.48
PB.583.1	Protein_PB.583.1	LOC113255776	LOC113255776	full-splice_match	YES	22.11	23.78	19.91
PB.5830.1	Protein_PB.5830.1	RAB27B	RAB27B	full-splice_match	YES	66.81	41.46	51.4
PB.5834.1	Protein_PB.5834.1	WDR7	WDR7	full-splice_match	YES	165.94	132.5	136.98
PB.5834.2	Protein_PB.5834.2	WDR7	WDR7	full-splice_match	YES	42.1	39.74	73.91
PB.5838.10	Protein_PB.5838.10	NEDD4L	NEDD4L	novel_not_in_catalog	YES	150.14	134.18	149.95
PB.5838.4	Protein_PB.5838.4	NEDD4L	NEDD4L	novel_not_in_catalog	YES	372.7	334.11	451.67
PB.5838.8	Protein_PB.5838.8	NEDD4L	NEDD4L	novel_not_in_catalog	YES	19.34	39.91	41.47
PB.5838.9	Protein_PB.5838.9	NEDD4L	NEDD4L	novel_not_in_catalog	YES	162.71	134.53	185.36
PB.5842.1	Protein_PB.5842.1	MALT1	MALT1	full-splice_match	YES	25.85	21.28	1.72
PB.5842.2	Protein_PB.5842.2	MALT1	MALT1	full-splice_match	YES	32.93	31.25	49.9
PB.5843.1	Protein_PB.5843.1	ZNF532	ZNF532	full-splice_match	YES	648.02	565.93	639.08
PB.5843.2	Protein_PB.5843.2	ZNF532	ZNF532	full-splice_match	YES	87.32	84.19	77.95
PB.5843.3	Protein_PB.5843.3	ZNF532	ZNF532	full-splice_match	YES	52.27	48.34	25.92
PB.5843.4	Protein_PB.5843.4	ZNF532	ZNF532	full-splice_match	YES	22.59	15.72	45.59
PB.5843.9	Protein_PB.5843.9	ZNF532	ZNF532	novel_not_in_catalog	YES	617.31	562.02	486.43
PB.5844.1	Protein_PB.5844.1	SEC11C	SEC11C	novel_not_in_catalog	YES	61.62	78.81	68.82
PB.5844.2	Protein_PB.5844.2	SEC11C	SEC11C	full-splice_match	YES	14.27	10.48	18.43
PB.5844.4	Protein_PB.5844.4	SEC11C	SEC11C	full-splice_match	YES	307.81	370.22	276.59
PB.5844.6	Protein_PB.5844.6	LOC113253464_SEC11C	LOC113253464_SEC11C	fusion	YES	19.07	22.44	96.46
PB.5857.2	Protein_PB.5857.2	RELCH	RELCH	full-splice_match	YES	8.71	4.27	21.31
PB.5857.7	Protein_PB.5857.7	RELCH	RELCH	full-splice_match	YES	30.71	46.95	11.07
PB.5857.8	Protein_PB.5857.8	RELCH	RELCH	novel_not_in_catalog	YES	97.73	100.28	108.21
PB.586.1	Protein_PB.586.1	SOD1	SOD1	full-splice_match	YES	807.84	794.93	756.7
PB.5861.1	Protein_PB.5861.1	ZCCHC2	ZCCHC2	full-splice_match	YES	160.37	128.01	147.74
PB.5862.1	Protein_PB.5862.1	PHLPP1	PHLPP1	full-splice_match	YES	104.67	90.56	97.19
PB.588.1	Protein_PB.588.1	novelGene_LOC113255777_AS	novelGene_LOC113255777_AS	antisense	YES	25.19	19.35	6.55
PB.5885.2	Protein_PB.5885.2	SOCS6	SOCS6	full-splice_match	YES	54.58	56.56	37.61
PB.5885.3	Protein_PB.5885.3	SOCS6	SOCS6	full-splice_match	YES	220.97	233.88	272.81
PB.5886.1	Protein_PB.5886.1	TIMM21	TIMM21	full-splice_match	YES	140.8	159.6	107.19
PB.5886.6	Protein_PB.5886.6	TIMM21	TIMM21	novel_in_catalog	YES	124.51	151.22	101.16
PB.5888.1	Protein_PB.5888.1	CNDP2	CNDP2	full-splice_match	YES	307.89	368.29	262.27
PB.5890.1	Protein_PB.5890.1	ZNF407	ZNF407	full-splice_match	YES	114.81	109.42	119.76
PB.5890.3	Protein_PB.5890.3	ZNF407	ZNF407	incomplete-splice_match	YES	95.64	69.25	85.6
PB.5891.1	Protein_PB.5891.1	TSHZ1	TSHZ1	full-splice_match	YES	60.42	41.76	59.01
PB.5893.1	Protein_PB.5893.1	ZNF236	ZNF236	full-splice_match	YES	51.57	14.68	52.13
PB.5893.2	Protein_PB.5893.2	ZNF236	ZNF236	full-splice_match	YES	9.44	39.27	36.36
PB.5893.3	Protein_PB.5893.3	ZNF236	ZNF236	full-splice_match	YES	42.43	40.48	36.69
PB.5898.11	Protein_PB.5898.11	ATP9B	ATP9B	incomplete-splice_match	YES	34.09	27.92	48.13
PB.5898.3	Protein_PB.5898.3	ATP9B	ATP9B	incomplete-splice_match	YES	165.81	186.3	184.18
PB.5898.6	Protein_PB.5898.6	ATP9B	ATP9B	novel_in_catalog	YES	20.15	19.67	21.31
PB.5899.2	Protein_PB.5899.2	NFATC1	NFATC1	full-splice_match	YES	96.18	49.06	54.63
PB.5899.3	Protein_PB.5899.3	NFATC1	NFATC1	full-splice_match	YES	31.01	74.88	63.96
PB.5899.4	Protein_PB.5899.4	NFATC1	NFATC1	novel_in_catalog	YES	103.95	83.39	106.5
PB.5899.6	Protein_PB.5899.6	NFATC1	NFATC1	incomplete-splice_match	YES	54.06	80.14	68.6
PB.5899.7	Protein_PB.5899.7	NFATC1	NFATC1	novel_in_catalog	YES	25.02	38.88	34.72
PB.5900.4	Protein_PB.5900.4	CTDP1	CTDP1	full-splice_match	YES	48.66	36.06	62.6
PB.5900.5	Protein_PB.5900.5	CTDP1	CTDP1	full-splice_match	YES	33.47	33.26	34.17
PB.5903.23	Protein_PB.5903.23	RBFA	RBFA	full-splice_match	YES	71.86	87.36	107.09
PB.5903.25	Protein_PB.5903.25	RBFA	RBFA	novel_in_catalog	YES	17.86	9.95	6.12
PB.5903.27	Protein_PB.5903.27	RBFA	RBFA	full-splice_match	YES	21.59	14.72	22.59
PB.5905.1	Protein_PB.5905.1	ADNP2	ADNP2	full-splice_match	YES	22.69	9.43	15.65
PB.5905.2	Protein_PB.5905.2	ADNP2	ADNP2	novel_not_in_catalog	YES	86.57	72.58	110.43
PB.5907.1	Protein_PB.5907.1	NAPG	NAPG	full-splice_match	YES	178.97	165.44	209.02
PB.5908.1	Protein_PB.5908.1	APCDD1	APCDD1	full-splice_match	YES	17.82	8.42	13.31
PB.5909.3	Protein_PB.5909.3	VAPA_LOC113253212	VAPA_LOC113253212	fusion	YES	19.99	24.63	19.1
PB.5909.4	Protein_PB.5909.4	VAPA	VAPA	full-splice_match	YES	1969.85	1900.08	1487.99
PB.5909.5	Protein_PB.5909.5	VAPA	VAPA	novel_not_in_catalog	YES	16.06	24.49	6.08
PB.5909.6	Protein_PB.5909.6	VAPA	VAPA	full-splice_match	YES	221.69	197.9	393.36
PB.5911.1	Protein_PB.5911.1	RAB31	RAB31	full-splice_match	YES	94.94	49.62	72.09
PB.5911.2	Protein_PB.5911.2	RAB31	RAB31	novel_in_catalog	YES	49.27	27.36	11.22
PB.5912.3	Protein_PB.5912.3	RALBP1	RALBP1	full-splice_match	YES	820.71	833.13	805.2
PB.5913.1	Protein_PB.5913.1	TWSG1	TWSG1	full-splice_match	YES	96.15	71.92	83.67
PB.5914.2	Protein_PB.5914.2	ANKRD12	ANKRD12	full-splice_match	YES	180.08	171.32	291.08
PB.5914.4	Protein_PB.5914.4	ANKRD12	ANKRD12	incomplete-splice_match	YES	15.46	8.72	20.56
PB.5915.1	Protein_PB.5915.1	NDUFV2	NDUFV2	full-splice_match	YES	109.53	122.06	74.56
PB.5915.2	Protein_PB.5915.2	NDUFV2	NDUFV2	novel_in_catalog	YES	20.33	17.52	16.64
PB.5915.3	Protein_PB.5915.3	NDUFV2	NDUFV2	novel_in_catalog	YES	1281.12	1467.92	1048.64
PB.5915.4	Protein_PB.5915.4	NDUFV2	NDUFV2	novel_not_in_catalog	YES	708.41	811.11	616.05
PB.5918.1	Protein_PB.5918.1	MTCL1	MTCL1	full-splice_match	YES	25.62	18.24	21.98
PB.5918.2	Protein_PB.5918.2	MTCL1	MTCL1	full-splice_match	YES	21.76	11.7	18.8
PB.5919.1	Protein_PB.5919.1	RAB12	RAB12	full-splice_match	YES	826.74	880.53	663.81
PB.5920.1	Protein_PB.5920.1	PTPRM	PTPRM	full-splice_match	YES	399.76	342.71	412.33
PB.5920.2	Protein_PB.5920.2	PTPRM	PTPRM	full-splice_match	YES	39.99	21.66	48.14
PB.5920.3	Protein_PB.5920.3	PTPRM	PTPRM	novel_not_in_catalog	YES	45.22	34.2	22.98
PB.5920.4	Protein_PB.5920.4	PTPRM	PTPRM	novel_not_in_catalog	YES	320.61	344.09	383.57
PB.5923.1	Protein_PB.5923.1	LRRC30	LRRC30	full-splice_match	YES	174.11	142.8	107.48
PB.5923.2	Protein_PB.5923.2	LRRC30	LRRC30	full-splice_match	YES	56.83	35.35	23.19
PB.5928.3		LOC113253237	LOC113253237	novel_not_in_catalog	NO	316885.48	359881.43	278643.87
PB.5933.2	Protein_PB.5933.2	TGIF1	TGIF1	full-splice_match	YES	17.32	20.21	20.05
PB.5934.1	Protein_PB.5934.1	LOC113253249	LOC113253249	full-splice_match	YES	318.68	241.34	341.87
PB.5934.2	Protein_PB.5934.2	LOC113253249	LOC113253249	full-splice_match	YES	898.95	1256.17	1184.15
PB.5934.3	Protein_PB.5934.3	LOC113253249	LOC113253249	full-splice_match	YES	898.95	1256.17	1184.15
PB.5934.4	Protein_PB.5934.4	LOC113253249	LOC113253249	novel_not_in_catalog	YES	3100.27	5064.88	3842.59
PB.5934.6	Protein_PB.5934.6	LOC113253249	LOC113253249	novel_not_in_catalog	YES	676.67	1558.69	1072.28
PB.5934.7	Protein_PB.5934.7	LOC113253249	LOC113253249	novel_not_in_catalog	YES	4851.28	8710.33	6155.59
PB.5936.1	Protein_PB.5936.1	EMILIN2	EMILIN2	full-splice_match	YES	103.95	53.8	73.41
PB.5938.1	Protein_PB.5938.1	SMCHD1	SMCHD1	full-splice_match	YES	69.38	24.61	37.94
PB.5938.2	Protein_PB.5938.2	SMCHD1	SMCHD1	full-splice_match	YES	66.84	127.46	139.29
PB.5938.3	Protein_PB.5938.3	SMCHD1	SMCHD1	full-splice_match	YES	173.96	160.01	143.88
PB.5938.4	Protein_PB.5938.4	SMCHD1	SMCHD1	novel_not_in_catalog	YES	85.04	91.46	107.84
PB.5950.1	Protein_PB.5950.1	USP14	USP14	full-splice_match	YES	237.44	287.96	353.03
PB.5950.2	Protein_PB.5950.2	USP14	USP14	full-splice_match	YES	225.44	250.99	240.75
PB.5950.3	Protein_PB.5950.3	USP14	USP14	novel_not_in_catalog	YES	198.2	190.5	105.78
PB.5950.4	Protein_PB.5950.4	USP14	USP14	novel_not_in_catalog	YES	129.18	133.64	117.18
PB.5950.5	Protein_PB.5950.5	USP14	USP14	novel_in_catalog	YES	74.48	99.16	131.72
PB.5950.6	Protein_PB.5950.6	USP14	USP14	incomplete-splice_match	YES	41.6	57.01	24.83
PB.5951.1	Protein_PB.5951.1	ROCK1	ROCK1	full-splice_match	YES	137.67	117.27	149.35
PB.5951.2	Protein_PB.5951.2	ROCK1	ROCK1	full-splice_match	YES	107.11	35.93	72.83
PB.5953.10	Protein_PB.5953.10	ESCO1	ESCO1	full-splice_match	YES	110.77	125.8	153.75
PB.5953.11	Protein_PB.5953.11	ESCO1	ESCO1	full-splice_match	YES	49.95	47.64	56.69
PB.5953.13	Protein_PB.5953.13	ESCO1	ESCO1	incomplete-splice_match	YES	92.65	91.52	120.77
PB.5953.2	Protein_PB.5953.2	ESCO1	ESCO1	full-splice_match	YES	136.38	129.54	164.88
PB.5953.3	Protein_PB.5953.3	ESCO1	ESCO1	full-splice_match	YES	78.48	56.22	25.62
PB.5953.4	Protein_PB.5953.4	ESCO1	ESCO1	novel_not_in_catalog	YES	20.9	4.36	4.0
PB.5953.6	Protein_PB.5953.6	ESCO1	ESCO1	novel_not_in_catalog	YES	28.93	45.8	67.36
PB.5953.7	Protein_PB.5953.7	ESCO1	ESCO1	full-splice_match	YES	9.58	32.24	5.46
PB.5957.1		novelGene_MIB1_AS	novelGene_MIB1_AS	antisense	NO	99.96	73.35	89.21
PB.5957.2		novelGene_MIB1_AS	novelGene_MIB1_AS	antisense	NO	130.14	102.26	129.68
PB.5957.3		novelGene_MIB1_AS	novelGene_MIB1_AS	antisense	NO	824.95	778.24	1117.0
PB.5957.4		novelGene_MIB1_AS	novelGene_MIB1_AS	antisense	NO	1176.02	1207.44	2334.13
PB.5957.5		novelGene_MIB1_AS	novelGene_MIB1_AS	antisense	NO	81.05	57.73	63.92
PB.5968.1	Protein_PB.5968.1	TMEM241	TMEM241	novel_in_catalog	YES	22.9	16.3	32.47
PB.597.1	Protein_PB.597.1	BACH1	BACH1	full-splice_match	YES	274.19	169.82	169.96
PB.597.2	Protein_PB.597.2	BACH1	BACH1	full-splice_match	YES	135.17	215.72	246.35
PB.5970.3	Protein_PB.5970.3	NPC1	NPC1	incomplete-splice_match	YES	139.2	149.06	146.47
PB.5970.5	Protein_PB.5970.5	NPC1	NPC1	full-splice_match	YES	106.05	106.16	73.64
PB.5972.1	Protein_PB.5972.1	OSBPL1A	OSBPL1A	novel_not_in_catalog	YES	13.35	4.64	26.57
PB.5972.2	Protein_PB.5972.2	OSBPL1A	OSBPL1A	novel_not_in_catalog	YES	32.38	40.49	66.27
PB.5972.3	Protein_PB.5972.3	OSBPL1A	OSBPL1A	novel_not_in_catalog	YES	120.15	88.3	127.73
PB.5972.4	Protein_PB.5972.4	OSBPL1A	OSBPL1A	full-splice_match	YES	957.23	813.0	1078.67
PB.5972.5	Protein_PB.5972.5	OSBPL1A	OSBPL1A	full-splice_match	YES	179.99	209.24	256.85
PB.5972.6	Protein_PB.5972.6	OSBPL1A	OSBPL1A	full-splice_match	YES	16.53	13.42	47.31
PB.5972.8	Protein_PB.5972.8	OSBPL1A	OSBPL1A	full-splice_match	YES	51.35	84.55	80.38
PB.5977.4	Protein_PB.5977.4	ZNF521	ZNF521	full-splice_match	YES	70.56	73.24	80.04
PB.5977.6	Protein_PB.5977.6	ZNF521	ZNF521	novel_in_catalog	YES	39.08	50.12	39.55
PB.5978.2	Protein_PB.5978.2	SS18	SS18	full-splice_match	YES	23.11	50.75	10.32
PB.5978.3	Protein_PB.5978.3	SS18	SS18	full-splice_match	YES	72.14	39.12	60.16
PB.598.1	Protein_PB.598.1	MAP3K7CL	MAP3K7CL	full-splice_match	YES	19.82	14.29	28.28
PB.598.3	Protein_PB.598.3	MAP3K7CL	MAP3K7CL	full-splice_match	YES	11.15	3.11	19.14
PB.598.4	Protein_PB.598.4	MAP3K7CL	MAP3K7CL	full-splice_match	YES	72.91	34.04	86.33
PB.5981.1	Protein_PB.5981.1	KCTD1	KCTD1	full-splice_match	YES	18.09	13.12	15.07
PB.5984.1	Protein_PB.5984.1	AQP4	AQP4	full-splice_match	YES	736.79	618.36	482.77
PB.599.12	Protein_PB.599.12	USP16	USP16	novel_in_catalog	YES	47.09	66.39	57.4
PB.599.13	Protein_PB.599.13	USP16	USP16	full-splice_match	YES	23.07	27.48	22.22
PB.599.16	Protein_PB.599.16	USP16	USP16	incomplete-splice_match	YES	34.24	27.77	35.15
PB.599.8	Protein_PB.599.8	USP16	USP16	novel_not_in_catalog	YES	77.87	28.26	35.91
PB.599.9	Protein_PB.599.9	USP16	USP16	novel_in_catalog	YES	46.57	68.31	58.92
PB.5997.1	Protein_PB.5997.1	B4GALT6	B4GALT6	full-splice_match	YES	39.5	38.37	84.45
PB.5998.1	Protein_PB.5998.1	TRAPPC8	TRAPPC8	full-splice_match	YES	743.81	876.09	707.56
PB.5998.2	Protein_PB.5998.2	TRAPPC8	TRAPPC8	novel_in_catalog	YES	22.95	13.57	10.36
PB.600.10	Protein_PB.600.10	N6AMT1	N6AMT1	full-splice_match	YES	55.12	66.91	46.64
PB.600.9	Protein_PB.600.9	N6AMT1	N6AMT1	full-splice_match	YES	80.14	90.84	70.37
PB.6000.1	Protein_PB.6000.1	GAREM1	GAREM1	full-splice_match	YES	25.47	2.69	0.0
PB.6000.2	Protein_PB.6000.2	GAREM1	GAREM1	full-splice_match	YES	33.48	37.39	49.09
PB.6007.8	Protein_PB.6007.8	LOC113253337	LOC113253337	novel_not_in_catalog	YES	10.93	17.71	11.88
PB.6008.1	Protein_PB.6008.1	LOC113253335	LOC113253335	full-splice_match	YES	18.78	68.03	43.34
PB.6008.2	Protein_PB.6008.2	LOC113253335	LOC113253335	full-splice_match	YES	359.42	381.77	416.48
PB.6008.4	Protein_PB.6008.4	LOC113253335	LOC113253335	novel_not_in_catalog	YES	145.11	127.05	183.0
PB.6008.6	Protein_PB.6008.6	LOC113253335	LOC113253335	novel_not_in_catalog	YES	199.62	215.01	265.05
PB.6009.6	Protein_PB.6009.6	INO80C	INO80C	full-splice_match	YES	62.08	68.88	39.04
PB.6013.1	Protein_PB.6013.1	RPRD1A	RPRD1A	full-splice_match	YES	34.78	45.69	18.94
PB.6013.13	Protein_PB.6013.13	RPRD1A	RPRD1A	novel_not_in_catalog	YES	17.62	19.16	6.89
PB.6013.2	Protein_PB.6013.2	RPRD1A	RPRD1A	full-splice_match	YES	36.18	31.25	12.36
PB.6013.7	Protein_PB.6013.7	RPRD1A	RPRD1A	novel_not_in_catalog	YES	17.2	25.29	26.42
PB.6014.1	Protein_PB.6014.1	SLC39A6	SLC39A6	novel_in_catalog	YES	13.88	18.61	16.35
PB.6014.2	Protein_PB.6014.2	SLC39A6	SLC39A6	full-splice_match	YES	178.03	224.52	140.82
PB.6016.2	Protein_PB.6016.2	TPGS2	TPGS2	full-splice_match	YES	59.13	51.9	48.7
PB.6016.4	Protein_PB.6016.4	TPGS2	TPGS2	full-splice_match	YES	39.05	32.12	36.12
PB.6035.2	Protein_PB.6035.2	EPG5	EPG5	full-splice_match	YES	100.9	83.35	111.71
PB.6035.3	Protein_PB.6035.3	EPG5	EPG5	novel_not_in_catalog	YES	52.59	68.08	32.14
PB.6035.4	Protein_PB.6035.4	EPG5	EPG5	full-splice_match	YES	257.39	266.6	248.72
PB.6035.5	Protein_PB.6035.5	EPG5	EPG5	incomplete-splice_match	YES	72.52	106.82	43.54
PB.6036.1	Protein_PB.6036.1	PSTPIP2	PSTPIP2	novel_in_catalog	YES	73.38	21.41	13.65
PB.6036.7	Protein_PB.6036.7	PSTPIP2	PSTPIP2	full-splice_match	YES	877.24	899.47	663.59
PB.6036.8	Protein_PB.6036.8	PSTPIP2	PSTPIP2	novel_in_catalog	YES	151.85	133.95	207.14
PB.6036.9	Protein_PB.6036.9	PSTPIP2	PSTPIP2	full-splice_match	YES	111.93	99.0	94.36
PB.6037.11	Protein_PB.6037.11	ATP5F1A	ATP5F1A	novel_in_catalog	YES	22.86	17.11	12.46
PB.6037.14	Protein_PB.6037.14	ATP5F1A	ATP5F1A	novel_in_catalog	YES	27.74	26.54	10.31
PB.6037.17	Protein_PB.6037.17	ATP5F1A	ATP5F1A	novel_not_in_catalog	YES	104.71	94.49	72.4
PB.6037.3	Protein_PB.6037.3	ATP5F1A	ATP5F1A	full-splice_match	YES	24782.62	27626.99	20989.18
PB.6037.6	Protein_PB.6037.6	ATP5F1A	ATP5F1A	novel_in_catalog	YES	60.82	72.04	34.56
PB.604.2	Protein_PB.604.2	GABPA	GABPA	full-splice_match	YES	68.5	66.31	76.12
PB.604.9	Protein_PB.604.9	GABPA	GABPA	novel_not_in_catalog	YES	94.95	92.61	89.36
PB.6040.1	Protein_PB.6040.1	ST8SIA5	ST8SIA5	full-splice_match	YES	19.35	40.54	10.46
PB.6040.2	Protein_PB.6040.2	ST8SIA5	ST8SIA5	full-splice_match	YES	60.74	126.2	38.65
PB.6040.3	Protein_PB.6040.3	ST8SIA5	ST8SIA5	full-splice_match	YES	31.54	44.96	4.59
PB.6041.1	Protein_PB.6041.1	PIAS2	PIAS2	full-splice_match	YES	53.8	35.92	56.08
PB.6041.3	Protein_PB.6041.3	PIAS2	PIAS2	full-splice_match	YES	67.46	72.13	74.32
PB.6041.4	Protein_PB.6041.4	PIAS2	PIAS2	full-splice_match	YES	119.78	125.81	148.21
PB.6041.5	Protein_PB.6041.5	PIAS2	PIAS2	full-splice_match	YES	15.77	24.66	32.73
PB.6042.2	Protein_PB.6042.2	HDHD2	HDHD2	full-splice_match	YES	18.4	13.42	8.15
PB.6042.4	Protein_PB.6042.4	HDHD2	HDHD2	full-splice_match	YES	101.0	136.43	85.63
PB.6043.1	Protein_PB.6043.1	IER3IP1	IER3IP1	full-splice_match	YES	156.45	164.62	181.86
PB.6043.4		IER3IP1	IER3IP1	novel_not_in_catalog	NO	28.26	26.64	39.4
PB.6049.2	Protein_PB.6049.2	SMAD2	SMAD2	full-splice_match	YES	224.76	175.85	225.9
PB.6049.6	Protein_PB.6049.6	SMAD2	SMAD2	novel_in_catalog	YES	99.03	86.7	84.92
PB.605.1	Protein_PB.605.1	JAM2	JAM2	novel_in_catalog	YES	23.19	11.75	17.93
PB.605.3	Protein_PB.605.3	JAM2	JAM2	full-splice_match	YES	61.21	27.45	63.82
PB.605.5	Protein_PB.605.5	JAM2	JAM2	full-splice_match	YES	27.66	31.54	19.35
PB.6054.1	Protein_PB.6054.1	SMAD7	SMAD7	full-splice_match	YES	71.51	45.36	50.17
PB.6056.1	Protein_PB.6056.1	DYM	DYM	novel_not_in_catalog	YES	38.88	45.3	25.26
PB.6056.2	Protein_PB.6056.2	DYM	DYM	full-splice_match	YES	528.5	556.59	532.26
PB.6058.2	Protein_PB.6058.2	CUNH18orf32	CUNH18orf32	full-splice_match	YES	10.83	11.01	17.63
PB.6058.3	Protein_PB.6058.3	CUNH18orf32	CUNH18orf32	full-splice_match	YES	82.14	94.04	68.8
PB.6059.1	Protein_PB.6059.1	RPL17	RPL17	full-splice_match	YES	1488.32	1613.66	1819.62
PB.6059.2	Protein_PB.6059.2	RPL17	RPL17	full-splice_match	YES	14.57	10.35	29.61
PB.6059.3	Protein_PB.6059.3	RPL17	RPL17	novel_not_in_catalog	YES	4574.38	4969.55	5412.95
PB.6062.1	Protein_PB.6062.1	ACAA2	ACAA2	novel_not_in_catalog	YES	32.45	33.75	17.4
PB.6062.11	Protein_PB.6062.11	ACAA2	ACAA2	novel_in_catalog	YES	1116.1	1492.15	1429.12
PB.6062.12	Protein_PB.6062.12	ACAA2	ACAA2	novel_not_in_catalog	YES	855.35	1364.91	1504.08
PB.6062.15	Protein_PB.6062.15	ACAA2	ACAA2	novel_not_in_catalog	YES	912.8	1425.3	1509.46
PB.6062.2	Protein_PB.6062.2	ACAA2	ACAA2	novel_not_in_catalog	YES	170.99	205.48	205.92
PB.6062.3	Protein_PB.6062.3	ACAA2	ACAA2	full-splice_match	YES	35.75	43.25	80.94
PB.6062.6	Protein_PB.6062.6	ACAA2	ACAA2	novel_not_in_catalog	YES	23.53	41.7	46.2
PB.6064.11	Protein_PB.6064.11	MBD1	MBD1	full-splice_match	YES	6.69	11.44	18.76
PB.6064.35	Protein_PB.6064.35	MBD1	MBD1	novel_in_catalog	YES	12.96	19.93	7.67
PB.6064.55	Protein_PB.6064.55	MBD1	MBD1	novel_in_catalog	YES	22.73	42.2	24.99
PB.6064.9	Protein_PB.6064.9	CFAP53_MBD1	CFAP53_MBD1	fusion	YES	35.17	36.01	34.93
PB.6065.20	Protein_PB.6065.20	CXXC1	CXXC1	novel_not_in_catalog	YES	12.55	20.32	5.86
PB.6065.22	Protein_PB.6065.22	CXXC1	CXXC1	novel_in_catalog	YES	1.55	8.0	22.54
PB.6065.5	Protein_PB.6065.5	CXXC1	CXXC1	full-splice_match	YES	53.87	13.46	10.11
PB.6070.1	Protein_PB.6070.1	MEX3C	MEX3C	full-splice_match	YES	129.92	136.67	127.29
PB.6077.1	Protein_PB.6077.1	MBD2	MBD2	full-splice_match	YES	14.11	15.45	18.28
PB.6077.2	Protein_PB.6077.2	MBD2	MBD2	full-splice_match	YES	116.45	99.16	142.17
PB.6081.11	Protein_PB.6081.11	TCF4	TCF4	full-splice_match	YES	18.72	35.2	20.48
PB.6081.15	Protein_PB.6081.15	TCF4	TCF4	full-splice_match	YES	51.91	17.61	37.34
PB.6081.17	Protein_PB.6081.17	TCF4	TCF4	full-splice_match	YES	17.11	13.89	8.02
PB.6081.18	Protein_PB.6081.18	TCF4	TCF4	full-splice_match	YES	21.35	11.6	37.44
PB.6081.19	Protein_PB.6081.19	TCF4	TCF4	full-splice_match	YES	72.88	75.64	94.84
PB.6081.2	Protein_PB.6081.2	TCF4	TCF4	full-splice_match	YES	47.51	54.73	44.28
PB.6081.20	Protein_PB.6081.20	TCF4	TCF4	novel_in_catalog	YES	19.47	7.69	10.13
PB.6081.4	Protein_PB.6081.4	TCF4	TCF4	full-splice_match	YES	38.76	14.94	14.1
PB.6081.8	Protein_PB.6081.8	TCF4	TCF4	full-splice_match	YES	158.42	99.59	58.91
PB.6081.9	Protein_PB.6081.9	TCF4	TCF4	full-splice_match	YES	35.52	10.48	18.2
PB.6082.1	Protein_PB.6082.1	TXNL1	TXNL1	full-splice_match	YES	71.11	50.01	50.04
PB.6082.2	Protein_PB.6082.2	TXNL1	TXNL1	novel_not_in_catalog	YES	338.78	483.7	323.14
PB.6082.3	Protein_PB.6082.3	TXNL1	TXNL1	novel_not_in_catalog	YES	10.61	8.52	20.48
PB.6082.4	Protein_PB.6082.4	TXNL1	TXNL1	novel_not_in_catalog	YES	167.08	143.61	148.65
PB.6082.5	Protein_PB.6082.5	TXNL1	TXNL1	novel_in_catalog	YES	24.53	12.47	22.06
PB.6082.6	Protein_PB.6082.6	TXNL1	TXNL1	novel_not_in_catalog	YES	82.93	75.24	17.82
PB.6088.1	Protein_PB.6088.1	FECH	FECH	full-splice_match	YES	937.17	1098.87	870.39
PB.6088.6	Protein_PB.6088.6	FECH	FECH	novel_in_catalog	YES	11.37	19.0	34.33
PB.6089.1	Protein_PB.6089.1	NARS	NARS	full-splice_match	YES	231.05	204.69	219.21
PB.6089.2	Protein_PB.6089.2	NARS	NARS	full-splice_match	YES	236.29	269.32	265.34
PB.6089.5	Protein_PB.6089.5	NARS	NARS	novel_in_catalog	YES	11.51	10.29	20.01
PB.6090.2	Protein_PB.6090.2	ATP8B1	ATP8B1	full-splice_match	YES	76.23	47.83	78.15
PB.6092.1	Protein_PB.6092.1	ALPK2	ALPK2	full-splice_match	YES	47.45	44.23	32.04
PB.6092.2	Protein_PB.6092.2	ALPK2	ALPK2	novel_not_in_catalog	YES	510.43	570.23	526.87
PB.6092.3	Protein_PB.6092.3	ALPK2	ALPK2	incomplete-splice_match	YES	101.72	134.65	100.39
PB.6097.1	Protein_PB.6097.1	LMAN1	LMAN1	full-splice_match	YES	519.75	534.91	584.5
PB.6098.1	Protein_PB.6098.1	CCBE1	CCBE1	full-splice_match	YES	29.42	13.06	24.38
PB.61.2		novelGene_LOC113257589_AS	novelGene_LOC113257589_AS	antisense	NO	43.61	28.77	37.79
PB.61.6		novelGene_25	novelGene_25	intergenic	NO	127.81	135.78	168.66
PB.6106.4	Protein_PB.6106.4	RNF152	RNF152	full-splice_match	YES	56.75	33.48	0.01
PB.6106.6	Protein_PB.6106.6	RNF152	RNF152	full-splice_match	YES	78.69	47.42	187.38
PB.6106.7	Protein_PB.6106.7	RNF152	RNF152	full-splice_match	YES	95.37	76.08	35.96
PB.6108.1	Protein_PB.6108.1	PIGN	PIGN	full-splice_match	YES	81.77	98.61	85.81
PB.6108.2	Protein_PB.6108.2	PIGN	PIGN	full-splice_match	YES	30.83	20.82	22.26
PB.6110.1		novelGene_735	novelGene_735	intergenic	NO	109.98	107.46	107.3
PB.6113.1	Protein_PB.6113.1	BCL2	BCL2	full-splice_match	YES	57.73	46.69	53.45
PB.6116.2	Protein_PB.6116.2	KDSR	KDSR	full-splice_match	YES	149.87	126.11	141.69
PB.6118.1	Protein_PB.6118.1	VPS4B	VPS4B	full-splice_match	YES	92.83	84.47	100.31
PB.6123.1	Protein_PB.6123.1	DSEL	DSEL	full-splice_match	YES	168.56	80.84	212.26
PB.6124.1		LOC113253506	LOC113253506	full-splice_match	NO	43.89	52.4	42.11
PB.6126.2	Protein_PB.6126.2	TMX3	TMX3	full-splice_match	YES	360.42	395.54	509.04
PB.6128.4	Protein_PB.6128.4	RTTN	RTTN	full-splice_match	YES	28.08	32.66	32.37
PB.6137.1	Protein_PB.6137.1	LOC113253526	LOC113253526	full-splice_match	YES	41.76	34.18	39.99
PB.6137.3	Protein_PB.6137.3	LOC113253526	LOC113253526	full-splice_match	YES	86.58	83.56	59.38
PB.6137.6		LOC113253526	LOC113253526	novel_not_in_catalog	NO	23.93	31.19	19.87
PB.6139.1		novelGene_ZNF407_AS	novelGene_ZNF407_AS	antisense	NO	22.29	24.71	25.24
PB.6140.1	Protein_PB.6140.1	ZADH2	ZADH2	novel_not_in_catalog	YES	46.08	49.82	62.82
PB.6140.2	Protein_PB.6140.2	ZADH2	ZADH2	full-splice_match	YES	195.57	274.49	173.94
PB.6140.3	Protein_PB.6140.3	ZADH2	ZADH2	novel_not_in_catalog	YES	331.57	459.81	303.63
PB.6142.2	Protein_PB.6142.2	ZNF516	ZNF516	full-splice_match	YES	55.31	42.56	70.87
PB.6142.3	Protein_PB.6142.3	ZNF516	ZNF516	full-splice_match	YES	67.4	63.85	127.55
PB.6142.5	Protein_PB.6142.5	ZNF516	ZNF516	full-splice_match	YES	13.99	4.21	20.37
PB.6145.11	Protein_PB.6145.11	MBP	MBP	incomplete-splice_match	YES	171.55	177.56	33.6
PB.6145.2	Protein_PB.6145.2	MBP	MBP	full-splice_match	YES	15.19	36.01	15.52
PB.6145.5		MBP	MBP	novel_not_in_catalog	NO	42.72	47.25	13.89
PB.6145.7	Protein_PB.6145.7	MBP	MBP	novel_not_in_catalog	YES	19.89	23.97	37.92
PB.6150.2	Protein_PB.6150.2	PQLC1	PQLC1	full-splice_match	YES	24.18	29.24	31.71
PB.6150.8	Protein_PB.6150.8	PQLC1	PQLC1	full-splice_match	YES	165.64	212.22	179.14
PB.6151.1	Protein_PB.6151.1	TXNL4A	TXNL4A	full-splice_match	YES	56.77	51.88	39.99
PB.6151.7	Protein_PB.6151.7	TXNL4A	TXNL4A	novel_not_in_catalog	YES	30.29	27.1	36.79
PB.6153.1	Protein_PB.6153.1	LOC113253740	LOC113253740	full-splice_match	YES	31.77	46.15	35.85
PB.6153.2	Protein_PB.6153.2	LOC113253740	LOC113253740	full-splice_match	YES	90.4	89.73	122.54
PB.6153.3	Protein_PB.6153.3	LOC113253740	LOC113253740	full-splice_match	YES	21.3	13.35	14.96
PB.6153.4	Protein_PB.6153.4	LOC113253740	LOC113253740	full-splice_match	YES	22.25	7.92	19.45
PB.6154.1	Protein_PB.6154.1	ZNF445	ZNF445	full-splice_match	YES	234.4	236.16	236.82
PB.6158.1	Protein_PB.6158.1	ANO10	ANO10	full-splice_match	YES	122.36	91.93	116.77
PB.6158.10	Protein_PB.6158.10	ANO10	ANO10	novel_not_in_catalog	YES	40.75	22.99	37.9
PB.6158.4	Protein_PB.6158.4	ANO10	ANO10	full-splice_match	YES	27.32	22.1	39.59
PB.6161.10	Protein_PB.6161.10	CLASP2	CLASP2	full-splice_match	YES	35.24	26.07	105.76
PB.6161.14	Protein_PB.6161.14	CLASP2	CLASP2	full-splice_match	YES	157.09	90.29	84.13
PB.6161.18	Protein_PB.6161.18	CLASP2	CLASP2	full-splice_match	YES	65.89	64.14	95.27
PB.6161.19	Protein_PB.6161.19	CLASP2	CLASP2	full-splice_match	YES	55.48	73.27	79.27
PB.6161.23	Protein_PB.6161.23	CLASP2	CLASP2	novel_not_in_catalog	YES	39.56	30.52	28.53
PB.6161.26	Protein_PB.6161.26	CLASP2	CLASP2	novel_not_in_catalog	YES	113.91	133.52	135.33
PB.6161.30	Protein_PB.6161.30	CLASP2	CLASP2	novel_not_in_catalog	YES	21.56	31.81	34.03
PB.6161.31	Protein_PB.6161.31	CLASP2	CLASP2	novel_not_in_catalog	YES	91.38	23.79	12.34
PB.6161.32	Protein_PB.6161.32	CLASP2	CLASP2	novel_not_in_catalog	YES	107.2	169.17	147.1
PB.6163.1	Protein_PB.6163.1	UBP1	UBP1	full-splice_match	YES	360.0	322.15	316.78
PB.6163.2	Protein_PB.6163.2	UBP1	UBP1	full-splice_match	YES	71.99	36.93	42.48
PB.6163.3	Protein_PB.6163.3	UBP1	UBP1	incomplete-splice_match	YES	39.25	66.39	105.26
PB.6163.4	Protein_PB.6163.4	UBP1	UBP1	novel_not_in_catalog	YES	14.54	16.65	34.89
PB.6166.13	Protein_PB.6166.13	GLB1	GLB1	novel_not_in_catalog	YES	25.15	25.34	28.29
PB.6166.19	Protein_PB.6166.19	TMPPE	TMPPE	novel_not_in_catalog	YES	19.38	14.59	22.88
PB.6166.4	Protein_PB.6166.4	GLB1	GLB1	full-splice_match	YES	74.06	74.13	41.86
PB.6172.10	Protein_PB.6172.10	PDCD6IP	PDCD6IP	novel_not_in_catalog	YES	67.2	25.85	27.37
PB.6172.11	Protein_PB.6172.11	PDCD6IP	PDCD6IP	novel_in_catalog	YES	77.7	92.38	95.9
PB.6172.18	Protein_PB.6172.18	PDCD6IP	PDCD6IP	incomplete-splice_match	YES	221.05	217.9	174.91
PB.6172.2	Protein_PB.6172.2	PDCD6IP	PDCD6IP	full-splice_match	YES	172.28	202.83	300.7
PB.6172.6	Protein_PB.6172.6	PDCD6IP	PDCD6IP	novel_in_catalog	YES	39.59	59.84	65.33
PB.6175.3	Protein_PB.6175.3	ARPP21	ARPP21	full-splice_match	YES	51.58	65.49	75.44
PB.6175.4	Protein_PB.6175.4	ARPP21	ARPP21	novel_not_in_catalog	YES	94.14	141.61	81.81
PB.6175.5	Protein_PB.6175.5	ARPP21	ARPP21	novel_in_catalog	YES	79.73	32.09	131.09
PB.6175.6	Protein_PB.6175.6	ARPP21	ARPP21	novel_not_in_catalog	YES	150.51	202.24	134.14
PB.6175.7	Protein_PB.6175.7	ARPP21	ARPP21	novel_not_in_catalog	YES	63.47	18.89	83.57
PB.6175.8	Protein_PB.6175.8	ARPP21	ARPP21	incomplete-splice_match	YES	26.81	18.1	16.36
PB.6177.4	Protein_PB.6177.4	STAC	STAC	full-splice_match	YES	43.76	6.17	19.31
PB.6178.15	Protein_PB.6178.15	MLH1	MLH1	novel_not_in_catalog	YES	8.98	6.39	17.18
PB.6178.4	Protein_PB.6178.4	MLH1	MLH1	full-splice_match	YES	1.03	31.87	55.47
PB.6178.7	Protein_PB.6178.7	MLH1	MLH1	full-splice_match	YES	160.85	121.35	102.12
PB.6178.8	Protein_PB.6178.8	MLH1	MLH1	novel_in_catalog	YES	19.05	21.76	30.42
PB.6181.10	Protein_PB.6181.10	GOLGA4	GOLGA4	novel_not_in_catalog	YES	534.32	525.94	427.24
PB.6181.11	Protein_PB.6181.11	GOLGA4	GOLGA4	novel_not_in_catalog	YES	110.95	55.73	125.41
PB.6181.12	Protein_PB.6181.12	GOLGA4	GOLGA4	full-splice_match	YES	74.14	19.17	95.24
PB.6181.13	Protein_PB.6181.13	GOLGA4	GOLGA4	novel_not_in_catalog	YES	1104.24	1071.87	949.83
PB.6181.3	Protein_PB.6181.3	GOLGA4	GOLGA4	full-splice_match	YES	35.9	33.22	32.93
PB.6181.4	Protein_PB.6181.4	GOLGA4	GOLGA4	full-splice_match	YES	2777.71	3169.07	3252.02
PB.6181.9	Protein_PB.6181.9	GOLGA4	GOLGA4	novel_not_in_catalog	YES	211.73	267.6	251.95
PB.6183.2	Protein_PB.6183.2	ITGA9	ITGA9	full-splice_match	YES	226.2	122.76	221.21
PB.6184.1	Protein_PB.6184.1	CTDSPL	CTDSPL	full-splice_match	YES	26.33	21.65	41.86
PB.6184.2	Protein_PB.6184.2	CTDSPL	CTDSPL	full-splice_match	YES	36.92	32.82	90.37
PB.6188.2	Protein_PB.6188.2	MYD88	MYD88	novel_in_catalog	YES	19.75	23.44	19.54
PB.6188.5	Protein_PB.6188.5	MYD88	MYD88	novel_not_in_catalog	YES	17.09	20.33	27.8
PB.6189.2	Protein_PB.6189.2	OXSR1	OXSR1	full-splice_match	YES	398.54	484.09	358.88
PB.6189.3	Protein_PB.6189.3	OXSR1	OXSR1	incomplete-splice_match	YES	229.54	145.64	227.3
PB.6193.1	Protein_PB.6193.1	ACVR2B	ACVR2B	full-splice_match	YES	91.36	84.3	126.16
PB.6194.2	Protein_PB.6194.2	EXOG	EXOG	novel_not_in_catalog	YES	18.6	21.77	15.94
PB.6194.3	Protein_PB.6194.3	EXOG	EXOG	novel_not_in_catalog	YES	19.34	8.8	9.36
PB.6194.4	Protein_PB.6194.4	EXOG	EXOG	full-splice_match	YES	22.42	32.71	18.77
PB.6196.1	Protein_PB.6196.1	WDR48	WDR48	full-splice_match	YES	5.43	0.0	22.66
PB.6196.2	Protein_PB.6196.2	WDR48	WDR48	full-splice_match	YES	310.13	356.91	306.0
PB.62.2	Protein_PB.62.2	BRWD1	BRWD1	full-splice_match	YES	450.1	448.77	467.64
PB.62.4	Protein_PB.62.4	BRWD1	BRWD1	incomplete-splice_match	YES	192.21	221.32	322.6
PB.6201.2	Protein_PB.6201.2	SLC25A38	SLC25A38	full-splice_match	YES	64.84	76.37	45.05
PB.6203.1	Protein_PB.6203.1	RPSA	RPSA	full-splice_match	YES	8234.4	8066.75	10285.97
PB.6203.2	Protein_PB.6203.2	RPSA	RPSA	novel_in_catalog	YES	24.57	31.39	33.07
PB.6204.1		novelGene_760	novelGene_760	intergenic	NO	23.39	22.86	11.77
PB.6207.1	Protein_PB.6207.1	MYRIP	MYRIP	full-splice_match	YES	12.34	11.78	18.95
PB.6208.1	Protein_PB.6208.1	EIF1B	EIF1B	full-splice_match	YES	90.55	89.62	117.36
PB.6210.1	Protein_PB.6210.1	RPL14	RPL14	full-splice_match	YES	5966.68	6198.52	8597.15
PB.6212.3	Protein_PB.6212.3	ZNF620	ZNF620	novel_in_catalog	YES	46.93	65.32	59.79
PB.6214.1	Protein_PB.6214.1	CTNNB1	CTNNB1	full-splice_match	YES	236.9	180.08	44.67
PB.6214.2	Protein_PB.6214.2	CTNNB1	CTNNB1	novel_not_in_catalog	YES	75.99	97.26	215.27
PB.6214.21	Protein_PB.6214.21	CTNNB1	CTNNB1	incomplete-splice_match	YES	345.37	316.57	285.74
PB.6214.5	Protein_PB.6214.5	CTNNB1	CTNNB1	full-splice_match	YES	1421.78	1583.58	928.37
PB.6214.6	Protein_PB.6214.6	CTNNB1	CTNNB1	full-splice_match	YES	451.07	304.16	686.34
PB.6214.9	Protein_PB.6214.9	CTNNB1	CTNNB1	novel_not_in_catalog	YES	48.63	28.24	127.93
PB.6216.1	Protein_PB.6216.1	TRAK1	TRAK1	novel_not_in_catalog	YES	2849.15	2856.74	1860.63
PB.6216.10	Protein_PB.6216.10	TRAK1	TRAK1	full-splice_match	YES	3.54	12.5	47.08
PB.6216.16	Protein_PB.6216.16	TRAK1	TRAK1	novel_in_catalog	YES	73.32	30.52	24.18
PB.6216.17	Protein_PB.6216.17	TRAK1	TRAK1	incomplete-splice_match	YES	59.74	40.62	66.25
PB.6216.18	Protein_PB.6216.18	TRAK1	TRAK1	incomplete-splice_match	YES	33.88	116.3	92.13
PB.6216.19	Protein_PB.6216.19	TRAK1	TRAK1	novel_not_in_catalog	YES	42.08	24.35	85.4
PB.6216.2	Protein_PB.6216.2	TRAK1	TRAK1	novel_not_in_catalog	YES	19.39	40.02	16.12
PB.6216.6	Protein_PB.6216.6	TRAK1	TRAK1	novel_not_in_catalog	YES	112.86	102.1	105.95
PB.6216.7	Protein_PB.6216.7	TRAK1	TRAK1	novel_not_in_catalog	YES	71.66	52.28	121.69
PB.6216.8	Protein_PB.6216.8	TRAK1	TRAK1	novel_not_in_catalog	YES	83.7	66.91	31.37
PB.6216.9	Protein_PB.6216.9	TRAK1	TRAK1	novel_not_in_catalog	YES	124.0	118.68	76.62
PB.6217.1	Protein_PB.6217.1	VIPR1	VIPR1	full-splice_match	YES	14.85	17.32	14.84
PB.6218.1		SS18L2	SS18L2	incomplete-splice_match	NO	98.23	123.83	104.06
PB.6218.2	Protein_PB.6218.2	SS18L2	SS18L2	full-splice_match	YES	216.39	276.06	308.51
PB.6219.6	Protein_PB.6219.6	NKTR	NKTR	full-splice_match	YES	53.88	21.56	39.46
PB.6219.7	Protein_PB.6219.7	NKTR	NKTR	full-splice_match	YES	34.48	36.55	40.8
PB.6219.8	Protein_PB.6219.8	NKTR	NKTR	full-splice_match	YES	85.91	90.46	101.53
PB.6220.1	Protein_PB.6220.1	ZBTB47	ZBTB47	full-splice_match	YES	14.21	6.37	67.5
PB.6220.2	Protein_PB.6220.2	ZBTB47	ZBTB47	full-splice_match	YES	595.01	520.22	769.19
PB.6221.1	Protein_PB.6221.1	KLHL40	KLHL40	full-splice_match	YES	1361.74	1271.44	1700.22
PB.6224.1	Protein_PB.6224.1	ZNF662	ZNF662	full-splice_match	YES	30.16	36.44	24.44
PB.6227.1	Protein_PB.6227.1	DYNC1LI1	DYNC1LI1	full-splice_match	YES	489.99	498.03	445.92
PB.6228.4	Protein_PB.6228.4	CMTM6	CMTM6	full-splice_match	YES	103.21	85.87	122.65
PB.623.1	Protein_PB.623.1	CHODL	CHODL	full-splice_match	YES	31.1	17.59	10.21
PB.6234.3	Protein_PB.6234.3	OSBPL10	OSBPL10	full-splice_match	YES	19.68	33.88	25.84
PB.6236.1	Protein_PB.6236.1	GADL1	GADL1	novel_not_in_catalog	YES	342.1	205.25	11.47
PB.6236.4	Protein_PB.6236.4	GADL1	GADL1	novel_not_in_catalog	YES	82.79	37.95	9.86
PB.6236.6	Protein_PB.6236.6	GADL1	GADL1	novel_not_in_catalog	YES	172.47	58.91	15.64
PB.6236.7	Protein_PB.6236.7	GADL1	GADL1	full-splice_match	YES	210.64	105.17	22.77
PB.6240.1	Protein_PB.6240.1	AZI2	AZI2	full-splice_match	YES	17.94	17.53	12.29
PB.6240.2	Protein_PB.6240.2	AZI2	AZI2	full-splice_match	YES	185.84	199.46	202.9
PB.6240.4	Protein_PB.6240.4	AZI2	AZI2	novel_in_catalog	YES	50.81	36.74	20.96
PB.6244.1	Protein_PB.6244.1	SLC4A7	SLC4A7	full-splice_match	YES	99.67	170.46	122.8
PB.6244.2	Protein_PB.6244.2	SLC4A7	SLC4A7	full-splice_match	YES	33.84	23.36	45.3
PB.6244.3	Protein_PB.6244.3	SLC4A7	SLC4A7	full-splice_match	YES	40.85	55.28	44.03
PB.6250.2	Protein_PB.6250.2	NGLY1	NGLY1	full-splice_match	YES	115.21	120.3	82.13
PB.6250.4	Protein_PB.6250.4	NGLY1	NGLY1	novel_in_catalog	YES	25.19	27.56	26.35
PB.6250.5	Protein_PB.6250.5	NGLY1	NGLY1	full-splice_match	YES	62.81	75.01	81.67
PB.6250.6	Protein_PB.6250.6	NGLY1	NGLY1	incomplete-splice_match	YES	45.36	49.5	23.24
PB.6251.1	Protein_PB.6251.1	TOP2B	TOP2B	full-splice_match	YES	352.1	448.35	454.62
PB.6251.2	Protein_PB.6251.2	TOP2B	TOP2B	full-splice_match	YES	134.93	94.42	109.59
PB.6251.3	Protein_PB.6251.3	TOP2B	TOP2B	incomplete-splice_match	YES	240.7	140.14	281.75
PB.6251.4	Protein_PB.6251.4	TOP2B	TOP2B	incomplete-splice_match	YES	29.24	45.33	76.29
PB.6251.5	Protein_PB.6251.5	TOP2B	TOP2B	novel_in_catalog	YES	63.01	38.55	42.94
PB.6252.11	Protein_PB.6252.11	THRB	THRB	novel_in_catalog	YES	70.59	72.49	15.95
PB.6252.13	Protein_PB.6252.13	THRB	THRB	full-splice_match	YES	19.23	45.14	22.33
PB.6252.16	Protein_PB.6252.16	THRB	THRB	full-splice_match	YES	13.09	17.24	19.88
PB.6252.18	Protein_PB.6252.18	THRB	THRB	full-splice_match	YES	34.51	18.99	29.03
PB.6252.5	Protein_PB.6252.5	THRB	THRB	full-splice_match	YES	98.52	94.82	47.22
PB.6252.6	Protein_PB.6252.6	THRB	THRB	full-splice_match	YES	46.34	30.38	41.8
PB.6253.2	Protein_PB.6253.2	NKIRAS1	NKIRAS1	full-splice_match	YES	25.91	33.23	21.98
PB.6253.7	Protein_PB.6253.7	NKIRAS1	NKIRAS1	full-splice_match	YES	95.68	103.7	76.77
PB.626.3	Protein_PB.626.3	CXADR	CXADR	full-splice_match	YES	89.54	82.86	108.35
PB.6269.2	Protein_PB.6269.2	SATB1	SATB1	full-splice_match	YES	37.18	33.64	40.73
PB.6269.3	Protein_PB.6269.3	SATB1	SATB1	full-splice_match	YES	36.41	13.4	37.8
PB.6270.2	Protein_PB.6270.2	TBC1D5	TBC1D5	full-splice_match	YES	35.94	40.75	38.53
PB.6270.4	Protein_PB.6270.4	TBC1D5	TBC1D5	novel_in_catalog	YES	75.67	56.72	65.68
PB.6270.5	Protein_PB.6270.5	TBC1D5	TBC1D5	novel_in_catalog	YES	31.39	56.94	53.57
PB.6275.1	Protein_PB.6275.1	RFTN1	RFTN1	full-splice_match	YES	246.34	207.97	128.88
PB.6276.1		DPH3	DPH3	full-splice_match	NO	405.82	450.18	383.71
PB.6276.3		DPH3	DPH3	novel_not_in_catalog	NO	15.76	25.63	12.97
PB.6279.1	Protein_PB.6279.1	ANKRD28	ANKRD28	full-splice_match	YES	109.28	104.25	106.6
PB.6279.10	Protein_PB.6279.10	ANKRD28	ANKRD28	novel_not_in_catalog	YES	53.54	36.04	32.64
PB.6279.11	Protein_PB.6279.11	ANKRD28	ANKRD28	novel_not_in_catalog	YES	141.64	110.86	83.09
PB.6279.12	Protein_PB.6279.12	ANKRD28	ANKRD28	full-splice_match	YES	40.54	15.54	24.53
PB.6279.13	Protein_PB.6279.13	ANKRD28	ANKRD28	novel_not_in_catalog	YES	62.09	77.35	40.57
PB.6279.3	Protein_PB.6279.3	ANKRD28	ANKRD28	full-splice_match	YES	15.27	18.65	5.0
PB.6279.4	Protein_PB.6279.4	ANKRD28	ANKRD28	full-splice_match	YES	29.92	28.81	52.8
PB.6279.5	Protein_PB.6279.5	ANKRD28	ANKRD28	novel_in_catalog	YES	434.89	255.94	283.79
PB.6281.1	Protein_PB.6281.1	HACL1	HACL1	full-splice_match	YES	22.8	31.64	33.11
PB.6281.2	Protein_PB.6281.2	HACL1	HACL1	novel_not_in_catalog	YES	21.94	38.8	60.36
PB.6281.3	Protein_PB.6281.3	HACL1	HACL1	incomplete-splice_match	YES	130.2	149.48	150.43
PB.6281.7	Protein_PB.6281.7	HACL1	HACL1	novel_in_catalog	YES	88.85	84.9	69.74
PB.6281.8	Protein_PB.6281.8	HACL1	HACL1	full-splice_match	YES	31.65	35.64	25.89
PB.6281.9	Protein_PB.6281.9	HACL1	HACL1	full-splice_match	YES	56.83	70.08	66.06
PB.6282.1	Protein_PB.6282.1	COLQ	COLQ	full-splice_match	YES	164.04	219.38	135.28
PB.6283.12	Protein_PB.6283.12	METTL6	METTL6	full-splice_match	YES	24.86	40.76	32.24
PB.6283.13	Protein_PB.6283.13	METTL6	METTL6	full-splice_match	YES	21.11	22.54	13.96
PB.6283.5	Protein_PB.6283.5	METTL6	METTL6	novel_not_in_catalog	YES	44.07	39.85	42.35
PB.6284.1	Protein_PB.6284.1	SH3BP5	SH3BP5	full-splice_match	YES	171.2	128.07	153.2
PB.6284.2	Protein_PB.6284.2	SH3BP5	SH3BP5	full-splice_match	YES	79.28	65.5	59.57
PB.6284.7	Protein_PB.6284.7	SH3BP5	SH3BP5	incomplete-splice_match	YES	66.41	67.27	112.33
PB.6287.3	Protein_PB.6287.3	COL6A6	COL6A6	full-splice_match	YES	147.07	78.02	122.71
PB.6288.12	Protein_PB.6288.12	ATP2C1	ATP2C1	full-splice_match	YES	99.24	96.3	21.52
PB.6288.14	Protein_PB.6288.14	ATP2C1	ATP2C1	incomplete-splice_match	YES	112.07	142.22	95.99
PB.6288.2	Protein_PB.6288.2	ATP2C1	ATP2C1	full-splice_match	YES	32.65	25.92	81.6
PB.6288.4	Protein_PB.6288.4	ATP2C1	ATP2C1	full-splice_match	YES	117.45	70.23	151.33
PB.6288.7	Protein_PB.6288.7	ATP2C1	ATP2C1	incomplete-splice_match	YES	130.82	169.73	136.88
PB.6288.8	Protein_PB.6288.8	ATP2C1	ATP2C1	incomplete-splice_match	YES	119.01	111.28	120.31
PB.6292.1	Protein_PB.6292.1	NUDT16	NUDT16	incomplete-splice_match	YES	248.48	262.91	211.15
PB.6294.1	Protein_PB.6294.1	DNAJC13	DNAJC13	full-splice_match	YES	357.87	356.6	214.61
PB.6294.2	Protein_PB.6294.2	DNAJC13	DNAJC13	full-splice_match	YES	323.62	341.12	517.64
PB.6296.1	Protein_PB.6296.1	UBA5	UBA5	full-splice_match	YES	93.92	97.6	99.87
PB.63.1	Protein_PB.63.1	PSMG1	PSMG1	full-splice_match	YES	50.04	48.26	36.11
PB.63.3	Protein_PB.63.3	PSMG1	PSMG1	full-splice_match	YES	11.08	14.26	20.83
PB.6301.1	Protein_PB.6301.1	CDV3	CDV3	full-splice_match	YES	137.22	153.06	183.37
PB.6301.2	Protein_PB.6301.2	CDV3	CDV3	full-splice_match	YES	170.55	173.45	251.65
PB.6301.4	Protein_PB.6301.4	CDV3	CDV3	full-splice_match	YES	1390.58	1552.82	1743.93
PB.6304.35	Protein_PB.6304.35	LOC113253952	LOC113253952	novel_not_in_catalog	YES	47.05	51.25	46.45
PB.6304.38	Protein_PB.6304.38	LOC113253952	LOC113253952	novel_in_catalog	YES	44.48	69.38	55.48
PB.6306.1		novelGene_782	novelGene_782	intergenic	NO	42.83	33.95	30.63
PB.6307.1	Protein_PB.6307.1	CEP63	CEP63	full-splice_match	YES	11.64	22.68	30.34
PB.6307.15	Protein_PB.6307.15	CEP63	CEP63	full-splice_match	YES	22.82	15.41	27.57
PB.6307.4	Protein_PB.6307.4	CEP63	CEP63	novel_in_catalog	YES	25.92	19.39	18.89
PB.6312.1	Protein_PB.6312.1	PPP2R3A	PPP2R3A	novel_not_in_catalog	YES	12.46	41.97	52.23
PB.6312.13	Protein_PB.6312.13	PPP2R3A	PPP2R3A	full-splice_match	YES	28.65	55.37	29.19
PB.6312.14	Protein_PB.6312.14	PPP2R3A	PPP2R3A	novel_not_in_catalog	YES	232.03	257.04	283.64
PB.6312.15	Protein_PB.6312.15	PPP2R3A	PPP2R3A	novel_in_catalog	YES	604.91	619.66	638.75
PB.6312.2	Protein_PB.6312.2	PPP2R3A	PPP2R3A	full-splice_match	YES	149.82	123.08	158.56
PB.6312.4	Protein_PB.6312.4	PPP2R3A	PPP2R3A	full-splice_match	YES	23.06	2.39	13.41
PB.6312.7	Protein_PB.6312.7	PPP2R3A	PPP2R3A	incomplete-splice_match	YES	210.81	260.7	237.23
PB.6312.8	Protein_PB.6312.8	PPP2R3A	PPP2R3A	novel_in_catalog	YES	122.54	177.5	189.39
PB.6314.2	Protein_PB.6314.2	PCCB	PCCB	full-splice_match	YES	696.95	861.18	238.56
PB.6318.3	Protein_PB.6318.3	NCK1	NCK1	full-splice_match	YES	84.59	81.44	91.63
PB.6318.4	Protein_PB.6318.4	NCK1	NCK1	novel_not_in_catalog	YES	28.17	55.5	7.94
PB.6318.6	Protein_PB.6318.6	NCK1	NCK1	novel_not_in_catalog	YES	52.57	41.07	54.44
PB.6318.7	Protein_PB.6318.7	NCK1	NCK1	full-splice_match	YES	51.82	51.49	63.07
PB.6318.8	Protein_PB.6318.8	NCK1	NCK1	novel_not_in_catalog	YES	147.18	89.46	100.79
PB.6320.1	Protein_PB.6320.1	IL20RB	IL20RB	full-splice_match	YES	7.2	6.85	19.0
PB.6325.1	Protein_PB.6325.1	ARMC8	ARMC8	full-splice_match	YES	27.73	23.57	23.35
PB.6325.2	Protein_PB.6325.2	ARMC8	ARMC8	full-splice_match	YES	29.08	43.02	40.54
PB.6325.3	Protein_PB.6325.3	ARMC8	ARMC8	full-splice_match	YES	290.53	251.44	242.64
PB.6325.5	Protein_PB.6325.5	ARMC8	ARMC8	novel_not_in_catalog	YES	92.06	119.92	118.35
PB.6325.6	Protein_PB.6325.6	ARMC8	ARMC8	full-splice_match	YES	60.2	84.69	44.77
PB.6327.17	Protein_PB.6327.17	MRAS	MRAS	full-splice_match	YES	148.19	98.21	97.38
PB.6327.18	Protein_PB.6327.18	MRAS	MRAS	full-splice_match	YES	18.24	3.04	21.43
PB.6334.1	Protein_PB.6334.1	MRPS22	MRPS22	full-splice_match	YES	264.57	308.04	197.72
PB.6337.3	Protein_PB.6337.3	SLC25A36	SLC25A36	novel_not_in_catalog	YES	116.02	133.2	97.34
PB.6337.4	Protein_PB.6337.4	SLC25A36	SLC25A36	full-splice_match	YES	24.81	23.46	16.72
PB.6337.5	Protein_PB.6337.5	SLC25A36	SLC25A36	full-splice_match	YES	113.24	192.0	99.56
PB.6337.6	Protein_PB.6337.6	SLC25A36	SLC25A36	novel_not_in_catalog	YES	23.05	27.12	35.65
PB.6337.7	Protein_PB.6337.7	SLC25A36	SLC25A36	novel_not_in_catalog	YES	30.39	28.2	25.09
PB.6337.9	Protein_PB.6337.9	SLC25A36	SLC25A36	incomplete-splice_match	YES	18.99	13.67	18.32
PB.634.2	Protein_PB.634.2	USP25	USP25	full-splice_match	YES	23.12	22.83	32.95
PB.634.4	Protein_PB.634.4	USP25	USP25	full-splice_match	YES	546.44	571.48	725.87
PB.634.6	Protein_PB.634.6	USP25	USP25	incomplete-splice_match	YES	258.82	162.27	290.43
PB.634.7	Protein_PB.634.7	USP25	USP25	novel_not_in_catalog	YES	228.91	245.19	248.82
PB.6340.4	Protein_PB.6340.4	PXYLP1	PXYLP1	full-splice_match	YES	16.75	8.0	12.29
PB.6341.10	Protein_PB.6341.10	ZBTB38	ZBTB38	full-splice_match	YES	285.5	386.76	410.29
PB.6341.12	Protein_PB.6341.12	ZBTB38	ZBTB38	novel_not_in_catalog	YES	40.04	0.0	19.11
PB.6341.14	Protein_PB.6341.14	ZBTB38	ZBTB38	full-splice_match	YES	58.15	19.23	24.61
PB.6341.15	Protein_PB.6341.15	ZBTB38	ZBTB38	novel_not_in_catalog	YES	42.53	110.71	108.6
PB.6341.4	Protein_PB.6341.4	ZBTB38	ZBTB38	full-splice_match	YES	61.51	43.91	42.43
PB.6342.1	Protein_PB.6342.1	RASA2	RASA2	full-splice_match	YES	37.16	32.66	49.09
PB.6344.1		RNF7	RNF7	full-splice_match	NO	35.02	49.04	30.08
PB.6344.2	Protein_PB.6344.2	RNF7	RNF7	full-splice_match	YES	492.39	633.95	429.27
PB.6346.3	Protein_PB.6346.3	ATP1B3	ATP1B3	novel_not_in_catalog	YES	33.53	23.45	16.28
PB.6346.4	Protein_PB.6346.4	ATP1B3	ATP1B3	full-splice_match	YES	24.6	22.45	44.11
PB.6352.2	Protein_PB.6352.2	U2SURP	U2SURP	full-splice_match	YES	140.26	145.82	173.47
PB.6352.5	Protein_PB.6352.5	U2SURP	U2SURP	incomplete-splice_match	YES	181.43	167.49	152.17
PB.6352.6	Protein_PB.6352.6	U2SURP	U2SURP	novel_in_catalog	YES	25.83	14.77	25.13
PB.6352.7	Protein_PB.6352.7	U2SURP	U2SURP	incomplete-splice_match	YES	17.7	25.15	36.33
PB.6353.1	Protein_PB.6353.1	CHST2	CHST2	full-splice_match	YES	20.13	18.53	16.91
PB.6355.1	Protein_PB.6355.1	DIPK2A	DIPK2A	full-splice_match	YES	70.17	54.93	74.12
PB.6361.1	Protein_PB.6361.1	ZIC1	ZIC1	full-splice_match	YES	65.08	44.86	59.04
PB.6362.3	Protein_PB.6362.3	AGTR1	AGTR1	full-splice_match	YES	28.67	37.62	16.44
PB.6362.7	Protein_PB.6362.7	AGTR1	AGTR1	novel_in_catalog	YES	23.98	11.65	1.89
PB.6366.1	Protein_PB.6366.1	GYG1	GYG1	novel_in_catalog	YES	127.41	136.19	168.28
PB.6366.2	Protein_PB.6366.2	GYG1	GYG1	novel_not_in_catalog	YES	41.27	47.23	35.99
PB.6366.3	Protein_PB.6366.3	GYG1	GYG1	incomplete-splice_match	YES	12.58	11.65	19.48
PB.6366.4	Protein_PB.6366.4	GYG1	GYG1	novel_in_catalog	YES	836.7	931.73	1059.16
PB.6366.5	Protein_PB.6366.5	GYG1	GYG1	full-splice_match	YES	147.89	143.26	217.26
PB.6366.6	Protein_PB.6366.6	GYG1	GYG1	full-splice_match	YES	191.17	138.34	183.42
PB.6366.7	Protein_PB.6366.7	GYG1	GYG1	full-splice_match	YES	2506.93	2599.81	2967.9
PB.6367.5	Protein_PB.6367.5	HPS3	HPS3	incomplete-splice_match	YES	57.23	56.95	55.28
PB.6367.6	Protein_PB.6367.6	HPS3	HPS3	full-splice_match	YES	22.94	18.66	14.06
PB.6372.1		novelGene_793	novelGene_793	intergenic	NO	64.94	65.3	28.04
PB.6373.12	Protein_PB.6373.12	RNF13	RNF13	novel_in_catalog	YES	15.57	17.09	26.95
PB.6373.15	Protein_PB.6373.15	RNF13	RNF13	novel_in_catalog	YES	64.73	55.43	54.86
PB.6373.2	Protein_PB.6373.2	RNF13	RNF13	full-splice_match	YES	35.99	52.91	43.06
PB.6373.7	Protein_PB.6373.7	RNF13	RNF13	novel_not_in_catalog	YES	22.17	13.54	34.28
PB.6373.8	Protein_PB.6373.8	RNF13	RNF13	novel_not_in_catalog	YES	49.18	59.11	43.17
PB.6374.1	Protein_PB.6374.1	TSC22D2	TSC22D2	full-splice_match	YES	26.4	20.52	38.78
PB.6374.2	Protein_PB.6374.2	TSC22D2	TSC22D2	full-splice_match	YES	57.26	37.26	35.47
PB.6374.3	Protein_PB.6374.3	TSC22D2	TSC22D2	full-splice_match	YES	78.66	76.51	98.92
PB.6375.2	Protein_PB.6375.2	EIF2A	EIF2A	incomplete-splice_match	YES	762.13	763.3	1031.96
PB.6375.3	Protein_PB.6375.3	EIF2A	EIF2A	full-splice_match	YES	363.02	349.03	380.76
PB.6375.4	Protein_PB.6375.4	EIF2A	EIF2A	novel_in_catalog	YES	400.6	461.13	605.84
PB.6376.1	Protein_PB.6376.1	SELENOT	SELENOT	incomplete-splice_match	YES	10.64	14.78	29.4
PB.6376.2	Protein_PB.6376.2	SELENOT	SELENOT	novel_not_in_catalog	YES	171.25	201.58	196.4
PB.6376.3		SELENOT	SELENOT	novel_in_catalog	NO	43.5	58.91	51.85
PB.6376.4	Protein_PB.6376.4	SELENOT	SELENOT	full-splice_match	YES	86.06	109.0	82.72
PB.6376.5	Protein_PB.6376.5	SELENOT	SELENOT	incomplete-splice_match	YES	35.56	17.33	33.22
PB.6380.1	Protein_PB.6380.1	SUCNR1	SUCNR1	full-splice_match	YES	21.11	23.01	24.47
PB.6382.10	Protein_PB.6382.10	MBNL1	MBNL1	novel_in_catalog	YES	350.5	376.75	573.35
PB.6382.11	Protein_PB.6382.11	MBNL1	MBNL1	novel_in_catalog	YES	836.47	917.64	958.13
PB.6382.12	Protein_PB.6382.12	MBNL1	MBNL1	novel_in_catalog	YES	81.42	48.95	70.28
PB.6382.13	Protein_PB.6382.13	MBNL1	MBNL1	full-splice_match	YES	81.56	71.16	78.31
PB.6382.14	Protein_PB.6382.14	MBNL1	MBNL1	full-splice_match	YES	123.81	102.82	47.79
PB.6382.18	Protein_PB.6382.18	MBNL1	MBNL1	full-splice_match	YES	35.76	25.11	28.3
PB.6382.19	Protein_PB.6382.19	MBNL1	MBNL1	full-splice_match	YES	61.07	81.38	68.62
PB.6382.25	Protein_PB.6382.25	MBNL1	MBNL1	novel_in_catalog	YES	259.23	382.67	646.78
PB.6382.27	Protein_PB.6382.27	MBNL1	MBNL1	novel_not_in_catalog	YES	641.29	749.93	309.99
PB.6382.28	Protein_PB.6382.28	MBNL1	MBNL1	full-splice_match	YES	64.67	24.55	41.08
PB.6382.29	Protein_PB.6382.29	MBNL1	MBNL1	novel_in_catalog	YES	682.14	678.18	445.69
PB.6382.30	Protein_PB.6382.30	MBNL1	MBNL1	novel_not_in_catalog	YES	14.53	21.41	27.27
PB.6382.4	Protein_PB.6382.4	MBNL1	MBNL1	novel_in_catalog	YES	72.45	29.72	59.85
PB.6382.9	Protein_PB.6382.9	MBNL1	MBNL1	novel_in_catalog	YES	273.49	177.31	303.96
PB.6385.1	Protein_PB.6385.1	P2RY1	P2RY1	full-splice_match	YES	252.58	218.93	272.51
PB.6385.2	Protein_PB.6385.2	P2RY1	P2RY1	full-splice_match	YES	485.96	391.98	394.19
PB.6385.3	Protein_PB.6385.3	P2RY1	P2RY1	novel_not_in_catalog	YES	38.88	21.65	54.52
PB.6385.5	Protein_PB.6385.5	P2RY1	P2RY1	novel_not_in_catalog	YES	156.81	119.28	139.79
PB.6386.1		novelGene_795	novelGene_795	intergenic	NO	40.5	38.11	55.14
PB.6386.2		novelGene_796	novelGene_796	intergenic	NO	58.41	83.7	150.65
PB.6387.1	Protein_PB.6387.1	RAP2B	RAP2B	full-splice_match	YES	47.84	37.77	53.01
PB.6388.1	Protein_PB.6388.1	ARHGEF26	ARHGEF26	full-splice_match	YES	17.87	32.1	25.95
PB.6394.2	Protein_PB.6394.2	MME	MME	novel_in_catalog	YES	17.52	19.14	6.96
PB.6394.3	Protein_PB.6394.3	MME	MME	full-splice_match	YES	58.34	74.53	58.43
PB.6394.4	Protein_PB.6394.4	MME	MME	incomplete-splice_match	YES	19.14	23.86	19.75
PB.6394.5	Protein_PB.6394.5	MME	MME	novel_not_in_catalog	YES	168.6	125.44	56.38
PB.6394.6	Protein_PB.6394.6	MME	MME	novel_not_in_catalog	YES	37.52	50.96	51.9
PB.6394.7	Protein_PB.6394.7	MME	MME	novel_not_in_catalog	YES	67.06	67.52	69.13
PB.6394.8	Protein_PB.6394.8	MME	MME	full-splice_match	YES	223.32	262.85	157.28
PB.6394.9	Protein_PB.6394.9	MME	MME	full-splice_match	YES	127.86	167.99	101.2
PB.6398.1	Protein_PB.6398.1	GMPS	GMPS	novel_not_in_catalog	YES	311.24	302.41	435.03
PB.6398.2	Protein_PB.6398.2	GMPS	GMPS	incomplete-splice_match	YES	298.08	331.76	268.83
PB.6398.3	Protein_PB.6398.3	GMPS	GMPS	full-splice_match	YES	209.52	230.08	321.29
PB.6398.7	Protein_PB.6398.7	GMPS	GMPS	incomplete-splice_match	YES	1747.28	1823.04	1709.17
PB.64.4	Protein_PB.64.4	ERG	ERG	full-splice_match	YES	81.58	69.08	110.31
PB.64.5	Protein_PB.64.5	ERG	ERG	novel_in_catalog	YES	63.44	39.92	34.19
PB.6401.1	Protein_PB.6401.1	KCNAB1	KCNAB1	full-splice_match	YES	41.99	17.39	30.3
PB.6403.3	Protein_PB.6403.3	TIPARP	TIPARP	full-splice_match	YES	111.25	183.36	157.83
PB.6405.1	Protein_PB.6405.1	LOC113253631	LOC113253631	full-splice_match	YES	26.44	22.76	52.89
PB.6405.3		LOC113253631	LOC113253631	novel_not_in_catalog	NO	69.22	76.5	126.17
PB.6405.4	Protein_PB.6405.4	LOC113253631	LOC113253631	novel_not_in_catalog	YES	38.04	53.89	83.6
PB.6405.5	Protein_PB.6405.5	LOC113253631	LOC113253631	novel_in_catalog	YES	50.56	46.01	98.54
PB.6408.2	Protein_PB.6408.2	PTX3	PTX3	incomplete-splice_match	YES	17.73	9.6	16.33
PB.6409.1	Protein_PB.6409.1	RSRC1_LOC113253632	RSRC1_LOC113253632	fusion	YES	77.25	68.69	84.06
PB.6409.10	Protein_PB.6409.10	MLF1	MLF1	full-splice_match	YES	84.31	40.24	30.23
PB.6409.11	Protein_PB.6409.11	MLF1	MLF1	novel_not_in_catalog	YES	62.86	20.75	2.63
PB.6409.13	Protein_PB.6409.13	MLF1	MLF1	novel_not_in_catalog	YES	169.44	101.93	71.88
PB.6409.2	Protein_PB.6409.2	RSRC1	RSRC1	full-splice_match	YES	58.67	53.96	64.43
PB.6409.3	Protein_PB.6409.3	RSRC1_MLF1	RSRC1_MLF1	fusion	YES	14.48	17.03	18.38
PB.6409.9	Protein_PB.6409.9	MLF1	MLF1	full-splice_match	YES	148.63	78.69	32.12
PB.6411.2	Protein_PB.6411.2	GFM1	GFM1	novel_in_catalog	YES	487.29	544.64	339.75
PB.6411.3	Protein_PB.6411.3	GFM1	GFM1	full-splice_match	YES	222.71	237.48	144.29
PB.6411.5	Protein_PB.6411.5	GFM1	GFM1	novel_not_in_catalog	YES	362.76	336.42	151.21
PB.6411.6	Protein_PB.6411.6	GFM1	GFM1	novel_not_in_catalog	YES	1098.37	1246.37	666.68
PB.6415.2	Protein_PB.6415.2	MFSD1	MFSD1	full-splice_match	YES	20.12	31.47	44.71
PB.6415.3	Protein_PB.6415.3	MFSD1	MFSD1	novel_not_in_catalog	YES	20.05	21.16	18.02
PB.6415.4	Protein_PB.6415.4	MFSD1	MFSD1	novel_not_in_catalog	YES	16.6	14.43	23.35
PB.6415.6	Protein_PB.6415.6	MFSD1	MFSD1	incomplete-splice_match	YES	26.13	16.11	35.96
PB.6419.2	Protein_PB.6419.2	SCHIP1	SCHIP1	full-splice_match	YES	28.91	18.1	30.2
PB.6419.3	Protein_PB.6419.3	SCHIP1	SCHIP1	full-splice_match	YES	252.39	241.8	204.12
PB.6419.5	Protein_PB.6419.5	SCHIP1	SCHIP1	full-splice_match	YES	766.14	667.97	700.74
PB.6422.1	Protein_PB.6422.1	SMC4	SMC4	full-splice_match	YES	42.72	57.9	54.66
PB.6422.2	Protein_PB.6422.2	SMC4	SMC4	full-splice_match	YES	33.38	8.1	18.78
PB.6422.3	Protein_PB.6422.3	SMC4	SMC4	incomplete-splice_match	YES	25.78	38.06	41.8
PB.6422.4	Protein_PB.6422.4	SMC4	SMC4	incomplete-splice_match	YES	26.98	30.47	33.65
PB.6424.1	Protein_PB.6424.1	LOC113254146_PPM1L	LOC113254146_PPM1L	full-splice_match	YES	369.23	398.17	357.54
PB.6424.2	Protein_PB.6424.2	PPM1L	PPM1L	novel_not_in_catalog	YES	26.15	18.76	54.24
PB.6424.3	Protein_PB.6424.3	PPM1L	PPM1L	novel_not_in_catalog	YES	52.77	53.71	85.31
PB.6424.4	Protein_PB.6424.4	PPM1L	PPM1L	incomplete-splice_match	YES	170.22	170.8	148.5
PB.6425.1	Protein_PB.6425.1	NMD3	NMD3	full-splice_match	YES	56.75	52.07	62.12
PB.6425.2	Protein_PB.6425.2	NMD3	NMD3	full-splice_match	YES	676.15	806.49	637.57
PB.6425.4	Protein_PB.6425.4	NMD3	NMD3	incomplete-splice_match	YES	9.32	20.7	12.74
PB.6425.6	Protein_PB.6425.6	NMD3	NMD3	novel_not_in_catalog	YES	20.19	5.68	0.0
PB.6430.2		LOC113254155	LOC113254155	full-splice_match	NO	16.6	30.37	9.72
PB.6444.10	Protein_PB.6444.10	TCAIM	TCAIM	novel_in_catalog	YES	31.38	3.57	25.39
PB.6444.15	Protein_PB.6444.15	TCAIM	TCAIM	novel_not_in_catalog	YES	54.16	61.84	19.21
PB.6444.24	Protein_PB.6444.24	TCAIM	TCAIM	incomplete-splice_match	YES	64.89	67.3	26.06
PB.6444.4	Protein_PB.6444.4	TCAIM	TCAIM	novel_not_in_catalog	YES	5.35	20.43	6.77
PB.6444.9	Protein_PB.6444.9	TCAIM	TCAIM	novel_not_in_catalog	YES	69.64	68.56	32.84
PB.6448.1	Protein_PB.6448.1	ABHD5	ABHD5	full-splice_match	YES	32.58	30.44	35.1
PB.6448.2	Protein_PB.6448.2	ABHD5	ABHD5	full-splice_match	YES	92.26	108.98	79.9
PB.6449.2	Protein_PB.6449.2	SNRK	SNRK	full-splice_match	YES	39.32	23.74	31.77
PB.6449.3	Protein_PB.6449.3	SNRK	SNRK	full-splice_match	YES	39.14	19.75	57.98
PB.6449.4	Protein_PB.6449.4	SNRK	SNRK	full-splice_match	YES	154.57	164.76	158.93
PB.6452.2	Protein_PB.6452.2	CRTAP	CRTAP	novel_in_catalog	YES	25.49	13.68	31.07
PB.6452.3	Protein_PB.6452.3	CRTAP	CRTAP	full-splice_match	YES	126.45	86.63	96.65
PB.6457.12	Protein_PB.6457.12	CNOT10	CNOT10	full-splice_match	YES	95.54	77.33	75.47
PB.6464.1	Protein_PB.6464.1	DCLK3	DCLK3	full-splice_match	YES	23.75	21.05	12.61
PB.6465.1	Protein_PB.6465.1	TRANK1	TRANK1	full-splice_match	YES	119.43	73.78	113.69
PB.6466.1	Protein_PB.6466.1	EPM2AIP1	EPM2AIP1	full-splice_match	YES	73.43	75.62	85.7
PB.6466.3	Protein_PB.6466.3	EPM2AIP1	EPM2AIP1	genic	YES	87.15	88.59	131.93
PB.6466.5	Protein_PB.6466.5	EPM2AIP1	EPM2AIP1	full-splice_match	YES	124.56	138.0	183.93
PB.6467.1	Protein_PB.6467.1	LRRFIP2	LRRFIP2	full-splice_match	YES	16.23	24.34	17.72
PB.6467.11	Protein_PB.6467.11	LRRFIP2	LRRFIP2	novel_not_in_catalog	YES	132.77	69.3	89.99
PB.6467.12	Protein_PB.6467.12	LRRFIP2	LRRFIP2	novel_not_in_catalog	YES	31.43	39.11	154.4
PB.6467.13	Protein_PB.6467.13	LRRFIP2	LRRFIP2	full-splice_match	YES	15.79	9.78	19.73
PB.6467.14	Protein_PB.6467.14	LRRFIP2	LRRFIP2	novel_not_in_catalog	YES	80.46	74.17	74.64
PB.6467.15	Protein_PB.6467.15	LRRFIP2	LRRFIP2	novel_not_in_catalog	YES	12.82	22.51	20.43
PB.6467.16	Protein_PB.6467.16	LRRFIP2	LRRFIP2	novel_not_in_catalog	YES	592.89	662.93	604.92
PB.6467.20		LRRFIP2	LRRFIP2	novel_not_in_catalog	NO	27.74	26.52	41.25
PB.6467.5	Protein_PB.6467.5	LRRFIP2	LRRFIP2	full-splice_match	YES	18.46	24.13	5.29
PB.6467.6	Protein_PB.6467.6	LRRFIP2	LRRFIP2	novel_not_in_catalog	YES	271.13	280.75	93.77
PB.6467.7	Protein_PB.6467.7	LRRFIP2	LRRFIP2	novel_not_in_catalog	YES	31.76	44.92	21.13
PB.6467.8	Protein_PB.6467.8	LRRFIP2	LRRFIP2	novel_not_in_catalog	YES	34.16	18.79	31.91
PB.6467.9	Protein_PB.6467.9	LRRFIP2	LRRFIP2	novel_not_in_catalog	YES	95.4	131.48	151.77
PB.6468.1	Protein_PB.6468.1	PLCD1	PLCD1	full-splice_match	YES	11.81	14.9	23.35
PB.6469.5	Protein_PB.6469.5	ACAA1	ACAA1	full-splice_match	YES	346.17	468.56	402.68
PB.647.6	Protein_PB.647.6	ROBO1	ROBO1	full-splice_match	YES	20.8	14.49	15.37
PB.6476.1	Protein_PB.6476.1	GORASP1	GORASP1	full-splice_match	YES	53.63	51.45	34.24
PB.6476.2	Protein_PB.6476.2	GORASP1	GORASP1	full-splice_match	YES	11.76	10.86	18.2
PB.6476.3	Protein_PB.6476.3	GORASP1	GORASP1	novel_not_in_catalog	YES	19.51	25.48	11.53
PB.6476.5	Protein_PB.6476.5	GORASP1	GORASP1	novel_not_in_catalog	YES	140.47	149.45	149.65
PB.6476.8	Protein_PB.6476.8	GORASP1	GORASP1	novel_not_in_catalog	YES	349.02	463.03	144.82
PB.6477.1	Protein_PB.6477.1	CSRNP1	CSRNP1	full-splice_match	YES	18.51	21.22	13.49
PB.6477.4	Protein_PB.6477.4	CSRNP1	CSRNP1	full-splice_match	YES	32.99	51.73	85.24
PB.6478.1	Protein_PB.6478.1	XIRP1	XIRP1	genic	YES	41.42	39.44	45.12
PB.6478.2	Protein_PB.6478.2	XIRP1	XIRP1	genic	YES	764.58	760.65	948.08
PB.6478.3	Protein_PB.6478.3	XIRP1	XIRP1	genic	YES	690.44	631.74	766.89
PB.6478.4	Protein_PB.6478.4	XIRP1	XIRP1	genic	YES	305.68	392.3	446.46
PB.6478.6	Protein_PB.6478.6	XIRP1	XIRP1	full-splice_match	YES	175.67	105.59	77.94
PB.6490.1	Protein_PB.6490.1	SEC22C	SEC22C	full-splice_match	YES	92.4	105.05	150.08
PB.6490.3	Protein_PB.6490.3	SEC22C	SEC22C	full-splice_match	YES	93.78	93.13	91.15
PB.6493.2	Protein_PB.6493.2	HHATL	HHATL	novel_in_catalog	YES	41.05	15.0	56.2
PB.6493.3	Protein_PB.6493.3	HHATL	HHATL	full-splice_match	YES	717.71	572.21	520.25
PB.6493.9	Protein_PB.6493.9	HHATL	HHATL	novel_not_in_catalog	YES	7.26	20.52	22.56
PB.6495.1		HIGD1A	HIGD1A	full-splice_match	NO	102.99	119.29	88.28
PB.6495.2		HIGD1A	HIGD1A	full-splice_match	NO	209.98	224.52	152.47
PB.6497.1	Protein_PB.6497.1	POMGNT2	POMGNT2	full-splice_match	YES	51.39	50.68	60.3
PB.6501.1	Protein_PB.6501.1	GPD1L	GPD1L	novel_not_in_catalog	YES	30.82	39.97	42.35
PB.6501.2	Protein_PB.6501.2	GPD1L	GPD1L	novel_in_catalog	YES	88.84	93.57	63.19
PB.6501.3	Protein_PB.6501.3	GPD1L	GPD1L	full-splice_match	YES	2597.15	3460.07	1626.79
PB.6501.5	Protein_PB.6501.5	GPD1L	GPD1L	novel_not_in_catalog	YES	858.9	1380.2	951.82
PB.6501.6	Protein_PB.6501.6	GPD1L	GPD1L	novel_not_in_catalog	YES	129.37	173.7	121.7
PB.6502.1	Protein_PB.6502.1	STT3B	STT3B	novel_in_catalog	YES	18.64	10.24	18.87
PB.6502.2	Protein_PB.6502.2	STT3B	STT3B	full-splice_match	YES	618.44	590.84	554.7
PB.6504.1	Protein_PB.6504.1	TGFBR2	TGFBR2	full-splice_match	YES	351.33	330.28	362.51
PB.6504.2	Protein_PB.6504.2	TGFBR2	TGFBR2	novel_not_in_catalog	YES	351.18	202.55	218.79
PB.6505.1	Protein_PB.6505.1	RBMS3	RBMS3	full-splice_match	YES	53.31	29.23	58.68
PB.6505.2	Protein_PB.6505.2	RBMS3	RBMS3	full-splice_match	YES	41.82	17.63	22.18
PB.6505.3	Protein_PB.6505.3	RBMS3	RBMS3	full-splice_match	YES	32.06	32.3	48.64
PB.6505.4	Protein_PB.6505.4	RBMS3	RBMS3	full-splice_match	YES	11.82	2.99	30.45
PB.6509.1	Protein_PB.6509.1	CMC1	CMC1	full-splice_match	YES	33.56	35.67	52.37
PB.6509.2	Protein_PB.6509.2	CMC1	CMC1	full-splice_match	YES	43.24	36.0	32.98
PB.6509.3	Protein_PB.6509.3	CMC1	CMC1	full-splice_match	YES	75.48	92.96	129.56
PB.651.1	Protein_PB.651.1	GBE1	GBE1	full-splice_match	YES	416.62	562.44	506.63
PB.6514.1	Protein_PB.6514.1	OXSM	OXSM	novel_not_in_catalog	YES	155.26	259.3	147.68
PB.6514.2	Protein_PB.6514.2	OXSM	OXSM	novel_not_in_catalog	YES	100.11	33.23	40.01
PB.6515.2	Protein_PB.6515.2	RARB	RARB	full-splice_match	YES	31.34	29.18	26.25
PB.6517.1	Protein_PB.6517.1	LOC113253727	LOC113253727	full-splice_match	YES	13.95	15.47	20.15
PB.6518.1	Protein_PB.6518.1	NR1D2	NR1D2	full-splice_match	YES	1148.21	1082.43	1124.29
PB.6518.2	Protein_PB.6518.2	NR1D2	NR1D2	novel_not_in_catalog	YES	14.66	19.17	39.88
PB.6519.1	Protein_PB.6519.1	RPL15	RPL15	full-splice_match	YES	3988.62	3874.29	4546.66
PB.6519.2	Protein_PB.6519.2	RPL15	RPL15	novel_not_in_catalog	YES	25.55	9.84	24.08
PB.6519.3	Protein_PB.6519.3	RPL15	RPL15	novel_not_in_catalog	YES	46.74	40.37	40.46
PB.6519.4	Protein_PB.6519.4	RPL15	RPL15	novel_not_in_catalog	YES	13.16	22.51	23.44
PB.6520.1	Protein_PB.6520.1	UBE2E1	UBE2E1	full-splice_match	YES	132.87	155.92	156.46
PB.6520.2	Protein_PB.6520.2	UBE2E1	UBE2E1	full-splice_match	YES	17.72	11.44	18.27
PB.6522.2	Protein_PB.6522.2	LOC113253876	LOC113253876	full-splice_match	YES	32.83	34.66	27.47
PB.6529.1	Protein_PB.6529.1	KAT2B	KAT2B	full-splice_match	YES	1103.6	1339.7	761.37
PB.6529.2	Protein_PB.6529.2	KAT2B	KAT2B	full-splice_match	YES	61.74	120.99	44.16
PB.6529.3	Protein_PB.6529.3	KAT2B	KAT2B	incomplete-splice_match	YES	99.26	117.78	33.69
PB.6529.4	Protein_PB.6529.4	KAT2B	KAT2B	full-splice_match	YES	258.01	252.03	108.2
PB.6529.5	Protein_PB.6529.5	KAT2B	KAT2B	full-splice_match	YES	46.97	105.21	105.53
PB.6530.1	Protein_PB.6530.1	RAB5A	RAB5A	full-splice_match	YES	30.83	39.59	38.83
PB.6530.2	Protein_PB.6530.2	RAB5A	RAB5A	novel_in_catalog	YES	34.03	49.29	45.16
PB.6530.3	Protein_PB.6530.3	RAB5A	RAB5A	novel_in_catalog	YES	126.03	106.44	121.5
PB.6530.4	Protein_PB.6530.4	RAB5A	RAB5A	novel_not_in_catalog	YES	139.53	144.28	121.82
PB.6538.1	Protein_PB.6538.1	PLCL2	PLCL2	novel_not_in_catalog	YES	592.73	509.56	582.86
PB.6538.2	Protein_PB.6538.2	PLCL2	PLCL2	full-splice_match	YES	371.44	370.25	292.42
PB.6538.3	Protein_PB.6538.3	PLCL2	PLCL2	full-splice_match	YES	25.04	69.49	53.65
PB.6538.6	Protein_PB.6538.6	PLCL2	PLCL2	full-splice_match	YES	125.91	61.54	152.0
PB.6539.2	Protein_PB.6539.2	OXNAD1	OXNAD1	full-splice_match	YES	9.61	24.95	3.12
PB.6539.3	Protein_PB.6539.3	OXNAD1	OXNAD1	novel_not_in_catalog	YES	9.06	21.36	2.23
PB.6539.4	Protein_PB.6539.4	OXNAD1	OXNAD1	full-splice_match	YES	55.4	88.09	50.58
PB.6540.3	Protein_PB.6540.3	GALNT15	GALNT15	full-splice_match	YES	105.25	108.41	131.78
PB.6540.4	Protein_PB.6540.4	GALNT15	GALNT15	full-splice_match	YES	16.11	24.87	19.63
PB.6540.5	Protein_PB.6540.5	GALNT15	GALNT15	novel_not_in_catalog	YES	15.98	26.47	34.49
PB.6542.1	Protein_PB.6542.1	BTD	BTD	novel_not_in_catalog	YES	18.43	20.7	14.62
PB.6542.10	Protein_PB.6542.10	BTD	BTD	novel_not_in_catalog	YES	21.73	9.38	12.39
PB.6542.5	Protein_PB.6542.5	BTD	BTD	novel_not_in_catalog	YES	20.78	25.1	29.05
PB.6543.1	Protein_PB.6543.1	EAF1	EAF1	full-splice_match	YES	172.87	179.87	187.49
PB.6545.10	Protein_PB.6545.10	CAPN7	CAPN7	novel_in_catalog	YES	77.03	90.9	36.14
PB.6545.14	Protein_PB.6545.14	CAPN7	CAPN7	incomplete-splice_match	YES	82.44	68.79	40.28
PB.6545.3	Protein_PB.6545.3	CAPN7	CAPN7	novel_not_in_catalog	YES	27.06	19.81	33.98
PB.6545.5	Protein_PB.6545.5	CAPN7	CAPN7	novel_in_catalog	YES	59.77	41.44	37.17
PB.6545.6	Protein_PB.6545.6	CAPN7	CAPN7	novel_not_in_catalog	YES	88.04	77.19	111.1
PB.6547.1	Protein_PB.6547.1	PIK3R4	PIK3R4	full-splice_match	YES	31.78	9.51	74.39
PB.6547.2	Protein_PB.6547.2	PIK3R4	PIK3R4	full-splice_match	YES	80.85	113.85	43.5
PB.6547.3	Protein_PB.6547.3	PIK3R4	PIK3R4	full-splice_match	YES	34.11	39.29	26.45
PB.6547.6	Protein_PB.6547.6	PIK3R4	PIK3R4	novel_in_catalog	YES	9.9	8.82	37.71
PB.6548.1	Protein_PB.6548.1	ASTE1	ASTE1	novel_not_in_catalog	YES	9.03	12.54	19.04
PB.6549.1	Protein_PB.6549.1	MRPL3	MRPL3	full-splice_match	YES	417.83	437.87	415.1
PB.6554.2	Protein_PB.6554.2	ACAD11	ACAD11	novel_not_in_catalog	YES	12.85	21.1	9.11
PB.6554.4	Protein_PB.6554.4	ACAD11	ACAD11	full-splice_match	YES	111.65	148.4	90.85
PB.6554.5	Protein_PB.6554.5	ACAD11	ACAD11	novel_in_catalog	YES	56.92	73.82	59.02
PB.6554.6	Protein_PB.6554.6	ACAD11	ACAD11	novel_not_in_catalog	YES	140.25	154.24	107.27
PB.6554.9	Protein_PB.6554.9	ACAD11	ACAD11	incomplete-splice_match	YES	32.65	25.1	35.6
PB.6555.3	Protein_PB.6555.3	NPHP3	NPHP3	incomplete-splice_match	YES	40.39	44.56	51.69
PB.6555.4	Protein_PB.6555.4	NPHP3	NPHP3	full-splice_match	YES	34.87	48.78	51.88
PB.6556.4	Protein_PB.6556.4	TOPBP1	TOPBP1	novel_not_in_catalog	YES	64.2	71.18	118.25
PB.6556.6	Protein_PB.6556.6	TOPBP1	TOPBP1	novel_in_catalog	YES	24.68	8.95	77.51
PB.6556.8	Protein_PB.6556.8	TOPBP1	TOPBP1	novel_in_catalog	YES	59.19	45.77	127.08
PB.6556.9	Protein_PB.6556.9	TOPBP1	TOPBP1	full-splice_match	YES	101.98	85.07	146.22
PB.6558.2	Protein_PB.6558.2	SLCO2A1	SLCO2A1	full-splice_match	YES	19.95	12.42	8.5
PB.6560.1	Protein_PB.6560.1	RYK	RYK	full-splice_match	YES	212.44	172.24	205.3
PB.6560.2	Protein_PB.6560.2	RYK	RYK	full-splice_match	YES	128.46	138.63	94.91
PB.6561.1	Protein_PB.6561.1	AMOTL2	AMOTL2	full-splice_match	YES	81.91	51.29	80.39
PB.6561.5	Protein_PB.6561.5	AMOTL2	AMOTL2	novel_not_in_catalog	YES	105.63	75.27	149.83
PB.6563.1		ANAPC13	ANAPC13	full-splice_match	NO	244.59	261.85	272.31
PB.6563.2		ANAPC13	ANAPC13	full-splice_match	NO	244.5	301.27	311.31
PB.6563.3		ANAPC13	ANAPC13	full-splice_match	NO	94.94	61.18	75.6
PB.6564.1	Protein_PB.6564.1	KY	KY	full-splice_match	YES	81.45	95.69	83.14
PB.6567.1	Protein_PB.6567.1	MSL2	MSL2	full-splice_match	YES	144.6	115.09	148.16
PB.6568.1	Protein_PB.6568.1	STAG1	STAG1	novel_not_in_catalog	YES	39.1	30.2	34.27
PB.6568.3	Protein_PB.6568.3	STAG1	STAG1	full-splice_match	YES	282.31	265.19	365.78
PB.6568.5	Protein_PB.6568.5	STAG1	STAG1	novel_not_in_catalog	YES	59.13	40.94	60.69
PB.6568.9	Protein_PB.6568.9	STAG1	STAG1	novel_not_in_catalog	YES	43.44	24.02	60.98
PB.6576.1	Protein_PB.6576.1	DBR1	DBR1	full-splice_match	YES	50.87	56.78	55.48
PB.6579.15	Protein_PB.6579.15	CEP70	CEP70	novel_in_catalog	YES	18.56	33.46	31.48
PB.6579.4	Protein_PB.6579.4	CEP70	CEP70	novel_in_catalog	YES	12.99	17.55	18.63
PB.6580.1	Protein_PB.6580.1	PIK3CB	PIK3CB	full-splice_match	YES	59.39	53.93	67.43
PB.6580.2	Protein_PB.6580.2	PIK3CB	PIK3CB	novel_not_in_catalog	YES	131.6	123.96	127.39
PB.6585.1	Protein_PB.6585.1	COPB2	COPB2	full-splice_match	YES	86.84	64.3	80.26
PB.6585.14	Protein_PB.6585.14	COPB2	COPB2	incomplete-splice_match	YES	176.15	144.04	212.84
PB.6585.3	Protein_PB.6585.3	COPB2	COPB2	novel_not_in_catalog	YES	128.69	186.97	250.28
PB.6585.8	Protein_PB.6585.8	COPB2	COPB2	novel_in_catalog	YES	197.34	189.8	244.9
PB.6589.2	Protein_PB.6589.2	NMNAT3	NMNAT3	full-splice_match	YES	8.85	26.35	2.38
PB.6589.3	Protein_PB.6589.3	NMNAT3	NMNAT3	full-splice_match	YES	97.68	84.26	69.31
PB.6589.4	Protein_PB.6589.4	NMNAT3	NMNAT3	full-splice_match	YES	22.3	27.16	26.42
PB.6589.5	Protein_PB.6589.5	NMNAT3	NMNAT3	novel_in_catalog	YES	20.04	8.11	6.72
PB.6595.1	Protein_PB.6595.1	TFDP2	TFDP2	novel_not_in_catalog	YES	610.57	582.34	465.97
PB.6595.2	Protein_PB.6595.2	TFDP2	TFDP2	full-splice_match	YES	38.23	52.21	32.99
PB.6595.6	Protein_PB.6595.6	TFDP2	TFDP2	full-splice_match	YES	62.72	35.04	22.0
PB.6595.7	Protein_PB.6595.7	TFDP2	TFDP2	full-splice_match	YES	73.08	89.29	66.29
PB.6596.1	Protein_PB.6596.1	GK5	GK5	full-splice_match	YES	87.41	118.8	116.81
PB.6596.3	Protein_PB.6596.3	GK5	GK5	full-splice_match	YES	45.97	60.8	35.31
PB.6597.1	Protein_PB.6597.1	XRN1	XRN1	full-splice_match	YES	63.6	21.33	52.44
PB.6597.2	Protein_PB.6597.2	XRN1	XRN1	full-splice_match	YES	16.0	73.49	1.4
PB.6597.3	Protein_PB.6597.3	XRN1	XRN1	full-splice_match	YES	22.56	90.15	66.06
PB.6597.4	Protein_PB.6597.4	XRN1	XRN1	full-splice_match	YES	45.81	71.26	15.63
PB.6597.5	Protein_PB.6597.5	XRN1	XRN1	full-splice_match	YES	120.24	59.94	153.82
PB.6597.6	Protein_PB.6597.6	XRN1	XRN1	incomplete-splice_match	YES	267.19	260.61	307.94
PB.6598.3	Protein_PB.6598.3	ATR	ATR	full-splice_match	YES	11.56	27.6	11.7
PB.6598.4	Protein_PB.6598.4	ATR	ATR	full-splice_match	YES	53.78	28.78	69.21
PB.6598.5	Protein_PB.6598.5	ATR	ATR	full-splice_match	YES	12.54	26.13	5.64
PB.66.1	Protein_PB.66.1	novelGene_26	novelGene_26	intergenic	YES	24.9	28.92	34.54
PB.6600.1	Protein_PB.6600.1	PCOLCE2	PCOLCE2	full-splice_match	YES	148.54	104.12	146.8
PB.6601.2	Protein_PB.6601.2	PAQR9	PAQR9	full-splice_match	YES	15.07	20.06	8.37
PB.6602.2	Protein_PB.6602.2	SLC9A9	SLC9A9	full-splice_match	YES	17.17	8.44	18.25
PB.6603.1		novelGene_789	novelGene_789	intergenic	NO	195.18	178.26	226.81
PB.6604.2	Protein_PB.6604.2	PLOD2	PLOD2	full-splice_match	YES	66.76	28.73	40.59
PB.6605.4	Protein_PB.6605.4	PLSCR4	PLSCR4	full-splice_match	YES	16.27	11.95	18.26
PB.6605.6	Protein_PB.6605.6	PLSCR4	PLSCR4	full-splice_match	YES	17.1	7.85	3.65
PB.6616.10	Protein_PB.6616.10	HLTF	HLTF	incomplete-splice_match	YES	32.28	26.81	41.31
PB.6616.2	Protein_PB.6616.2	HLTF	HLTF	full-splice_match	YES	31.41	56.79	71.43
PB.6616.6	Protein_PB.6616.6	HLTF	HLTF	full-splice_match	YES	44.89	46.68	49.95
PB.6616.7	Protein_PB.6616.7	HLTF	HLTF	novel_in_catalog	YES	183.47	159.36	135.18
PB.6622.1	Protein_PB.6622.1	TM4SF1	TM4SF1	full-splice_match	YES	229.09	144.53	149.81
PB.6622.4	Protein_PB.6622.4	TM4SF1	TM4SF1	novel_not_in_catalog	YES	203.2	136.08	143.98
PB.6622.5	Protein_PB.6622.5	TM4SF1	TM4SF1	novel_not_in_catalog	YES	13.11	5.59	23.63
PB.6623.1	Protein_PB.6623.1	WWTR1	WWTR1	full-splice_match	YES	351.6	256.12	301.48
PB.6623.2	Protein_PB.6623.2	WWTR1	WWTR1	full-splice_match	YES	71.84	55.24	60.11
PB.6625.1	Protein_PB.6625.1	COMMD2	COMMD2	full-splice_match	YES	44.11	38.43	39.49
PB.6625.2	Protein_PB.6625.2	COMMD2	COMMD2	incomplete-splice_match	YES	35.67	28.16	16.07
PB.6628.1	Protein_PB.6628.1	PFN2	PFN2	full-splice_match	YES	104.95	91.86	128.35
PB.6628.4	Protein_PB.6628.4	PFN2	PFN2	full-splice_match	YES	1369.57	1701.33	1550.68
PB.663.3	Protein_PB.663.3	VGLL3	VGLL3	full-splice_match	YES	54.04	22.78	39.16
PB.663.4	Protein_PB.663.4	VGLL3	VGLL3	full-splice_match	YES	23.4	36.1	55.22
PB.6633.1	Protein_PB.6633.1	SERP1	SERP1	full-splice_match	YES	128.7	123.37	145.23
PB.6635.1	Protein_PB.6635.1	SIAH2	SIAH2	full-splice_match	YES	135.64	143.61	188.14
PB.6639.1	Protein_PB.6639.1	P2RY14	P2RY14	full-splice_match	YES	23.89	20.65	20.08
PB.6646.1	Protein_PB.6646.1	novelGene_MBNL1_AS	novelGene_MBNL1_AS	antisense	YES	102.69	98.13	85.67
PB.6646.2	Protein_PB.6646.2	novelGene_MBNL1_AS	novelGene_MBNL1_AS	antisense	YES	290.73	342.9	119.95
PB.665.1	Protein_PB.665.1	CGGBP1	CGGBP1	full-splice_match	YES	271.11	243.67	241.93
PB.665.2	Protein_PB.665.2	CGGBP1	CGGBP1	full-splice_match	YES	167.11	153.47	127.63
PB.6650.2	Protein_PB.6650.2	DHX36	DHX36	full-splice_match	YES	156.25	140.73	190.45
PB.6653.1	Protein_PB.6653.1	novelGene_LOC113253698_AS	novelGene_LOC113253698_AS	antisense	YES	30.53	46.43	127.73
PB.6653.3		novelGene_LOC113253698_AS	novelGene_LOC113253698_AS	antisense	NO	23.54	39.06	114.92
PB.6653.4		novelGene_LOC113253698_AS	novelGene_LOC113253698_AS	antisense	NO	6.82	11.92	33.49
PB.6653.5		novelGene_LOC113253698_AS	novelGene_LOC113253698_AS	antisense	NO	374.1	496.79	360.67
PB.6653.6		novelGene_801	novelGene_801	intergenic	NO	10063.27	15607.17	7548.05
PB.6655.1	Protein_PB.6655.1	CUNH3orf33	CUNH3orf33	novel_not_in_catalog	YES	47.98	48.96	31.48
PB.6655.2	Protein_PB.6655.2	CUNH3orf33	CUNH3orf33	full-splice_match	YES	18.77	19.83	11.53
PB.6655.4	Protein_PB.6655.4	CUNH3orf33	CUNH3orf33	full-splice_match	YES	16.12	19.41	23.01
PB.6656.1	Protein_PB.6656.1	SLC33A1	SLC33A1	full-splice_match	YES	15.84	21.24	33.53
PB.6656.3	Protein_PB.6656.3	SLC33A1	SLC33A1	full-splice_match	YES	6.52	5.23	17.36
PB.6656.5	Protein_PB.6656.5	SLC33A1	SLC33A1	novel_in_catalog	YES	26.05	18.4	26.56
PB.6656.6	Protein_PB.6656.6	SLC33A1	SLC33A1	novel_not_in_catalog	YES	13.09	32.9	9.57
PB.6658.1	Protein_PB.6658.1	SSR3	SSR3	full-splice_match	YES	411.78	432.74	496.56
PB.6658.2	Protein_PB.6658.2	SSR3	SSR3	novel_in_catalog	YES	146.62	168.93	215.52
PB.6662.20	Protein_PB.6662.20	CCNL1	CCNL1	novel_not_in_catalog	YES	21.6	7.82	25.92
PB.6662.29	Protein_PB.6662.29	CCNL1	CCNL1	novel_not_in_catalog	YES	11.96	13.93	25.69
PB.6662.8	Protein_PB.6662.8	CCNL1	CCNL1	full-splice_match	YES	32.77	31.56	52.23
PB.6663.1	Protein_PB.6663.1	LOC113254111	LOC113254111	novel_not_in_catalog	YES	14.63	20.17	19.75
PB.6665.8	Protein_PB.6665.8	VEPH1	VEPH1	novel_not_in_catalog	YES	218.9	119.3	142.38
PB.6668.1	Protein_PB.6668.1	RARRES1	RARRES1	full-splice_match	YES	27.39	12.14	15.42
PB.667.1	Protein_PB.667.1	PROS1	PROS1	full-splice_match	YES	55.12	12.36	43.29
PB.667.3	Protein_PB.667.3	PROS1	PROS1	novel_not_in_catalog	YES	40.95	39.4	38.21
PB.6677.4	Protein_PB.6677.4	LOC113254133	LOC113254133	novel_in_catalog	YES	5.67	1.91	17.4
PB.6678.2	Protein_PB.6678.2	IFT80	IFT80	full-splice_match	YES	64.14	52.75	39.09
PB.6678.3	Protein_PB.6678.3	IFT80	IFT80	full-splice_match	YES	27.78	34.78	25.32
PB.6681.1	Protein_PB.6681.1	KPNA4	KPNA4	full-splice_match	YES	3743.23	3954.37	4087.76
PB.6681.2	Protein_PB.6681.2	KPNA4	KPNA4	novel_in_catalog	YES	143.85	73.34	89.82
PB.6681.3	Protein_PB.6681.3	KPNA4	KPNA4	full-splice_match	YES	83.44	19.91	208.12
PB.6681.4	Protein_PB.6681.4	KPNA4	KPNA4	novel_not_in_catalog	YES	102.65	173.51	166.54
PB.6681.5	Protein_PB.6681.5	KPNA4	KPNA4	novel_not_in_catalog	YES	125.38	234.17	164.57
PB.6682.1		LOC113254198	LOC113254198	full-splice_match	NO	3652.88	3826.94	5271.13
PB.6686.2	Protein_PB.6686.2	B3GALNT1	B3GALNT1	full-splice_match	YES	12.75	9.62	20.91
PB.6686.23	Protein_PB.6686.23	B3GALNT1	B3GALNT1	full-splice_match	YES	27.12	47.75	26.77
PB.6686.28	Protein_PB.6686.28	B3GALNT1	B3GALNT1	novel_not_in_catalog	YES	17.97	9.42	19.11
PB.6686.5	Protein_PB.6686.5	B3GALNT1	B3GALNT1	full-splice_match	YES	34.91	16.52	11.21
PB.6697.3	Protein_PB.6697.3	COL11A1	COL11A1	full-splice_match	YES	38.94	25.36	27.19
PB.6706.1	Protein_PB.6706.1	DPH5	DPH5	full-splice_match	YES	18.73	26.49	23.76
PB.6706.2	Protein_PB.6706.2	DPH5	DPH5	full-splice_match	YES	186.66	203.1	163.99
PB.6708.3	Protein_PB.6708.3	EXTL2	EXTL2	novel_in_catalog	YES	24.02	11.95	17.3
PB.6708.4	Protein_PB.6708.4	EXTL2	EXTL2	full-splice_match	YES	12.54	31.9	22.43
PB.6708.5	Protein_PB.6708.5	EXTL2	EXTL2	full-splice_match	YES	22.47	12.54	31.14
PB.6709.1	Protein_PB.6709.1	DBT	DBT	full-splice_match	YES	388.21	549.72	206.58
PB.6710.1	Protein_PB.6710.1	LRRC39	LRRC39	full-splice_match	YES	31.71	68.78	27.0
PB.6710.10	Protein_PB.6710.10	LRRC39	LRRC39	novel_not_in_catalog	YES	59.37	63.93	80.06
PB.6710.2	Protein_PB.6710.2	LRRC39	LRRC39	full-splice_match	YES	74.86	202.13	175.4
PB.6710.3	Protein_PB.6710.3	LRRC39	LRRC39	full-splice_match	YES	614.49	783.87	723.0
PB.6710.4	Protein_PB.6710.4	LRRC39	LRRC39	novel_not_in_catalog	YES	233.37	271.18	271.86
PB.6710.5	Protein_PB.6710.5	LRRC39	LRRC39	novel_not_in_catalog	YES	220.09	369.21	255.66
PB.6710.6	Protein_PB.6710.6	LRRC39	LRRC39	novel_not_in_catalog	YES	387.36	427.51	224.47
PB.6710.8	Protein_PB.6710.8	LRRC39	LRRC39	novel_not_in_catalog	YES	58.07	100.71	71.77
PB.6710.9	Protein_PB.6710.9	LRRC39	LRRC39	novel_not_in_catalog	YES	627.47	653.53	517.9
PB.6714.1	Protein_PB.6714.1	FRRS1	FRRS1	full-splice_match	YES	17.82	10.06	8.81
PB.6715.1		novelGene_813	novelGene_813	intergenic	NO	20.99	12.77	9.83
PB.6715.2		novelGene_814	novelGene_814	intergenic	NO	143.11	97.61	91.45
PB.6721.13	Protein_PB.6721.13	CNN3	CNN3	full-splice_match	YES	371.23	236.9	272.6
PB.6725.2	Protein_PB.6725.2	F3	F3	full-splice_match	YES	47.35	43.43	42.94
PB.6729.1	Protein_PB.6729.1	ARHGAP29	ARHGAP29	novel_not_in_catalog	YES	177.14	126.98	182.4
PB.6729.5	Protein_PB.6729.5	ARHGAP29	ARHGAP29	full-splice_match	YES	25.89	6.76	10.53
PB.6729.6	Protein_PB.6729.6	ARHGAP29	ARHGAP29	incomplete-splice_match	YES	23.84	27.55	25.83
PB.6729.7	Protein_PB.6729.7	ARHGAP29	ARHGAP29	incomplete-splice_match	YES	14.17	17.09	21.97
PB.6729.8	Protein_PB.6729.8	ARHGAP29	ARHGAP29	novel_not_in_catalog	YES	148.17	73.94	58.77
PB.6732.1	Protein_PB.6732.1	GCLM	GCLM	full-splice_match	YES	68.04	66.33	61.51
PB.6733.3	Protein_PB.6733.3	DNTTIP2	DNTTIP2	incomplete-splice_match	YES	238.98	256.46	280.29
PB.6733.5	Protein_PB.6733.5	DNTTIP2	DNTTIP2	novel_not_in_catalog	YES	171.46	220.14	189.83
PB.6733.6	Protein_PB.6733.6	LOC113254393_DNTTIP2	LOC113254393_DNTTIP2	fusion	YES	169.49	159.25	186.12
PB.6735.1	Protein_PB.6735.1	BCAR3	BCAR3	full-splice_match	YES	51.34	67.71	41.67
PB.6735.2	Protein_PB.6735.2	BCAR3	BCAR3	full-splice_match	YES	9.81	19.92	16.93
PB.6738.1	Protein_PB.6738.1	TMED5	TMED5	full-splice_match	YES	178.83	186.39	161.25
PB.6738.2	Protein_PB.6738.2	TMED5	TMED5	full-splice_match	YES	56.96	64.5	45.57
PB.6739.2	Protein_PB.6739.2	DIPK1A	DIPK1A	full-splice_match	YES	36.35	27.27	34.24
PB.6740.1	Protein_PB.6740.1	EVI5	EVI5	full-splice_match	YES	33.17	28.97	28.04
PB.6740.2	Protein_PB.6740.2	EVI5	EVI5	full-splice_match	YES	34.64	20.73	42.12
PB.6740.4	Protein_PB.6740.4	EVI5	EVI5	full-splice_match	YES	33.98	25.89	20.94
PB.6742.11	Protein_PB.6742.11	GLMN	GLMN	full-splice_match	YES	15.91	24.9	14.9
PB.6742.12	Protein_PB.6742.12	GLMN	GLMN	novel_not_in_catalog	YES	34.48	19.16	23.55
PB.6743.1	Protein_PB.6743.1	TGFBR3	TGFBR3	full-splice_match	YES	277.23	104.3	267.63
PB.6743.3	Protein_PB.6743.3	TGFBR3	TGFBR3	incomplete-splice_match	YES	123.31	98.75	110.06
PB.6743.6	Protein_PB.6743.6	TGFBR3	TGFBR3	novel_not_in_catalog	YES	27.0	20.68	23.22
PB.6743.7	Protein_PB.6743.7	TGFBR3	TGFBR3	incomplete-splice_match	YES	126.12	114.14	141.55
PB.6749.1	Protein_PB.6749.1	ZNF644	ZNF644	full-splice_match	YES	88.12	73.31	106.74
PB.6749.10	Protein_PB.6749.10	ZNF644	ZNF644	novel_in_catalog	YES	58.68	23.21	65.3
PB.6749.11	Protein_PB.6749.11	ZNF644	ZNF644	full-splice_match	YES	40.85	27.56	24.97
PB.6749.2	Protein_PB.6749.2	ZNF644	ZNF644	full-splice_match	YES	12.36	28.7	14.21
PB.6749.6	Protein_PB.6749.6	ZNF644	ZNF644	novel_in_catalog	YES	112.61	104.05	66.79
PB.6749.7	Protein_PB.6749.7	ZNF644	ZNF644	incomplete-splice_match	YES	44.13	51.04	57.5
PB.6749.8	Protein_PB.6749.8	ZNF644	ZNF644	novel_in_catalog	YES	116.72	140.98	151.49
PB.6758.1	Protein_PB.6758.1	LOC113254437	LOC113254437	full-splice_match	YES	18.72	12.48	23.36
PB.6759.1	Protein_PB.6759.1	LOC113254436	LOC113254436	incomplete-splice_match	YES	17.53	11.28	14.35
PB.6759.3	Protein_PB.6759.3	LOC113254436	LOC113254436	full-splice_match	YES	89.38	61.86	73.08
PB.6761.12	Protein_PB.6761.12	LOC113254434	LOC113254434	novel_not_in_catalog	YES	5.04	3.98	24.57
PB.6761.27	Protein_PB.6761.27	LOC113254434	LOC113254434	full-splice_match	YES	81.22	56.29	48.1
PB.6761.29	Protein_PB.6761.29	LOC113254434	LOC113254434	novel_in_catalog	YES	8.21	5.97	17.51
PB.6761.7	Protein_PB.6761.7	LOC113254434	LOC113254434	novel_not_in_catalog	YES	16.0	9.94	33.21
PB.6764.1	Protein_PB.6764.1	KYAT3	KYAT3	full-splice_match	YES	5.27	17.68	19.42
PB.6764.2	Protein_PB.6764.2	KYAT3	KYAT3	full-splice_match	YES	59.75	54.26	100.86
PB.6764.3	Protein_PB.6764.3	KYAT3	KYAT3	novel_not_in_catalog	YES	14.2	33.91	16.76
PB.6764.5	Protein_PB.6764.5	KYAT3	KYAT3	novel_not_in_catalog	YES	53.09	45.44	28.16
PB.6764.6	Protein_PB.6764.6	KYAT3	KYAT3	full-splice_match	YES	37.99	39.62	33.15
PB.6765.2	Protein_PB.6765.2	GTF2B	GTF2B	full-splice_match	YES	95.38	92.18	105.26
PB.6775.1	Protein_PB.6775.1	SELENOF	SELENOF	full-splice_match	YES	237.34	236.22	219.12
PB.6775.2		SELENOF	SELENOF	novel_in_catalog	NO	18.33	27.19	7.22
PB.6780.1	Protein_PB.6780.1	ZNHIT6	ZNHIT6	full-splice_match	YES	62.54	55.16	80.4
PB.6780.2	Protein_PB.6780.2	ZNHIT6	ZNHIT6	novel_not_in_catalog	YES	25.96	23.48	25.94
PB.6782.1	Protein_PB.6782.1	DDAH1	DDAH1	full-splice_match	YES	8.76	25.51	32.65
PB.6782.2	Protein_PB.6782.2	DDAH1	DDAH1	full-splice_match	YES	175.89	281.35	191.0
PB.6784.1	Protein_PB.6784.1	BCL10	BCL10	full-splice_match	YES	35.41	36.99	45.56
PB.6785.2	Protein_PB.6785.2	CUNH1orf52	CUNH1orf52	novel_not_in_catalog	YES	33.8	49.46	37.28
PB.6785.3	Protein_PB.6785.3	CUNH1orf52	CUNH1orf52	full-splice_match	YES	93.48	82.15	73.23
PB.6786.1	Protein_PB.6786.1	SYDE2	SYDE2	full-splice_match	YES	18.54	7.51	19.11
PB.6786.2	Protein_PB.6786.2	SYDE2	SYDE2	full-splice_match	YES	21.76	19.34	18.41
PB.679.1	Protein_PB.679.1	RIOX2	RIOX2	full-splice_match	YES	158.49	151.89	131.32
PB.6793.1	Protein_PB.6793.1	SSX2IP	SSX2IP	full-splice_match	YES	26.11	15.06	54.27
PB.6793.6	Protein_PB.6793.6	SSX2IP	SSX2IP	novel_not_in_catalog	YES	52.51	46.23	95.96
PB.6795.1		GNG5	GNG5	full-splice_match	NO	169.79	172.76	168.77
PB.6797.2		LOC113254487	LOC113254487	full-splice_match	NO	36.18	42.27	49.54
PB.6798.1	Protein_PB.6798.1	TTLL7	TTLL7	full-splice_match	YES	39.57	45.87	39.28
PB.6798.2	Protein_PB.6798.2	TTLL7	TTLL7	full-splice_match	YES	18.27	12.61	11.94
PB.6798.3	Protein_PB.6798.3	TTLL7	TTLL7	full-splice_match	YES	222.19	175.3	132.9
PB.6798.4	Protein_PB.6798.4	TTLL7	TTLL7	incomplete-splice_match	YES	80.38	65.74	42.97
PB.6798.5	Protein_PB.6798.5	TTLL7	TTLL7	incomplete-splice_match	YES	25.57	23.69	17.14
PB.6804.2	Protein_PB.6804.2	ADGRL4	ADGRL4	incomplete-splice_match	YES	128.05	93.37	64.73
PB.681.2	Protein_PB.681.2	CLDND1	CLDND1	full-splice_match	YES	207.92	190.37	196.43
PB.681.7	Protein_PB.681.7	CLDND1	CLDND1	novel_not_in_catalog	YES	2.9	20.15	11.09
PB.6811.16	Protein_PB.6811.16	FUBP1	FUBP1	novel_in_catalog	YES	93.21	87.08	33.35
PB.6811.20	Protein_PB.6811.20	FUBP1	FUBP1	novel_in_catalog	YES	19.66	33.41	48.73
PB.6811.23	Protein_PB.6811.23	FUBP1	FUBP1	novel_in_catalog	YES	48.45	60.14	22.75
PB.6811.24	Protein_PB.6811.24	FUBP1	FUBP1	novel_in_catalog	YES	130.37	153.37	114.47
PB.6811.32	Protein_PB.6811.32	FUBP1	FUBP1	novel_in_catalog	YES	14.48	12.54	42.38
PB.6811.36	Protein_PB.6811.36	FUBP1	FUBP1	novel_not_in_catalog	YES	25.26	15.91	10.86
PB.6812.2	Protein_PB.6812.2	USP33	USP33	full-splice_match	YES	37.73	30.18	31.56
PB.6812.3	Protein_PB.6812.3	USP33	USP33	full-splice_match	YES	104.82	117.59	72.55
PB.6813.1	Protein_PB.6813.1	ZZZ3	ZZZ3	novel_not_in_catalog	YES	42.98	39.11	25.4
PB.6813.11	Protein_PB.6813.11	ZZZ3	ZZZ3	full-splice_match	YES	4.99	25.12	25.26
PB.6813.15	Protein_PB.6813.15	ZZZ3	ZZZ3	novel_not_in_catalog	YES	14.18	5.32	18.6
PB.6813.16	Protein_PB.6813.16	ZZZ3	ZZZ3	novel_not_in_catalog	YES	58.35	53.85	117.4
PB.6813.19	Protein_PB.6813.19	ZZZ3	ZZZ3	novel_not_in_catalog	YES	62.51	71.08	48.45
PB.6813.5	Protein_PB.6813.5	ZZZ3	ZZZ3	novel_in_catalog	YES	56.85	110.63	22.56
PB.6813.7	Protein_PB.6813.7	ZZZ3	ZZZ3	novel_not_in_catalog	YES	12.16	8.08	41.28
PB.6815.1	Protein_PB.6815.1	PIGK	PIGK	full-splice_match	YES	154.82	165.67	121.04
PB.682.1	Protein_PB.682.1	CPOX	CPOX	full-splice_match	YES	162.84	172.24	139.44
PB.6820.2	Protein_PB.6820.2	SLC44A5	SLC44A5	full-splice_match	YES	34.17	31.34	41.51
PB.6820.4	Protein_PB.6820.4	SLC44A5	SLC44A5	full-splice_match	YES	15.5	56.18	73.98
PB.6822.1	Protein_PB.6822.1	CRYZ	CRYZ	full-splice_match	YES	726.36	743.08	568.65
PB.6829.1	Protein_PB.6829.1	NEGR1	NEGR1	full-splice_match	YES	35.97	28.85	25.94
PB.6830.1	Protein_PB.6830.1	ZRANB2	ZRANB2	full-splice_match	YES	162.86	169.06	173.51
PB.6830.14	Protein_PB.6830.14	ZRANB2	ZRANB2	novel_in_catalog	YES	17.51	13.84	24.3
PB.6830.2	Protein_PB.6830.2	ZRANB2	ZRANB2	full-splice_match	YES	102.3	118.46	124.16
PB.6830.3	Protein_PB.6830.3	ZRANB2	ZRANB2	full-splice_match	YES	19.37	23.03	51.54
PB.6830.4	Protein_PB.6830.4	ZRANB2	ZRANB2	novel_not_in_catalog	YES	8.24	2.28	17.24
PB.6833.2	Protein_PB.6833.2	ANKRD13C	ANKRD13C	novel_not_in_catalog	YES	52.22	60.79	37.04
PB.6833.4	Protein_PB.6833.4	ANKRD13C	ANKRD13C	full-splice_match	YES	38.59	31.83	37.11
PB.6833.5	Protein_PB.6833.5	ANKRD13C	ANKRD13C	full-splice_match	YES	84.72	61.86	56.74
PB.6835.3	Protein_PB.6835.3	LRRC40	LRRC40	novel_not_in_catalog	YES	15.7	26.79	26.11
PB.6835.4	Protein_PB.6835.4	LRRC40	LRRC40	novel_not_in_catalog	YES	27.98	20.23	23.0
PB.684.1	Protein_PB.684.1	DCBLD2	DCBLD2	full-splice_match	YES	43.64	35.92	49.67
PB.6841.2	Protein_PB.6841.2	WLS	WLS	full-splice_match	YES	246.19	273.07	216.77
PB.6844.1		GNG12	GNG12	novel_not_in_catalog	NO	84.99	63.61	78.46
PB.6844.6		GNG12	GNG12	full-splice_match	NO	29.58	0.0	15.37
PB.6845.1	Protein_PB.6845.1	SERBP1	SERBP1	full-splice_match	YES	207.29	217.67	223.11
PB.6845.2	Protein_PB.6845.2	SERBP1	SERBP1	incomplete-splice_match	YES	550.21	579.72	624.98
PB.6845.3	Protein_PB.6845.3	SERBP1_LOC113254553	SERBP1_LOC113254553	full-splice_match	YES	420.62	471.01	450.69
PB.6845.5	Protein_PB.6845.5	SERBP1	SERBP1	full-splice_match	YES	1573.2	1676.38	1573.27
PB.6845.6	Protein_PB.6845.6	SERBP1	SERBP1	full-splice_match	YES	932.43	881.69	1073.98
PB.6845.7		LOC113254553	LOC113254553	full-splice_match	NO	18.23	21.23	24.83
PB.6845.8		LOC113254553	LOC113254553	full-splice_match	NO	41.38	33.41	41.56
PB.6848.1	Protein_PB.6848.1	SLC35D1	SLC35D1	full-splice_match	YES	242.92	268.22	196.42
PB.6857.10	Protein_PB.6857.10	JAK1	JAK1	novel_not_in_catalog	YES	57.24	68.24	70.85
PB.6857.11	Protein_PB.6857.11	JAK1	JAK1	incomplete-splice_match	YES	30.63	25.62	29.95
PB.6857.12	Protein_PB.6857.12	JAK1	JAK1	incomplete-splice_match	YES	50.21	43.72	91.09
PB.6857.14	Protein_PB.6857.14	JAK1	JAK1	incomplete-splice_match	YES	386.88	334.91	395.85
PB.6857.16	Protein_PB.6857.16	JAK1	JAK1	full-splice_match	YES	70.87	48.66	64.43
PB.6857.17	Protein_PB.6857.17	JAK1	JAK1	novel_not_in_catalog	YES	0.0	62.55	0.27
PB.6857.18	Protein_PB.6857.18	JAK1	JAK1	incomplete-splice_match	YES	393.67	368.16	654.14
PB.6857.19	Protein_PB.6857.19	JAK1	JAK1	incomplete-splice_match	YES	31.44	11.3	13.91
PB.6857.2		LOC113254576	LOC113254576	full-splice_match	NO	38.54	35.44	17.11
PB.6857.20	Protein_PB.6857.20	JAK1	JAK1	incomplete-splice_match	YES	72.36	88.07	103.84
PB.6857.3		LOC113254576	LOC113254576	full-splice_match	NO	70.93	90.22	34.68
PB.6857.4	Protein_PB.6857.4	JAK1_LOC113254576	JAK1_LOC113254576	fusion	YES	270.69	196.65	190.38
PB.6857.5	Protein_PB.6857.5	JAK1_LOC113254576	JAK1_LOC113254576	fusion	YES	245.64	187.03	124.12
PB.6857.6		LOC113254576	LOC113254576	incomplete-splice_match	NO	357.8	342.18	155.47
PB.6857.7	Protein_PB.6857.7	JAK1_LOC113254576	JAK1_LOC113254576	fusion	YES	244.04	505.48	279.12
PB.6857.9	Protein_PB.6857.9	LOC113254576	LOC113254576	novel_not_in_catalog	YES	101.58	95.38	32.04
PB.6862.2	Protein_PB.6862.2	DOCK7	DOCK7	full-splice_match	YES	85.28	76.31	89.28
PB.6862.3	Protein_PB.6862.3	DOCK7	DOCK7	full-splice_match	YES	61.53	46.69	62.28
PB.6865.10	Protein_PB.6865.10	TM2D1	TM2D1	full-splice_match	YES	57.47	75.55	25.44
PB.6865.11	Protein_PB.6865.11	TM2D1	TM2D1	full-splice_match	YES	234.0	222.86	238.62
PB.6865.14	Protein_PB.6865.14	TM2D1	TM2D1	novel_not_in_catalog	YES	15.91	38.44	36.75
PB.6865.15	Protein_PB.6865.15	TM2D1	TM2D1	novel_not_in_catalog	YES	14.42	13.39	19.18
PB.6865.6	Protein_PB.6865.6	TM2D1	TM2D1	novel_not_in_catalog	YES	12.6	1.41	19.72
PB.6865.7	Protein_PB.6865.7	TM2D1	TM2D1	novel_in_catalog	YES	26.57	26.77	22.56
PB.6876.1	Protein_PB.6876.1	JUN	JUN	full-splice_match	YES	1258.28	1127.21	1439.65
PB.6877.1	Protein_PB.6877.1	MYSM1	MYSM1	full-splice_match	YES	5.91	3.01	61.98
PB.6877.4	Protein_PB.6877.4	MYSM1	MYSM1	full-splice_match	YES	142.78	123.65	119.01
PB.6877.5	Protein_PB.6877.5	MYSM1	MYSM1	incomplete-splice_match	YES	48.4	52.13	40.31
PB.6877.6	Protein_PB.6877.6	MYSM1	MYSM1	full-splice_match	YES	21.0	13.33	28.09
PB.6879.1	Protein_PB.6879.1	OMA1	OMA1	full-splice_match	YES	16.7	33.92	39.62
PB.6879.5	Protein_PB.6879.5	OMA1	OMA1	full-splice_match	YES	65.52	55.59	25.93
PB.6879.6	Protein_PB.6879.6	OMA1	OMA1	novel_in_catalog	YES	20.73	24.38	11.51
PB.6879.8	Protein_PB.6879.8	OMA1	OMA1	full-splice_match	YES	15.69	21.4	10.54
PB.688.10	Protein_PB.688.10	FILIP1L_LOC113250506	FILIP1L_LOC113250506	fusion	YES	49.54	32.07	30.12
PB.688.11	Protein_PB.688.11	LOC113250506	LOC113250506	full-splice_match	YES	30.09	19.13	20.24
PB.688.12	Protein_PB.688.12	LOC113250506	LOC113250506	full-splice_match	YES	17.16	8.33	18.73
PB.688.14	Protein_PB.688.14	LOC113250506	LOC113250506	full-splice_match	YES	8.04	13.27	20.95
PB.688.16		LOC113250506	LOC113250506	novel_not_in_catalog	NO	22.49	17.71	25.85
PB.688.17		LOC113250506	LOC113250506	novel_not_in_catalog	NO	88.24	56.61	64.06
PB.688.2	Protein_PB.688.2	FILIP1L_LOC113250506	FILIP1L_LOC113250506	fusion	YES	618.03	560.08	356.54
PB.688.3	Protein_PB.688.3	FILIP1L	FILIP1L	full-splice_match	YES	100.41	83.11	68.18
PB.688.6	Protein_PB.688.6	FILIP1L	FILIP1L	novel_not_in_catalog	YES	56.6	0.07	82.35
PB.688.7	Protein_PB.688.7	FILIP1L_LOC113250506	FILIP1L_LOC113250506	fusion	YES	200.42	121.66	253.07
PB.688.8	Protein_PB.688.8	FILIP1L_LOC113250506	FILIP1L_LOC113250506	fusion	YES	412.72	314.3	304.98
PB.688.9	Protein_PB.688.9	FILIP1L_LOC113250506	FILIP1L_LOC113250506	fusion	YES	90.42	69.31	69.53
PB.6884.1	Protein_PB.6884.1	PLPP3	PLPP3	full-splice_match	YES	199.76	125.67	183.92
PB.6884.2	Protein_PB.6884.2	PLPP3	PLPP3	incomplete-splice_match	YES	195.22	149.31	219.43
PB.6887.1	Protein_PB.6887.1	USP24	USP24	full-splice_match	YES	3640.89	3391.17	2997.77
PB.6888.1	Protein_PB.6888.1	DHCR24	DHCR24	full-splice_match	YES	24.75	7.85	5.13
PB.689.1	Protein_PB.689.1	TOMM70	TOMM70	full-splice_match	YES	1107.82	1243.65	975.03
PB.6890.3	Protein_PB.6890.3	PARS2	PARS2	novel_not_in_catalog	YES	13.99	16.6	10.16
PB.6890.4	Protein_PB.6890.4	PARS2	PARS2	full-splice_match	YES	26.55	31.26	31.65
PB.6892.3	Protein_PB.6892.3	SSBP3	SSBP3	full-splice_match	YES	41.59	45.62	41.4
PB.6893.1	Protein_PB.6893.1	LOC113254636	LOC113254636	full-splice_match	YES	13.79	12.38	17.98
PB.6893.2	Protein_PB.6893.2	LOC113254636	LOC113254636	full-splice_match	YES	33.16	37.74	49.84
PB.6893.3	Protein_PB.6893.3	LOC113254636	LOC113254636	full-splice_match	YES	17.7	11.52	7.02
PB.6895.1	Protein_PB.6895.1	TMEM59	TMEM59	full-splice_match	YES	187.28	228.63	240.9
PB.6895.10	Protein_PB.6895.10	TMEM59	TMEM59	incomplete-splice_match	YES	167.85	182.42	143.52
PB.6895.2	Protein_PB.6895.2	TMEM59	TMEM59	full-splice_match	YES	224.86	213.94	235.08
PB.6895.3	Protein_PB.6895.3	TMEM59	TMEM59	full-splice_match	YES	164.47	142.84	345.76
PB.6895.6	Protein_PB.6895.6	TMEM59	TMEM59	incomplete-splice_match	YES	14.66	28.6	11.43
PB.6898.3	Protein_PB.6898.3	HSPB11	HSPB11	full-splice_match	YES	15.99	18.27	12.34
PB.6899.3	Protein_PB.6899.3	YIPF1	YIPF1	full-splice_match	YES	53.95	46.92	47.72
PB.69.1	Protein_PB.69.1	VPS26C	VPS26C	full-splice_match	YES	69.7	70.51	63.47
PB.69.4	Protein_PB.69.4	VPS26C	VPS26C	novel_not_in_catalog	YES	36.69	34.31	30.3
PB.69.9	Protein_PB.69.9	VPS26C	VPS26C	novel_not_in_catalog	YES	61.5	70.79	70.05
PB.6900.1	Protein_PB.6900.1	NDC1	NDC1	full-splice_match	YES	54.67	54.77	52.43
PB.6904.1	Protein_PB.6904.1	MAGOH	MAGOH	full-splice_match	YES	78.9	82.34	75.76
PB.6905.1	Protein_PB.6905.1	CUNH1orf123	CUNH1orf123	full-splice_match	YES	49.14	31.14	65.35
PB.6905.2	Protein_PB.6905.2	CUNH1orf123	CUNH1orf123	full-splice_match	YES	19.49	15.35	28.49
PB.6905.8	Protein_PB.6905.8	CUNH1orf123	CUNH1orf123	full-splice_match	YES	350.59	388.54	460.75
PB.6905.9	Protein_PB.6905.9	CUNH1orf123	CUNH1orf123	novel_in_catalog	YES	10.65	16.24	24.66
PB.6908.5	Protein_PB.6908.5	ECHDC2	ECHDC2	full-splice_match	YES	44.56	85.66	21.15
PB.6908.8	Protein_PB.6908.8	ECHDC2	ECHDC2	novel_in_catalog	YES	60.62	109.06	29.65
PB.6911.1	Protein_PB.6911.1	LOC113254662	LOC113254662	full-splice_match	YES	76.17	76.96	67.91
PB.6913.1	Protein_PB.6913.1	TUT4	TUT4	full-splice_match	YES	46.1	36.95	55.18
PB.6913.10	Protein_PB.6913.10	TUT4	TUT4	full-splice_match	YES	187.67	208.19	283.34
PB.6913.11	Protein_PB.6913.11	TUT4	TUT4	full-splice_match	YES	69.81	63.67	78.02
PB.6913.12	Protein_PB.6913.12	TUT4	TUT4	full-splice_match	YES	65.02	102.14	69.44
PB.6913.13	Protein_PB.6913.13	TUT4	TUT4	full-splice_match	YES	22.97	26.9	47.9
PB.6913.2	Protein_PB.6913.2	TUT4	TUT4	full-splice_match	YES	38.6	24.18	59.79
PB.6913.4	Protein_PB.6913.4	TUT4	TUT4	full-splice_match	YES	25.19	9.17	61.51
PB.6913.5	Protein_PB.6913.5	TUT4	TUT4	full-splice_match	YES	30.3	18.24	41.33
PB.6915.1	Protein_PB.6915.1	CC2D1B	CC2D1B	full-splice_match	YES	120.78	140.5	176.1
PB.6915.2	Protein_PB.6915.2	CC2D1B	CC2D1B	full-splice_match	YES	24.66	17.81	32.38
PB.6915.3	Protein_PB.6915.3	CC2D1B	CC2D1B	full-splice_match	YES	282.12	255.42	331.57
PB.6915.4	Protein_PB.6915.4	CC2D1B	CC2D1B	incomplete-splice_match	YES	385.25	368.11	412.68
PB.6917.3	Protein_PB.6917.3	TXNDC12	TXNDC12	full-splice_match	YES	21.95	22.26	18.75
PB.6917.4	Protein_PB.6917.4	TXNDC12	TXNDC12	novel_in_catalog	YES	14.42	20.53	7.49
PB.6917.6	Protein_PB.6917.6	TXNDC12	TXNDC12	novel_in_catalog	YES	19.66	7.65	14.22
PB.6918.2	Protein_PB.6918.2	KTI12	KTI12	full-splice_match	YES	38.31	35.81	27.4
PB.692.20	Protein_PB.692.20	ABI3BP	ABI3BP	novel_in_catalog	YES	186.9	75.2	131.34
PB.692.23	Protein_PB.692.23	ABI3BP	ABI3BP	novel_in_catalog	YES	36.75	7.04	3.59
PB.692.28	Protein_PB.692.28	ABI3BP	ABI3BP	novel_in_catalog	YES	8.83	10.33	18.9
PB.692.5	Protein_PB.692.5	ABI3BP	ABI3BP	full-splice_match	YES	31.75	23.48	16.76
PB.6920.10	Protein_PB.6920.10	NRDC	NRDC	full-splice_match	YES	80.11	111.93	68.77
PB.6920.16	Protein_PB.6920.16	NRDC	NRDC	incomplete-splice_match	YES	90.75	133.29	162.71
PB.6920.17	Protein_PB.6920.17	NRDC	NRDC	incomplete-splice_match	YES	151.45	97.5	90.54
PB.6920.18	Protein_PB.6920.18	NRDC	NRDC	incomplete-splice_match	YES	233.63	181.81	233.42
PB.6920.20	Protein_PB.6920.20	NRDC	NRDC	incomplete-splice_match	YES	52.91	84.11	97.43
PB.6920.4	Protein_PB.6920.4	NRDC	NRDC	full-splice_match	YES	24.9	25.04	49.16
PB.6920.7	Protein_PB.6920.7	NRDC	NRDC	incomplete-splice_match	YES	203.13	169.26	189.33
PB.6924.1	Protein_PB.6924.1	EPS15	EPS15	novel_not_in_catalog	YES	13.5	13.01	49.94
PB.6924.10	Protein_PB.6924.10	EPS15	EPS15	novel_not_in_catalog	YES	19.27	8.62	23.88
PB.6924.12	Protein_PB.6924.12	EPS15	EPS15	novel_not_in_catalog	YES	3.4	15.04	37.78
PB.6924.13	Protein_PB.6924.13	EPS15	EPS15	novel_not_in_catalog	YES	196.48	226.79	158.28
PB.6924.2	Protein_PB.6924.2	EPS15	EPS15	incomplete-splice_match	YES	41.01	39.3	33.03
PB.6924.3	Protein_PB.6924.3	EPS15	EPS15	novel_not_in_catalog	YES	38.78	29.53	59.35
PB.6924.8	Protein_PB.6924.8	EPS15	EPS15	novel_not_in_catalog	YES	53.32	32.42	15.03
PB.6924.9	Protein_PB.6924.9	EPS15	EPS15	novel_not_in_catalog	YES	194.63	111.32	122.04
PB.6928.1	Protein_PB.6928.1	FAF1	FAF1	novel_not_in_catalog	YES	18.08	4.54	11.36
PB.6928.2	Protein_PB.6928.2	FAF1	FAF1	full-splice_match	YES	438.75	572.73	401.24
PB.6928.4	Protein_PB.6928.4	FAF1	FAF1	full-splice_match	YES	306.95	294.99	253.52
PB.6928.5	Protein_PB.6928.5	FAF1	FAF1	novel_in_catalog	YES	229.44	254.19	231.97
PB.6928.7	Protein_PB.6928.7	FAF1	FAF1	incomplete-splice_match	YES	64.1	62.69	105.48
PB.693.2	Protein_PB.693.2	IMPG2	IMPG2	full-splice_match	YES	37.15	42.75	50.05
PB.6933.1	Protein_PB.6933.1	BEND5	BEND5	full-splice_match	YES	26.15	30.73	33.18
PB.6937.1	Protein_PB.6937.1	STIL	STIL	full-splice_match	YES	16.16	11.45	18.76
PB.694.1	Protein_PB.694.1	SENP7	SENP7	full-splice_match	YES	14.72	11.09	18.83
PB.694.5	Protein_PB.694.5	SENP7	SENP7	novel_in_catalog	YES	60.16	59.17	54.09
PB.694.6	Protein_PB.694.6	SENP7	SENP7	full-splice_match	YES	22.01	29.1	16.47
PB.694.7		SENP7	SENP7	novel_not_in_catalog	NO	24.07	33.17	42.41
PB.6942.15	Protein_PB.6942.15	EFCAB14	EFCAB14	incomplete-splice_match	YES	74.23	57.61	61.45
PB.6942.3	Protein_PB.6942.3	EFCAB14	EFCAB14	full-splice_match	YES	104.53	142.1	139.32
PB.6942.4	Protein_PB.6942.4	EFCAB14	EFCAB14	full-splice_match	YES	62.1	63.53	59.29
PB.6943.1	Protein_PB.6943.1	ATPAF1	ATPAF1	full-splice_match	YES	1592.46	1507.45	1366.15
PB.6944.1	Protein_PB.6944.1	MOB3C	MOB3C	full-splice_match	YES	38.7	18.16	42.26
PB.6944.2	Protein_PB.6944.2	MOB3C	MOB3C	full-splice_match	YES	14.41	33.24	11.62
PB.6945.10	Protein_PB.6945.10	MKNK1	MKNK1	full-splice_match	YES	36.05	37.6	33.06
PB.6945.7	Protein_PB.6945.7	MKNK1	MKNK1	novel_not_in_catalog	YES	15.3	23.65	21.9
PB.6945.9	Protein_PB.6945.9	MKNK1	MKNK1	full-splice_match	YES	6.09	10.5	28.06
PB.6949.1	Protein_PB.6949.1	LRRC41	LRRC41	full-splice_match	YES	85.42	112.6	106.63
PB.6949.4	Protein_PB.6949.4	LRRC41	LRRC41	incomplete-splice_match	YES	124.35	101.8	135.28
PB.695.1	Protein_PB.695.1	ZBTB11	ZBTB11	full-splice_match	YES	185.37	197.22	109.47
PB.695.2	Protein_PB.695.2	ZBTB11	ZBTB11	novel_not_in_catalog	YES	38.14	20.5	64.55
PB.6951.1	Protein_PB.6951.1	POMGNT1	POMGNT1	full-splice_match	YES	485.43	492.46	629.23
PB.6954.1	Protein_PB.6954.1	PIK3R3	PIK3R3	full-splice_match	YES	83.69	95.72	118.12
PB.6956.1	Protein_PB.6956.1	IPP	IPP	full-splice_match	YES	64.55	30.3	68.47
PB.6956.2	Protein_PB.6956.2	IPP	IPP	full-splice_match	YES	32.72	42.21	40.2
PB.6956.3	Protein_PB.6956.3	IPP	IPP	novel_in_catalog	YES	28.35	79.1	30.69
PB.6956.4	Protein_PB.6956.4	IPP	IPP	novel_not_in_catalog	YES	32.52	36.91	28.52
PB.6957.1	Protein_PB.6957.1	GPBP1L1	GPBP1L1	novel_not_in_catalog	YES	37.01	34.52	23.26
PB.6957.11	Protein_PB.6957.11	GPBP1L1	GPBP1L1	novel_not_in_catalog	YES	16.15	5.64	25.26
PB.6957.13	Protein_PB.6957.13	GPBP1L1	GPBP1L1	novel_in_catalog	YES	447.93	477.08	571.03
PB.6957.14	Protein_PB.6957.14	GPBP1L1	GPBP1L1	novel_in_catalog	YES	6.43	6.18	16.75
PB.6957.15	Protein_PB.6957.15	GPBP1L1	GPBP1L1	novel_not_in_catalog	YES	28.46	42.51	11.98
PB.6957.17	Protein_PB.6957.17	GPBP1L1	GPBP1L1	incomplete-splice_match	YES	324.83	348.74	312.85
PB.6957.2	Protein_PB.6957.2	GPBP1L1	GPBP1L1	novel_not_in_catalog	YES	23.27	30.05	18.98
PB.6957.3	Protein_PB.6957.3	GPBP1L1	GPBP1L1	novel_not_in_catalog	YES	133.83	128.8	103.28
PB.6957.4	Protein_PB.6957.4	GPBP1L1	GPBP1L1	novel_in_catalog	YES	23.78	32.49	23.29
PB.6957.6	Protein_PB.6957.6	GPBP1L1	GPBP1L1	novel_in_catalog	YES	36.31	35.76	19.68
PB.6957.7	Protein_PB.6957.7	GPBP1L1	GPBP1L1	novel_not_in_catalog	YES	7.99	3.83	23.17
PB.6959.1	Protein_PB.6959.1	PRDX1	PRDX1	full-splice_match	YES	2264.77	2787.6	1472.87
PB.696.1	Protein_PB.696.1	RPL24	RPL24	full-splice_match	YES	3658.41	3712.85	5224.92
PB.6960.2	Protein_PB.6960.2	CCDC163	CCDC163	full-splice_match	YES	14.64	21.8	22.79
PB.6960.3	Protein_PB.6960.3	CCDC163	CCDC163	full-splice_match	YES	66.21	73.65	29.98
PB.6961.2	Protein_PB.6961.2	TESK2	TESK2	full-splice_match	YES	35.83	25.04	26.47
PB.6964.1	Protein_PB.6964.1	ZSWIM5	ZSWIM5	full-splice_match	YES	22.14	34.0	30.61
PB.6965.1	Protein_PB.6965.1	HECTD3	HECTD3	full-splice_match	YES	28.81	29.38	31.42
PB.6965.4	Protein_PB.6965.4	HECTD3	HECTD3	novel_in_catalog	YES	72.26	68.91	87.32
PB.6965.5	Protein_PB.6965.5	HECTD3	HECTD3	novel_in_catalog	YES	54.35	36.99	81.92
PB.6966.1	Protein_PB.6966.1	EIF2B3	EIF2B3	full-splice_match	YES	104.22	101.2	135.88
PB.6966.2	Protein_PB.6966.2	EIF2B3	EIF2B3	full-splice_match	YES	38.09	44.37	48.22
PB.6975.2	Protein_PB.6975.2	TMEM53	TMEM53	full-splice_match	YES	16.79	33.09	22.9
PB.6978.1	Protein_PB.6978.1	ERI3	ERI3	novel_not_in_catalog	YES	113.48	145.78	97.53
PB.6978.3	Protein_PB.6978.3	ERI3	ERI3	full-splice_match	YES	73.84	69.9	64.07
PB.6978.4	Protein_PB.6978.4	ERI3	ERI3	full-splice_match	YES	11.74	19.84	8.71
PB.6978.7	Protein_PB.6978.7	ERI3	ERI3	full-splice_match	YES	45.95	37.93	34.32
PB.6978.8	Protein_PB.6978.8	ERI3	ERI3	full-splice_match	YES	20.7	31.92	12.03
PB.6985.2	Protein_PB.6985.2	HYI	HYI	full-splice_match	YES	76.19	69.0	43.36
PB.6986.1	Protein_PB.6986.1	MED8	MED8	full-splice_match	YES	201.68	249.34	236.22
PB.6987.3	Protein_PB.6987.3	ELOVL1	ELOVL1	full-splice_match	YES	29.53	21.08	18.96
PB.6990.1	Protein_PB.6990.1	EBNA1BP2	EBNA1BP2	full-splice_match	YES	126.91	138.5	130.2
PB.6997.1		SVBP	SVBP	full-splice_match	NO	29.53	25.03	34.69
PB.6998.2	Protein_PB.6998.2	P3H1	P3H1	full-splice_match	YES	93.48	73.45	59.97
PB.7.2		ND6	ND6	full-splice_match	NO	11754.64	12906.54	9320.63
PB.7003.1	Protein_PB.7003.1	FOXJ3	FOXJ3	full-splice_match	YES	56.86	25.08	27.33
PB.7003.2	Protein_PB.7003.2	FOXJ3	FOXJ3	full-splice_match	YES	254.28	240.64	232.06
PB.7003.3	Protein_PB.7003.3	FOXJ3	FOXJ3	novel_not_in_catalog	YES	13.7	47.88	27.89
PB.7003.7	Protein_PB.7003.7	FOXJ3	FOXJ3	novel_not_in_catalog	YES	13.27	73.7	87.91
PB.7003.8	Protein_PB.7003.8	FOXJ3	FOXJ3	novel_not_in_catalog	YES	38.89	22.92	74.76
PB.7003.9	Protein_PB.7003.9	FOXJ3	FOXJ3	novel_not_in_catalog	YES	32.9	30.37	72.7
PB.7005.2	Protein_PB.7005.2	HIVEP3	HIVEP3	full-splice_match	YES	62.04	55.02	30.76
PB.7005.3	Protein_PB.7005.3	HIVEP3	HIVEP3	full-splice_match	YES	11.21	7.0	17.95
PB.7007.3	Protein_PB.7007.3	SCMH1	SCMH1	full-splice_match	YES	90.52	101.91	101.91
PB.7007.6	Protein_PB.7007.6	SCMH1	SCMH1	full-splice_match	YES	68.61	42.87	86.94
PB.7007.7	Protein_PB.7007.7	SCMH1	SCMH1	full-splice_match	YES	43.59	47.18	36.24
PB.7007.9	Protein_PB.7007.9	SCMH1	SCMH1	full-splice_match	YES	20.86	31.81	19.53
PB.7009.1	Protein_PB.7009.1	CITED4	CITED4	full-splice_match	YES	13.14	19.33	23.87
PB.7010.1		LOC113254827	LOC113254827	full-splice_match	NO	34.14	31.57	54.12
PB.7012.16	Protein_PB.7012.16	RNPC3	RNPC3	full-splice_match	YES	29.65	33.03	33.53
PB.7014.1	Protein_PB.7014.1	S1PR1	S1PR1	full-splice_match	YES	139.31	94.87	58.02
PB.7014.3	Protein_PB.7014.3	S1PR1	S1PR1	novel_not_in_catalog	YES	77.15	60.5	70.76
PB.7016.2	Protein_PB.7016.2	SLC30A7	SLC30A7	novel_not_in_catalog	YES	13.55	12.74	23.42
PB.7016.3	Protein_PB.7016.3	SLC30A7	SLC30A7	full-splice_match	YES	30.36	27.41	36.27
PB.7018.1	Protein_PB.7018.1	VCAM1	VCAM1	full-splice_match	YES	102.94	63.46	87.9
PB.7022.7	Protein_PB.7022.7	CDC14A	CDC14A	full-splice_match	YES	23.95	22.55	35.55
PB.7023.1	Protein_PB.7023.1	RTCA	RTCA	full-splice_match	YES	14.2	24.15	29.83
PB.7023.7	Protein_PB.7023.7	RTCA	RTCA	full-splice_match	YES	46.31	49.98	22.58
PB.7023.8	Protein_PB.7023.8	RTCA	RTCA	full-splice_match	YES	157.98	183.61	130.7
PB.7027.9	Protein_PB.7027.9	TRMT13	TRMT13	full-splice_match	YES	20.46	9.14	6.43
PB.7028.5	Protein_PB.7028.5	MFSD14A	MFSD14A	full-splice_match	YES	77.37	63.06	58.94
PB.7028.8	Protein_PB.7028.8	MFSD14A	MFSD14A	novel_not_in_catalog	YES	30.5	27.26	10.28
PB.7029.4	Protein_PB.7029.4	SLC35A3	SLC35A3	full-splice_match	YES	35.17	39.49	37.11
PB.7030.1	Protein_PB.7030.1	AGL	AGL	novel_not_in_catalog	YES	70.01	187.98	319.04
PB.7030.11	Protein_PB.7030.11	AGL	AGL	incomplete-splice_match	YES	2106.6	1896.27	1042.17
PB.7030.2	Protein_PB.7030.2	AGL	AGL	novel_not_in_catalog	YES	419.03	297.83	295.33
PB.7030.3	Protein_PB.7030.3	AGL	AGL	novel_in_catalog	YES	257.92	108.12	183.3
PB.7030.5	Protein_PB.7030.5	AGL	AGL	novel_not_in_catalog	YES	191.44	220.53	189.27
PB.7030.6	Protein_PB.7030.6	AGL	AGL	novel_not_in_catalog	YES	2851.14	2579.1	2249.55
PB.7030.7	Protein_PB.7030.7	AGL	AGL	novel_not_in_catalog	YES	957.09	1001.76	583.91
PB.7030.8	Protein_PB.7030.8	AGL	AGL	full-splice_match	YES	1192.75	895.66	258.91
PB.7030.9	Protein_PB.7030.9	AGL	AGL	novel_not_in_catalog	YES	4449.78	3908.6	3011.33
PB.7031.1	Protein_PB.7031.1	PALMD	PALMD	novel_not_in_catalog	YES	232.91	219.96	195.04
PB.7031.2	Protein_PB.7031.2	PALMD	PALMD	full-splice_match	YES	86.07	68.14	66.95
PB.7031.3	Protein_PB.7031.3	PALMD	PALMD	novel_in_catalog	YES	167.79	105.78	165.69
PB.7035.4	Protein_PB.7035.4	SNX7	SNX7	full-splice_match	YES	41.28	24.37	30.71
PB.7039.1	Protein_PB.7039.1	PTBP2	PTBP2	full-splice_match	YES	6.16	20.51	18.95
PB.7039.2	Protein_PB.7039.2	PTBP2	PTBP2	full-splice_match	YES	3.71	37.48	7.64
PB.7039.3	Protein_PB.7039.3	PTBP2	PTBP2	full-splice_match	YES	47.71	29.53	43.95
PB.7039.4	Protein_PB.7039.4	PTBP2	PTBP2	novel_in_catalog	YES	28.37	7.66	20.25
PB.7039.6	Protein_PB.7039.6	PTBP2	PTBP2	full-splice_match	YES	18.75	0.0	4.41
PB.7041.13	Protein_PB.7041.13	RWDD3	RWDD3	full-splice_match	YES	27.15	22.74	14.55
PB.7042.1	Protein_PB.7042.1	LOC113254378	LOC113254378	full-splice_match	YES	300.27	278.77	367.53
PB.7042.12		LOC113254378	LOC113254378	novel_not_in_catalog	NO	23.2	30.37	22.63
PB.7042.2	Protein_PB.7042.2	LOC113254378	LOC113254378	novel_not_in_catalog	YES	78.13	102.37	170.85
PB.7042.3	Protein_PB.7042.3	LOC113254378	LOC113254378	full-splice_match	YES	109.0	91.08	86.63
PB.7042.6	Protein_PB.7042.6	LOC113254378	LOC113254378	novel_not_in_catalog	YES	13.36	10.91	19.49
PB.7042.7	Protein_PB.7042.7	LOC113254378	LOC113254378	novel_in_catalog	YES	15.82	21.58	51.1
PB.7049.1	Protein_PB.7049.1	ABCD3	ABCD3	novel_not_in_catalog	YES	146.8	197.0	84.54
PB.7049.14	Protein_PB.7049.14	ABCD3	ABCD3	novel_not_in_catalog	YES	92.42	108.99	76.23
PB.7051.13	Protein_PB.7051.13	FNBP1L	FNBP1L	novel_not_in_catalog	YES	17.56	3.44	8.84
PB.7051.2	Protein_PB.7051.2	FNBP1L	FNBP1L	full-splice_match	YES	24.62	27.86	18.94
PB.7051.3	Protein_PB.7051.3	FNBP1L	FNBP1L	full-splice_match	YES	85.7	74.72	81.02
PB.7052.1	Protein_PB.7052.1	DR1	DR1	full-splice_match	YES	87.94	91.78	97.19
PB.7052.2	Protein_PB.7052.2	DR1	DR1	novel_in_catalog	YES	73.31	83.49	83.82
PB.7053.5	Protein_PB.7053.5	CCDC18	CCDC18	full-splice_match	YES	19.76	16.69	21.69
PB.7054.1	Protein_PB.7054.1	MTF2	MTF2	full-splice_match	YES	33.01	51.07	39.52
PB.7054.2	Protein_PB.7054.2	MTF2	MTF2	full-splice_match	YES	38.25	27.21	40.65
PB.7054.3	Protein_PB.7054.3	MTF2	MTF2	full-splice_match	YES	45.34	47.53	45.96
PB.7058.1	Protein_PB.7058.1	RPL5	RPL5	incomplete-splice_match	YES	54.9	47.46	63.64
PB.7058.2	Protein_PB.7058.2	RPL5	RPL5	novel_in_catalog	YES	2633.28	2615.61	3318.18
PB.7058.3	Protein_PB.7058.3	RPL5	RPL5	novel_in_catalog	YES	54.26	41.5	33.8
PB.7058.4	Protein_PB.7058.4	RPL5	RPL5	full-splice_match	YES	3024.73	3120.34	3376.3
PB.7058.6	Protein_PB.7058.6	RPL5	RPL5	incomplete-splice_match	YES	105.49	87.22	41.0
PB.7058.7	Protein_PB.7058.7	RPL5	RPL5	incomplete-splice_match	YES	2012.48	1971.6	2037.32
PB.706.2	Protein_PB.706.2	CBLB	CBLB	full-splice_match	YES	29.61	9.8	33.21
PB.7061.3	Protein_PB.7061.3	RPAP2	RPAP2	novel_not_in_catalog	YES	36.62	31.45	37.09
PB.7061.5	Protein_PB.7061.5	RPAP2	RPAP2	novel_in_catalog	YES	61.75	59.09	119.91
PB.7061.6	Protein_PB.7061.6	RPAP2	RPAP2	novel_not_in_catalog	YES	85.63	86.32	143.78
PB.7063.2	Protein_PB.7063.2	KIAA1107	KIAA1107	full-splice_match	YES	193.24	265.86	216.93
PB.7063.3	Protein_PB.7063.3	KIAA1107	KIAA1107	incomplete-splice_match	YES	16.2	21.26	22.63
PB.7065.1	Protein_PB.7065.1	EPHX4	EPHX4	full-splice_match	YES	19.63	44.82	52.84
PB.7072.1		LOC113254425	LOC113254425	full-splice_match	NO	15.53	13.1	20.59
PB.7075.2	Protein_PB.7075.2	LRRC8D	LRRC8D	full-splice_match	YES	32.64	22.32	39.84
PB.7077.3	Protein_PB.7077.3	LRRC8C	LRRC8C	full-splice_match	YES	41.51	40.24	66.27
PB.7078.3	Protein_PB.7078.3	LRRC8B	LRRC8B	full-splice_match	YES	60.31	69.33	72.82
PB.7082.1	Protein_PB.7082.1	PKN2	PKN2	full-splice_match	YES	117.88	107.77	114.3
PB.7082.2	Protein_PB.7082.2	PKN2	PKN2	novel_in_catalog	YES	7.16	18.62	23.42
PB.7082.3	Protein_PB.7082.3	PKN2	PKN2	incomplete-splice_match	YES	67.91	61.81	73.06
PB.7084.1	Protein_PB.7084.1	LMO4	LMO4	full-splice_match	YES	30.19	47.25	49.15
PB.7084.2	Protein_PB.7084.2	LMO4	LMO4	full-splice_match	YES	73.04	73.25	81.69
PB.7086.1	Protein_PB.7086.1	HS2ST1	HS2ST1	full-splice_match	YES	55.42	41.97	54.17
PB.7088.10	Protein_PB.7088.10	SH3GLB1	SH3GLB1	novel_not_in_catalog	YES	60.9	68.23	82.91
PB.7088.11	Protein_PB.7088.11	SH3GLB1	SH3GLB1	novel_in_catalog	YES	640.48	822.22	780.19
PB.7088.12	Protein_PB.7088.12	SH3GLB1	SH3GLB1	novel_in_catalog	YES	16.76	5.51	9.16
PB.7088.14	Protein_PB.7088.14	SH3GLB1	SH3GLB1	incomplete-splice_match	YES	31.53	36.97	28.05
PB.7088.4	Protein_PB.7088.4	SH3GLB1	SH3GLB1	full-splice_match	YES	292.35	289.26	316.01
PB.7088.5	Protein_PB.7088.5	SH3GLB1	SH3GLB1	novel_not_in_catalog	YES	776.81	1000.28	881.78
PB.7088.9	Protein_PB.7088.9	SH3GLB1	SH3GLB1	novel_in_catalog	YES	174.72	152.26	167.84
PB.7095.7	Protein_PB.7095.7	CYR61	CYR61	full-splice_match	YES	162.85	226.74	313.91
PB.71.4	Protein_PB.71.4	PIGP	PIGP	full-splice_match	YES	59.88	55.67	57.13
PB.7100.3	Protein_PB.7100.3	RPF1	RPF1	full-splice_match	YES	216.4	237.35	163.43
PB.7103.1	Protein_PB.7103.1	PRKACB	PRKACB	full-splice_match	YES	20.65	5.4	22.44
PB.7103.2	Protein_PB.7103.2	PRKACB	PRKACB	full-splice_match	YES	87.57	88.28	69.35
PB.7107.14	Protein_PB.7107.14	ADGRL2	ADGRL2	full-splice_match	YES	39.16	26.95	9.49
PB.7107.16	Protein_PB.7107.16	ADGRL2	ADGRL2	full-splice_match	YES	8.43	6.95	27.88
PB.7107.6	Protein_PB.7107.6	ADGRL2	ADGRL2	full-splice_match	YES	20.61	26.34	21.9
PB.7107.9	Protein_PB.7107.9	ADGRL2	ADGRL2	novel_in_catalog	YES	113.11	120.7	75.86
PB.7114.2	Protein_PB.7114.2	IFI44	IFI44	novel_not_in_catalog	YES	200.41	183.49	149.79
PB.7114.4	Protein_PB.7114.4	IFI44	IFI44	novel_not_in_catalog	YES	113.3	124.76	93.92
PB.7114.5	Protein_PB.7114.5	IFI44	IFI44	novel_in_catalog	YES	24.6	11.36	17.88
PB.7114.8	Protein_PB.7114.8	IFI44	IFI44	full-splice_match	YES	16.58	18.32	4.91
PB.7114.9	Protein_PB.7114.9	IFI44	IFI44	incomplete-splice_match	YES	154.05	144.72	132.81
PB.7115.11	Protein_PB.7115.11	IFI44L	IFI44L	novel_not_in_catalog	YES	31.41	29.02	33.3
PB.7115.14	Protein_PB.7115.14	IFI44L	IFI44L	novel_not_in_catalog	YES	35.7	58.82	62.2
PB.7115.16	Protein_PB.7115.16	IFI44L	IFI44L	novel_not_in_catalog	YES	82.79	81.19	39.49
PB.7115.18	Protein_PB.7115.18	IFI44L	IFI44L	novel_not_in_catalog	YES	31.43	7.83	13.46
PB.7115.2	Protein_PB.7115.2	IFI44L	IFI44L	novel_in_catalog	YES	53.74	61.07	52.96
PB.7115.4	Protein_PB.7115.4	IFI44L	IFI44L	novel_in_catalog	YES	29.1	15.42	16.11
PB.7115.6	Protein_PB.7115.6	IFI44L	IFI44L	novel_not_in_catalog	YES	31.06	15.22	0.0
PB.7115.7	Protein_PB.7115.7	IFI44L	IFI44L	full-splice_match	YES	50.06	65.56	38.01
PB.7115.8	Protein_PB.7115.8	IFI44L	IFI44L	novel_not_in_catalog	YES	16.05	16.22	19.84
PB.7116.1	Protein_PB.7116.1	PTGFR	PTGFR	full-splice_match	YES	32.87	19.92	26.15
PB.7118.1	Protein_PB.7118.1	DNAJB4	DNAJB4	full-splice_match	YES	913.24	1223.85	547.34
PB.7118.4	Protein_PB.7118.4	DNAJB4	DNAJB4	novel_not_in_catalog	YES	28.37	62.24	100.12
PB.7118.5	Protein_PB.7118.5	DNAJB4	DNAJB4	full-splice_match	YES	19.09	19.47	14.09
PB.7118.6	Protein_PB.7118.6	DNAJB4	DNAJB4	novel_not_in_catalog	YES	22.09	5.57	0.0
PB.7118.7		DNAJB4	DNAJB4	novel_not_in_catalog	NO	8.9	7.69	18.37
PB.7119.10	Protein_PB.7119.10	NEXN	NEXN	novel_not_in_catalog	YES	376.17	401.09	339.99
PB.7119.13	Protein_PB.7119.13	NEXN	NEXN	novel_not_in_catalog	YES	22.71	8.26	44.95
PB.7119.14	Protein_PB.7119.14	NEXN	NEXN	novel_not_in_catalog	YES	564.66	464.48	407.12
PB.7119.16	Protein_PB.7119.16	NEXN	NEXN	full-splice_match	YES	279.18	259.35	329.93
PB.7119.17	Protein_PB.7119.17	NEXN	NEXN	novel_not_in_catalog	YES	249.43	286.8	114.25
PB.7119.19	Protein_PB.7119.19	NEXN	NEXN	novel_not_in_catalog	YES	148.73	162.91	140.57
PB.7119.22	Protein_PB.7119.22	NEXN	NEXN	novel_not_in_catalog	YES	40.28	33.03	54.65
PB.7119.4	Protein_PB.7119.4	NEXN	NEXN	novel_not_in_catalog	YES	644.57	684.75	540.67
PB.7119.9	Protein_PB.7119.9	NEXN	NEXN	novel_not_in_catalog	YES	20.49	20.53	151.01
PB.7120.3	Protein_PB.7120.3	MIGA1	MIGA1	full-splice_match	YES	149.15	222.35	183.75
PB.7120.4	Protein_PB.7120.4	MIGA1	MIGA1	full-splice_match	YES	12.02	3.93	19.59
PB.713.1	Protein_PB.713.1	CD47	CD47	full-splice_match	YES	21.13	13.94	17.29
PB.713.10	Protein_PB.713.10	CD47	CD47	novel_not_in_catalog	YES	18.61	19.03	15.0
PB.713.2	Protein_PB.713.2	CD47	CD47	full-splice_match	YES	97.36	68.38	109.81
PB.713.4	Protein_PB.713.4	CD47	CD47	full-splice_match	YES	43.19	43.7	37.85
PB.713.5	Protein_PB.713.5	CD47	CD47	full-splice_match	YES	20.16	24.4	5.12
PB.713.7	Protein_PB.713.7	CD47	CD47	novel_in_catalog	YES	17.2	9.12	13.3
PB.7131.4	Protein_PB.7131.4	RABGGTB	RABGGTB	full-splice_match	YES	697.28	705.27	812.95
PB.7131.7	Protein_PB.7131.7	RABGGTB	RABGGTB	novel_not_in_catalog	YES	28.39	11.72	32.21
PB.7131.8	Protein_PB.7131.8	RABGGTB	RABGGTB	novel_not_in_catalog	YES	53.55	59.93	95.02
PB.7133.2	Protein_PB.7133.2	ACADM	ACADM	full-splice_match	YES	3664.81	4751.05	4294.89
PB.7133.3	Protein_PB.7133.3	ACADM	ACADM	novel_not_in_catalog	YES	28.52	44.72	83.95
PB.7133.4	Protein_PB.7133.4	ACADM	ACADM	novel_not_in_catalog	YES	2673.3	3304.3	3151.0
PB.7139.1	Protein_PB.7139.1	TYW3	TYW3	novel_in_catalog	YES	36.52	35.08	34.41
PB.7139.2	Protein_PB.7139.2	TYW3	TYW3	full-splice_match	YES	72.57	69.31	49.71
PB.714.2	Protein_PB.714.2	IFT57	IFT57	full-splice_match	YES	26.63	18.73	22.29
PB.7142.3	Protein_PB.7142.3	FPGT	FPGT	novel_in_catalog	YES	19.32	26.44	16.01
PB.715.1	Protein_PB.715.1	MYH15	MYH15	full-splice_match	YES	17.12	21.06	8.94
PB.7150.1	Protein_PB.7150.1	SRSF11	SRSF11	novel_not_in_catalog	YES	19.72	34.24	28.14
PB.7150.10	Protein_PB.7150.10	SRSF11	SRSF11	full-splice_match	YES	26.38	31.34	24.52
PB.7150.11	Protein_PB.7150.11	SRSF11	SRSF11	full-splice_match	YES	58.18	43.02	64.51
PB.7150.12	Protein_PB.7150.12	SRSF11	SRSF11	novel_not_in_catalog	YES	27.46	21.92	28.25
PB.7150.6	Protein_PB.7150.6	SRSF11	SRSF11	full-splice_match	YES	142.0	129.56	172.89
PB.7150.7	Protein_PB.7150.7	SRSF11	SRSF11	full-splice_match	YES	42.76	52.09	46.54
PB.7151.2	Protein_PB.7151.2	LRRC7	LRRC7	full-splice_match	YES	27.41	21.26	25.56
PB.7156.2	Protein_PB.7156.2	GADD45A	GADD45A	full-splice_match	YES	54.98	26.94	57.78
PB.7161.16	Protein_PB.7161.16	MIER1	MIER1	incomplete-splice_match	YES	53.8	53.25	48.91
PB.7161.19	Protein_PB.7161.19	MIER1	MIER1	novel_in_catalog	YES	35.31	17.81	20.08
PB.7165.1	Protein_PB.7165.1	PDE4B	PDE4B	full-splice_match	YES	75.51	89.24	50.83
PB.7165.2	Protein_PB.7165.2	PDE4B	PDE4B	novel_not_in_catalog	YES	50.26	63.03	52.7
PB.7165.3	Protein_PB.7165.3	PDE4B	PDE4B	novel_not_in_catalog	YES	40.15	50.54	40.46
PB.7165.5	Protein_PB.7165.5	PDE4B	PDE4B	novel_not_in_catalog	YES	286.53	249.44	192.74
PB.7165.6	Protein_PB.7165.6	PDE4B	PDE4B	novel_not_in_catalog	YES	12.37	14.95	20.29
PB.7166.13	Protein_PB.7166.13	LEPR	LEPR	novel_in_catalog	YES	105.86	48.01	86.86
PB.7167.1	Protein_PB.7167.1	LEPROT	LEPROT	full-splice_match	YES	45.19	29.86	25.99
PB.7167.4	Protein_PB.7167.4	LEPROT	LEPROT	novel_not_in_catalog	YES	31.89	36.99	11.22
PB.7167.5	Protein_PB.7167.5	LEPROT	LEPROT	novel_not_in_catalog	YES	14.52	12.97	26.76
PB.7167.7	Protein_PB.7167.7	LEPROT	LEPROT	novel_not_in_catalog	YES	42.14	31.72	88.86
PB.7167.8	Protein_PB.7167.8	LEPROT	LEPROT	novel_not_in_catalog	YES	42.14	13.64	33.0
PB.7170.11	Protein_PB.7170.11	AK4	AK4	full-splice_match	YES	20.3	19.41	16.29
PB.7170.2	Protein_PB.7170.2	AK4	AK4	novel_not_in_catalog	YES	95.71	63.18	52.66
PB.7170.3	Protein_PB.7170.3	AK4	AK4	novel_not_in_catalog	YES	74.39	31.31	41.63
PB.7170.4	Protein_PB.7170.4	AK4	AK4	novel_not_in_catalog	YES	41.58	3.88	30.08
PB.7175.1	Protein_PB.7175.1	RAVER2	RAVER2	full-splice_match	YES	165.18	123.48	212.02
PB.7176.1	Protein_PB.7176.1	CACHD1	CACHD1	full-splice_match	YES	20.3	3.31	12.01
PB.7176.2	Protein_PB.7176.2	CACHD1	CACHD1	full-splice_match	YES	18.21	29.41	18.61
PB.7179.1	Protein_PB.7179.1	ROR1	ROR1	full-splice_match	YES	18.98	11.44	21.5
PB.7180.10	Protein_PB.7180.10	PGM1	PGM1	novel_not_in_catalog	YES	275.95	149.5	201.0
PB.7180.11	Protein_PB.7180.11	PGM1	PGM1	novel_not_in_catalog	YES	195.12	95.48	65.06
PB.7180.13	Protein_PB.7180.13	PGM1	PGM1	novel_not_in_catalog	YES	42.41	19.91	18.52
PB.7180.2	Protein_PB.7180.2	PGM1	PGM1	novel_not_in_catalog	YES	95.25	52.48	98.6
PB.7180.4	Protein_PB.7180.4	PGM1	PGM1	full-splice_match	YES	1655.17	930.16	1165.84
PB.7180.6	Protein_PB.7180.6	PGM1	PGM1	full-splice_match	YES	6089.36	5476.35	3615.09
PB.7180.8	Protein_PB.7180.8	PGM1	PGM1	novel_not_in_catalog	YES	265.33	150.52	178.12
PB.7180.9	Protein_PB.7180.9	PGM1	PGM1	novel_not_in_catalog	YES	12.35	34.9	24.83
PB.7182.1	Protein_PB.7182.1	EFCAB7	EFCAB7	full-splice_match	YES	41.77	39.47	31.28
PB.7183.1	Protein_PB.7183.1	ALG6	ALG6	novel_not_in_catalog	YES	13.08	10.76	26.98
PB.7183.2	Protein_PB.7183.2	ALG6	ALG6	full-splice_match	YES	25.79	32.99	27.52
PB.7183.4	Protein_PB.7183.4	ALG6	ALG6	full-splice_match	YES	18.35	19.96	12.86
PB.7186.1	Protein_PB.7186.1	ATG4C	ATG4C	full-splice_match	YES	22.96	22.67	12.62
PB.7189.1	Protein_PB.7189.1	USP1	USP1	full-splice_match	YES	152.26	147.99	151.17
PB.7192.1	Protein_PB.7192.1	PATJ	PATJ	full-splice_match	YES	25.55	41.75	76.6
PB.7192.4	Protein_PB.7192.4	PATJ	PATJ	novel_not_in_catalog	YES	11.23	19.06	24.39
PB.7192.5	Protein_PB.7192.5	PATJ	PATJ	full-splice_match	YES	210.88	143.68	153.17
PB.7192.6	Protein_PB.7192.6	PATJ	PATJ	incomplete-splice_match	YES	61.15	58.96	79.78
PB.7194.2	Protein_PB.7194.2	NFIA	NFIA	full-splice_match	YES	261.54	251.56	305.83
PB.7194.3	Protein_PB.7194.3	NFIA	NFIA	full-splice_match	YES	136.15	118.9	134.04
PB.7194.8	Protein_PB.7194.8	NFIA	NFIA	incomplete-splice_match	YES	29.56	19.06	24.68
PB.7197.1	Protein_PB.7197.1	HOOK1	HOOK1	full-splice_match	YES	16.02	14.36	24.28
PB.72.2	Protein_PB.72.2	HLCS	HLCS	full-splice_match	YES	247.18	291.09	292.66
PB.7200.1	Protein_PB.7200.1	FGGY	FGGY	full-splice_match	YES	11.66	8.95	19.13
PB.7200.10	Protein_PB.7200.10	FGGY	FGGY	novel_in_catalog	YES	172.87	245.03	259.95
PB.7200.11	Protein_PB.7200.11	FGGY	FGGY	novel_in_catalog	YES	10.11	10.03	20.44
PB.7200.12	Protein_PB.7200.12	FGGY	FGGY	novel_in_catalog	YES	43.25	50.17	13.23
PB.7200.13	Protein_PB.7200.13	FGGY	FGGY	novel_in_catalog	YES	20.04	1.62	29.11
PB.7200.15	Protein_PB.7200.15	FGGY	FGGY	novel_in_catalog	YES	33.84	41.35	41.51
PB.7200.5	Protein_PB.7200.5	FGGY	FGGY	novel_in_catalog	YES	7.97	8.95	24.23
PB.7202.1		LOC113254610	LOC113254610	novel_not_in_catalog	NO	71.53	72.83	44.8
PB.7208.1	Protein_PB.7208.1	PRKAA2	PRKAA2	full-splice_match	YES	2662.62	2921.18	3073.28
PB.7208.2	Protein_PB.7208.2	PRKAA2	PRKAA2	full-splice_match	YES	157.48	161.1	175.93
PB.7214.1	Protein_PB.7214.1	TTC4	TTC4	full-splice_match	YES	228.56	246.84	220.81
PB.7214.3	Protein_PB.7214.3	TTC4	TTC4	novel_in_catalog	YES	4.46	12.67	18.4
PB.7216.1	Protein_PB.7216.1	ACOT11	ACOT11	full-splice_match	YES	292.54	433.79	155.82
PB.7216.2	Protein_PB.7216.2	ACOT11	ACOT11	full-splice_match	YES	279.8	527.76	84.66
PB.7217.1	Protein_PB.7217.1	MRPL37	MRPL37	full-splice_match	YES	487.77	521.82	384.31
PB.7217.2	Protein_PB.7217.2	MRPL37	MRPL37	incomplete-splice_match	YES	265.17	336.71	192.02
PB.7218.1	Protein_PB.7218.1	TCEANC2	TCEANC2	full-splice_match	YES	16.53	26.76	22.75
PB.7219.2	Protein_PB.7219.2	LRRC42	LRRC42	full-splice_match	YES	64.16	64.33	58.19
PB.7223.1	Protein_PB.7223.1	CPT2	CPT2	full-splice_match	YES	462.77	737.23	469.32
PB.7223.2	Protein_PB.7223.2	CPT2	CPT2	novel_not_in_catalog	YES	9.56	32.56	5.19
PB.7225.4	Protein_PB.7225.4	PODN	PODN	full-splice_match	YES	322.35	214.86	161.14
PB.7225.5	Protein_PB.7225.5	PODN	PODN	full-splice_match	YES	13.69	11.6	31.75
PB.7226.1	Protein_PB.7226.1	SCP2	SCP2	novel_not_in_catalog	YES	187.02	284.1	12.7
PB.7226.10	Protein_PB.7226.10	SCP2	SCP2	novel_not_in_catalog	YES	1248.61	1770.28	1106.65
PB.7226.2	Protein_PB.7226.2	SCP2	SCP2	novel_not_in_catalog	YES	568.82	976.36	536.48
PB.7226.7	Protein_PB.7226.7	SCP2	SCP2	novel_in_catalog	YES	10.68	24.36	17.08
PB.7226.8	Protein_PB.7226.8	SCP2	SCP2	full-splice_match	YES	469.85	560.94	349.39
PB.7228.1	Protein_PB.7228.1	ZYG11B	ZYG11B	full-splice_match	YES	3152.0	3203.58	2217.03
PB.7231.1	Protein_PB.7231.1	GPX7	GPX7	full-splice_match	YES	27.61	15.23	20.32
PB.7233.1	Protein_PB.7233.1	PRPF38A	PRPF38A	full-splice_match	YES	15.66	16.54	16.74
PB.7233.3	Protein_PB.7233.3	PRPF38A	PRPF38A	novel_in_catalog	YES	44.54	60.39	89.32
PB.7233.4	Protein_PB.7233.4	PRPF38A	PRPF38A	novel_in_catalog	YES	47.29	40.63	49.15
PB.7233.5	Protein_PB.7233.5	PRPF38A	PRPF38A	novel_not_in_catalog	YES	73.56	88.34	83.38
PB.7235.1		novelGene_871	novelGene_871	intergenic	NO	81.23	88.76	108.46
PB.7236.1	Protein_PB.7236.1	ZFYVE9	ZFYVE9	full-splice_match	YES	206.99	218.51	202.79
PB.7236.3	Protein_PB.7236.3	ZFYVE9	ZFYVE9	novel_in_catalog	YES	142.38	156.06	158.13
PB.7236.4	Protein_PB.7236.4	ZFYVE9	ZFYVE9	full-splice_match	YES	267.46	254.18	182.54
PB.7236.5	Protein_PB.7236.5	ZFYVE9	ZFYVE9	full-splice_match	YES	54.33	63.38	144.35
PB.7239.2	Protein_PB.7239.2	LOC113254676_BTF3L4	LOC113254676_BTF3L4	full-splice_match	YES	166.2	168.83	320.71
PB.7239.3	Protein_PB.7239.3	BTF3L4	BTF3L4	full-splice_match	YES	120.59	119.51	140.26
PB.7240.13	Protein_PB.7240.13	OSBPL9	OSBPL9	novel_not_in_catalog	YES	150.83	273.7	206.73
PB.7240.15	Protein_PB.7240.15	OSBPL9	OSBPL9	novel_in_catalog	YES	30.91	17.45	10.78
PB.7240.4	Protein_PB.7240.4	OSBPL9	OSBPL9	full-splice_match	YES	29.6	37.74	26.81
PB.7240.5	Protein_PB.7240.5	OSBPL9	OSBPL9	full-splice_match	YES	46.01	11.94	43.5
PB.7240.6	Protein_PB.7240.6	OSBPL9	OSBPL9	full-splice_match	YES	168.91	91.97	122.07
PB.7242.1	Protein_PB.7242.1	RNF11	RNF11	full-splice_match	YES	1146.97	1134.01	1058.69
PB.7244.1	Protein_PB.7244.1	CDKN2C	CDKN2C	full-splice_match	YES	26.75	31.68	10.08
PB.7244.2	Protein_PB.7244.2	CDKN2C	CDKN2C	full-splice_match	YES	132.51	119.8	84.36
PB.7244.3	Protein_PB.7244.3	CDKN2C	CDKN2C	novel_in_catalog	YES	19.24	14.69	15.96
PB.7254.6	Protein_PB.7254.6	CMPK1	CMPK1	full-splice_match	YES	185.24	149.75	207.87
PB.7255.3	Protein_PB.7255.3	LOC113254711	LOC113254711	full-splice_match	YES	22.49	14.6	29.94
PB.7261.1	Protein_PB.7261.1	NSUN4	NSUN4	full-splice_match	YES	215.1	225.53	170.13
PB.7261.2	Protein_PB.7261.2	NSUN4	NSUN4	full-splice_match	YES	21.31	26.85	28.54
PB.7262.1		LOC113254727	LOC113254727	full-splice_match	NO	1659.1	1953.6	1365.56
PB.7262.2	Protein_PB.7262.2	LOC113254727	LOC113254727	full-splice_match	YES	204.49	195.22	161.03
PB.7266.1	Protein_PB.7266.1	MAST2	MAST2	full-splice_match	YES	125.29	28.83	83.05
PB.7266.2	Protein_PB.7266.2	MAST2	MAST2	full-splice_match	YES	14.93	36.09	11.81
PB.7266.4	Protein_PB.7266.4	MAST2	MAST2	novel_in_catalog	YES	24.24	28.98	22.74
PB.7266.6	Protein_PB.7266.6	MAST2	MAST2	novel_not_in_catalog	YES	341.6	397.08	359.36
PB.7266.7	Protein_PB.7266.7	MAST2	MAST2	incomplete-splice_match	YES	88.22	79.53	109.53
PB.7267.1	Protein_PB.7267.1	TMEM69	TMEM69	novel_not_in_catalog	YES	64.26	73.02	52.67
PB.7268.1	Protein_PB.7268.1	NASP	NASP	full-splice_match	YES	27.5	20.15	26.76
PB.7268.4	Protein_PB.7268.4	NASP	NASP	novel_in_catalog	YES	21.2	26.83	43.98
PB.7268.6	Protein_PB.7268.6	NASP	NASP	novel_not_in_catalog	YES	33.47	28.02	35.82
PB.7269.4	Protein_PB.7269.4	AKR1A1	AKR1A1	full-splice_match	YES	33.35	35.85	31.7
PB.7269.6	Protein_PB.7269.6	AKR1A1	AKR1A1	full-splice_match	YES	154.95	151.04	110.98
PB.7270.1	Protein_PB.7270.1	MMACHC	MMACHC	novel_not_in_catalog	YES	10.98	9.57	18.48
PB.7270.3	Protein_PB.7270.3	MMACHC	MMACHC	full-splice_match	YES	76.68	82.16	47.94
PB.7271.2	Protein_PB.7271.2	TOE1	TOE1	novel_in_catalog	YES	19.05	17.8	27.05
PB.7271.4	Protein_PB.7271.4	TOE1	TOE1	full-splice_match	YES	42.72	34.02	37.5
PB.7272.1	Protein_PB.7272.1	HPDL	HPDL	full-splice_match	YES	11.62	15.94	19.22
PB.7273.1	Protein_PB.7273.1	UROD	UROD	full-splice_match	YES	256.12	273.39	189.7
PB.7277.1	Protein_PB.7277.1	RPS8	RPS8	full-splice_match	YES	9186.37	9813.43	12561.37
PB.7284.1	Protein_PB.7284.1	RNF220	RNF220	incomplete-splice_match	YES	78.9	107.53	87.98
PB.7284.6	Protein_PB.7284.6	RNF220	RNF220	novel_not_in_catalog	YES	225.38	203.58	226.51
PB.7286.2	Protein_PB.7286.2	DMAP1	DMAP1	full-splice_match	YES	50.2	49.12	53.67
PB.7286.3	Protein_PB.7286.3	DMAP1	DMAP1	incomplete-splice_match	YES	76.55	62.14	62.97
PB.7290.2	Protein_PB.7290.2	B4GALT2	B4GALT2	full-splice_match	YES	103.97	103.29	134.45
PB.7291.3	Protein_PB.7291.3	ATP6V0B	ATP6V0B	full-splice_match	YES	142.64	142.24	123.72
PB.7292.3	Protein_PB.7292.3	DPH2	DPH2	full-splice_match	YES	29.97	33.77	21.17
PB.7292.4	Protein_PB.7292.4	DPH2	DPH2	novel_in_catalog	YES	39.59	49.01	42.44
PB.7292.7	Protein_PB.7292.7	DPH2	DPH2	full-splice_match	YES	24.11	24.87	30.93
PB.7293.2	Protein_PB.7293.2	IPO13	IPO13	full-splice_match	YES	243.36	268.09	121.6
PB.7293.7	Protein_PB.7293.7	IPO13	IPO13	full-splice_match	YES	1494.43	1508.76	1458.17
PB.7295.2	Protein_PB.7295.2	ST3GAL3	ST3GAL3	full-splice_match	YES	478.17	562.2	417.55
PB.7295.3	Protein_PB.7295.3	ST3GAL3	ST3GAL3	full-splice_match	YES	11.88	19.98	15.22
PB.7296.10	Protein_PB.7296.10	KDM4A	KDM4A	full-splice_match	YES	96.06	77.75	115.89
PB.7296.2	Protein_PB.7296.2	KDM4A	KDM4A	full-splice_match	YES	123.32	114.19	68.07
PB.7296.3	Protein_PB.7296.3	KDM4A	KDM4A	full-splice_match	YES	54.26	85.68	92.1
PB.7297.2	Protein_PB.7297.2	PTPRF	PTPRF	full-splice_match	YES	20.17	14.14	10.01
PB.7299.1	Protein_PB.7299.1	SZT2	SZT2	full-splice_match	YES	71.82	66.44	79.45
PB.7302.3	Protein_PB.7302.3	TIE1	TIE1	full-splice_match	YES	50.36	36.83	22.96
PB.7308.1	Protein_PB.7308.1	ZNF691	ZNF691	full-splice_match	YES	76.04	74.96	79.07
PB.7311.1	Protein_PB.7311.1	CUNH1orf50	CUNH1orf50	full-splice_match	YES	73.88	75.57	70.99
PB.7312.1	Protein_PB.7312.1	YBX1	YBX1	full-splice_match	YES	8001.84	9512.33	10562.5
PB.7312.2	Protein_PB.7312.2	YBX1	YBX1	full-splice_match	YES	1889.18	1671.76	2595.91
PB.7312.3	Protein_PB.7312.3	YBX1	YBX1	full-splice_match	YES	27.62	26.3	51.44
PB.7313.1	Protein_PB.7313.1	PPIH	PPIH	full-splice_match	YES	202.07	228.22	244.13
PB.7315.1	Protein_PB.7315.1	PPCS	PPCS	full-splice_match	YES	68.24	67.19	29.45
PB.7315.3	Protein_PB.7315.3	PPCS	PPCS	full-splice_match	YES	73.19	116.08	81.13
PB.7315.4	Protein_PB.7315.4	PPCS	PPCS	full-splice_match	YES	13.03	20.07	20.26
PB.7320.1	Protein_PB.7320.1	FOXO6	FOXO6	full-splice_match	YES	35.68	25.73	18.91
PB.7322.1	Protein_PB.7322.1	CTPS1	CTPS1	full-splice_match	YES	19.16	8.22	13.4
PB.7324.16	Protein_PB.7324.16	NFYC	NFYC	novel_not_in_catalog	YES	16.51	11.19	29.37
PB.7324.3	Protein_PB.7324.3	NFYC	NFYC	novel_in_catalog	YES	15.86	3.94	21.29
PB.7324.7	Protein_PB.7324.7	NFYC	NFYC	novel_in_catalog	YES	14.3	18.0	17.84
PB.7324.8	Protein_PB.7324.8	NFYC	NFYC	novel_in_catalog	YES	70.66	76.55	60.3
PB.7326.1	Protein_PB.7326.1	MCC	MCC	full-splice_match	YES	18.63	16.82	30.53
PB.7326.2	Protein_PB.7326.2	MCC	MCC	novel_not_in_catalog	YES	101.69	84.21	112.38
PB.7327.1	Protein_PB.7327.1	REEP5	REEP5	full-splice_match	YES	453.48	434.01	466.97
PB.7327.2	Protein_PB.7327.2	REEP5	REEP5	novel_in_catalog	YES	108.41	77.41	90.96
PB.7327.4	Protein_PB.7327.4	REEP5	REEP5	incomplete-splice_match	YES	841.04	837.24	788.21
PB.7328.3	Protein_PB.7328.3	EPB41L4A	EPB41L4A	full-splice_match	YES	35.72	58.01	58.56
PB.7328.5	Protein_PB.7328.5	EPB41L4A	EPB41L4A	incomplete-splice_match	YES	31.35	84.59	15.66
PB.733.2	Protein_PB.733.2	ATG3	ATG3	full-splice_match	YES	202.74	226.07	186.87
PB.7331.2		NREP	NREP	novel_not_in_catalog	NO	112.08	71.55	126.68
PB.7331.3		NREP	NREP	full-splice_match	NO	283.4	156.31	86.16
PB.7331.5		NREP	NREP	novel_in_catalog	NO	408.08	262.23	196.17
PB.7333.1	Protein_PB.7333.1	STARD4	STARD4	full-splice_match	YES	21.13	15.21	17.86
PB.7333.2	Protein_PB.7333.2	STARD4	STARD4	novel_in_catalog	YES	18.82	1.76	8.58
PB.734.1	Protein_PB.734.1	CCDC80	CCDC80	full-splice_match	YES	176.4	119.83	103.91
PB.734.2	Protein_PB.734.2	CCDC80	CCDC80	novel_not_in_catalog	YES	336.22	131.2	213.85
PB.734.3	Protein_PB.734.3	CCDC80	CCDC80	novel_in_catalog	YES	117.57	18.98	46.47
PB.734.4	Protein_PB.734.4	CCDC80	CCDC80	novel_in_catalog	YES	71.07	23.55	53.12
PB.7340.2	Protein_PB.7340.2	PJA2	PJA2	full-splice_match	YES	726.45	730.1	867.7
PB.7340.4	Protein_PB.7340.4	PJA2	PJA2	novel_not_in_catalog	YES	27.26	12.16	33.16
PB.7340.5	Protein_PB.7340.5	PJA2	PJA2	novel_not_in_catalog	YES	386.83	348.61	490.09
PB.7344.1	Protein_PB.7344.1	FBXL17	FBXL17	full-splice_match	YES	27.31	24.29	8.2
PB.7344.2	Protein_PB.7344.2	FBXL17	FBXL17	full-splice_match	YES	14.31	6.32	19.05
PB.7344.3	Protein_PB.7344.3	FBXL17	FBXL17	full-splice_match	YES	76.14	77.41	103.59
PB.7344.4	Protein_PB.7344.4	FBXL17	FBXL17	novel_not_in_catalog	YES	171.62	165.67	199.19
PB.7357.8	Protein_PB.7357.8	NUDT12	NUDT12	full-splice_match	YES	21.24	16.32	8.42
PB.7358.3	Protein_PB.7358.3	GIN1	GIN1	full-splice_match	YES	36.97	37.94	35.0
PB.736.1	Protein_PB.736.1	NEPRO	NEPRO	full-splice_match	YES	56.74	40.86	33.74
PB.736.3	Protein_PB.736.3	NEPRO	NEPRO	full-splice_match	YES	36.61	43.13	50.8
PB.736.4	Protein_PB.736.4	NEPRO	NEPRO	full-splice_match	YES	16.12	21.01	23.91
PB.7363.1	Protein_PB.7363.1	ST8SIA4	ST8SIA4	novel_in_catalog	YES	71.49	42.59	30.15
PB.7369.1	Protein_PB.7369.1	CHD1	CHD1	incomplete-splice_match	YES	37.31	44.23	62.73
PB.7369.3	Protein_PB.7369.3	CHD1	CHD1	incomplete-splice_match	YES	55.24	48.39	82.16
PB.7369.4	Protein_PB.7369.4	CHD1	CHD1	full-splice_match	YES	43.15	38.37	62.13
PB.7369.5	Protein_PB.7369.5	CHD1	CHD1	full-splice_match	YES	216.2	187.7	212.74
PB.7372.1	Protein_PB.7372.1	RIOK2	RIOK2	incomplete-splice_match	YES	62.63	59.0	42.4
PB.7372.3	Protein_PB.7372.3	RIOK2	RIOK2	novel_in_catalog	YES	51.05	49.15	47.97
PB.7372.4	Protein_PB.7372.4	RIOK2	RIOK2	full-splice_match	YES	21.54	17.44	31.7
PB.7379.1	Protein_PB.7379.1	ERAP1	ERAP1	full-splice_match	YES	23.27	41.01	8.93
PB.7379.2	Protein_PB.7379.2	ERAP1	ERAP1	full-splice_match	YES	22.97	4.22	36.62
PB.7379.4	Protein_PB.7379.4	ERAP1	ERAP1	incomplete-splice_match	YES	35.82	20.59	34.63
PB.7379.8	Protein_PB.7379.8	ERAP1	ERAP1	novel_in_catalog	YES	34.16	38.21	31.05
PB.7379.9	Protein_PB.7379.9	ERAP1	ERAP1	incomplete-splice_match	YES	97.77	58.22	129.47
PB.738.2	Protein_PB.738.2	SPICE1	SPICE1	full-splice_match	YES	5.52	18.72	8.22
PB.738.4	Protein_PB.738.4	SPICE1	SPICE1	novel_not_in_catalog	YES	24.96	26.72	31.68
PB.738.5	Protein_PB.738.5	SPICE1	SPICE1	novel_not_in_catalog	YES	21.86	5.64	9.52
PB.738.6	Protein_PB.738.6	SPICE1	SPICE1	incomplete-splice_match	YES	43.74	61.56	48.78
PB.7384.1	Protein_PB.7384.1	ELL2	ELL2	full-splice_match	YES	46.52	41.81	46.17
PB.7384.2	Protein_PB.7384.2	ELL2	ELL2	incomplete-splice_match	YES	36.11	22.44	23.8
PB.7385.1	Protein_PB.7385.1	GLRX	GLRX	full-splice_match	YES	326.58	288.04	473.91
PB.7385.2		GLRX	GLRX	novel_not_in_catalog	NO	18.97	25.14	63.05
PB.7385.3		GLRX	GLRX	novel_not_in_catalog	NO	19.29	18.82	43.62
PB.7389.1	Protein_PB.7389.1	TTC37	TTC37	full-splice_match	YES	209.96	177.96	163.2
PB.7389.3	Protein_PB.7389.3	TTC37	TTC37	novel_in_catalog	YES	350.21	352.14	244.84
PB.7389.4	Protein_PB.7389.4	TTC37	TTC37	incomplete-splice_match	YES	12.43	30.27	20.61
PB.739.1	Protein_PB.739.1	USF3	USF3	full-splice_match	YES	661.9	658.55	1151.33
PB.739.2	Protein_PB.739.2	USF3	USF3	full-splice_match	YES	42.62	26.79	52.8
PB.7394.1	Protein_PB.7394.1	FAM172A	FAM172A	full-splice_match	YES	77.4	84.82	65.14
PB.7394.15	Protein_PB.7394.15	FAM172A	FAM172A	full-splice_match	YES	96.92	74.38	111.62
PB.7394.6	Protein_PB.7394.6	FAM172A	FAM172A	novel_in_catalog	YES	86.36	110.69	151.42
PB.7394.7	Protein_PB.7394.7	FAM172A	FAM172A	novel_in_catalog	YES	18.05	33.97	12.73
PB.740.1	Protein_PB.740.1	NAA50	NAA50	full-splice_match	YES	458.76	407.63	563.66
PB.740.2	Protein_PB.740.2	NAA50	NAA50	full-splice_match	YES	1438.45	1528.29	2049.19
PB.740.3		NAA50	NAA50	novel_not_in_catalog	NO	330.92	379.99	681.44
PB.740.4	Protein_PB.740.4	NAA50	NAA50	novel_not_in_catalog	YES	65.14	51.86	133.55
PB.7402.12	Protein_PB.7402.12	ARRDC3	ARRDC3	novel_in_catalog	YES	24.33	5.3	7.74
PB.7402.16	Protein_PB.7402.16	ARRDC3	ARRDC3	full-splice_match	YES	147.65	158.19	106.14
PB.7402.17	Protein_PB.7402.17	ARRDC3	ARRDC3	full-splice_match	YES	216.43	253.99	203.25
PB.7402.3	Protein_PB.7402.3	ARRDC3	ARRDC3	novel_in_catalog	YES	133.56	146.72	58.61
PB.7408.1	Protein_PB.7408.1	LYSMD3	LYSMD3	full-splice_match	YES	47.83	55.13	70.92
PB.7409.1	Protein_PB.7409.1	MBLAC2	MBLAC2	full-splice_match	YES	11.38	11.5	20.1
PB.7410.2	Protein_PB.7410.2	CETN3	CETN3	full-splice_match	YES	73.77	77.65	80.48
PB.7414.1	Protein_PB.7414.1	MEF2C	MEF2C	novel_not_in_catalog	YES	175.39	249.86	425.15
PB.7414.12	Protein_PB.7414.12	MEF2C	MEF2C	novel_not_in_catalog	YES	1931.03	1643.42	1750.56
PB.7414.13	Protein_PB.7414.13	MEF2C	MEF2C	novel_not_in_catalog	YES	167.24	165.41	229.01
PB.7414.15	Protein_PB.7414.15	MEF2C	MEF2C	novel_not_in_catalog	YES	12.52	8.93	24.63
PB.7414.16	Protein_PB.7414.16	MEF2C	MEF2C	novel_not_in_catalog	YES	604.29	484.65	827.52
PB.7414.19	Protein_PB.7414.19	MEF2C	MEF2C	novel_not_in_catalog	YES	55.76	46.46	43.66
PB.7414.2	Protein_PB.7414.2	MEF2C	MEF2C	novel_not_in_catalog	YES	97.84	63.33	138.5
PB.7414.20	Protein_PB.7414.20	MEF2C	MEF2C	novel_not_in_catalog	YES	2.94	34.62	77.92
PB.7414.34	Protein_PB.7414.34	MEF2C	MEF2C	full-splice_match	YES	61.4	21.41	118.04
PB.7414.38	Protein_PB.7414.38	MEF2C	MEF2C	full-splice_match	YES	24.3	25.77	34.51
PB.7414.4	Protein_PB.7414.4	MEF2C	MEF2C	novel_not_in_catalog	YES	442.11	353.59	515.33
PB.7414.6	Protein_PB.7414.6	MEF2C	MEF2C	novel_not_in_catalog	YES	13.3	9.96	17.22
PB.7414.7	Protein_PB.7414.7	MEF2C	MEF2C	novel_not_in_catalog	YES	63.3	71.85	126.52
PB.7414.8	Protein_PB.7414.8	MEF2C	MEF2C	novel_not_in_catalog	YES	105.74	50.62	231.5
PB.7418.4	Protein_PB.7418.4	TMEM161B	TMEM161B	full-splice_match	YES	36.54	25.79	26.14
PB.7418.5	Protein_PB.7418.5	TMEM161B	TMEM161B	full-splice_match	YES	13.77	19.73	23.72
PB.742.2	Protein_PB.742.2	CCDC191	CCDC191	full-splice_match	YES	19.16	8.04	10.51
PB.7420.1	Protein_PB.7420.1	CCNH	CCNH	full-splice_match	YES	47.32	49.62	38.73
PB.7420.3	Protein_PB.7420.3	CCNH	CCNH	full-splice_match	YES	2.84	7.07	30.42
PB.7420.4	Protein_PB.7420.4	CCNH	CCNH	full-splice_match	YES	61.46	57.74	19.07
PB.7423.3	Protein_PB.7423.3	EDIL3	EDIL3	full-splice_match	YES	37.79	14.3	25.57
PB.7425.1		TMEM167A	TMEM167A	full-splice_match	NO	115.61	107.79	122.07
PB.7425.2		TMEM167A	TMEM167A	novel_not_in_catalog	NO	48.52	40.67	54.13
PB.7428.1	Protein_PB.7428.1	RPS23	RPS23	full-splice_match	YES	3690.74	3803.44	5899.74
PB.7430.10	Protein_PB.7430.10	SSBP2	SSBP2	full-splice_match	YES	108.84	127.79	159.96
PB.7430.14		SSBP2	SSBP2	novel_not_in_catalog	NO	10.34	11.06	17.58
PB.7434.1	Protein_PB.7434.1	DHFR	DHFR	full-splice_match	YES	38.64	34.16	48.76
PB.7437.1	Protein_PB.7437.1	SERINC5	SERINC5	full-splice_match	YES	50.63	39.56	35.21
PB.7437.3	Protein_PB.7437.3	SERINC5	SERINC5	novel_not_in_catalog	YES	26.4	3.95	29.03
PB.7439.1	Protein_PB.7439.1	MTX3	MTX3	full-splice_match	YES	87.92	61.47	93.97
PB.7440.1	Protein_PB.7440.1	HOMER1	HOMER1	novel_not_in_catalog	YES	437.89	441.37	392.41
PB.7440.2	Protein_PB.7440.2	HOMER1	HOMER1	full-splice_match	YES	461.75	498.18	397.64
PB.7442.1	Protein_PB.7442.1	ARSB	ARSB	full-splice_match	YES	34.95	30.5	22.16
PB.7442.2	Protein_PB.7442.2	ARSB	ARSB	novel_not_in_catalog	YES	14.09	9.41	20.13
PB.7442.4	Protein_PB.7442.4	ARSB	ARSB	incomplete-splice_match	YES	59.54	32.42	45.35
PB.7443.5	Protein_PB.7443.5	LHFPL2	LHFPL2	incomplete-splice_match	YES	46.46	32.17	45.79
PB.7445.23	Protein_PB.7445.23	AP3B1	AP3B1	incomplete-splice_match	YES	76.47	67.18	50.8
PB.7445.7	Protein_PB.7445.7	AP3B1	AP3B1	novel_not_in_catalog	YES	1.65	1.07	23.45
PB.7445.8	Protein_PB.7445.8	AP3B1	AP3B1	incomplete-splice_match	YES	169.81	98.27	84.18
PB.7447.2	Protein_PB.7447.2	TBCA	TBCA	full-splice_match	YES	36.85	34.41	64.67
PB.7447.3	Protein_PB.7447.3	TBCA	TBCA	novel_not_in_catalog	YES	23.14	22.03	14.92
PB.7449.11	Protein_PB.7449.11	WDR41	WDR41	novel_in_catalog	YES	57.4	84.17	49.1
PB.7449.12	Protein_PB.7449.12	WDR41	WDR41	full-splice_match	YES	22.13	10.51	21.33
PB.7449.13	Protein_PB.7449.13	WDR41	WDR41	novel_not_in_catalog	YES	16.9	14.35	11.87
PB.7449.5	Protein_PB.7449.5	WDR41	WDR41	full-splice_match	YES	60.57	73.23	37.27
PB.7449.9	Protein_PB.7449.9	WDR41	WDR41	novel_not_in_catalog	YES	33.31	16.11	20.66
PB.7452.1	Protein_PB.7452.1	F2RL2	F2RL2	full-splice_match	YES	44.06	24.63	29.24
PB.7456.1	Protein_PB.7456.1	COL4A3BP	COL4A3BP	full-splice_match	YES	24.28	28.91	38.82
PB.7456.2	Protein_PB.7456.2	COL4A3BP	COL4A3BP	full-splice_match	YES	331.76	372.97	344.86
PB.746.1	Protein_PB.746.1	ZBTB20	ZBTB20	full-splice_match	YES	21.55	18.88	32.1
PB.746.10	Protein_PB.746.10	ZBTB20	ZBTB20	full-splice_match	YES	306.51	297.23	376.75
PB.746.12	Protein_PB.746.12	ZBTB20	ZBTB20	full-splice_match	YES	68.74	80.36	114.5
PB.746.13	Protein_PB.746.13	ZBTB20	ZBTB20	full-splice_match	YES	334.7	252.61	372.1
PB.746.14	Protein_PB.746.14	ZBTB20	ZBTB20	full-splice_match	YES	66.47	82.67	128.21
PB.746.15		ZBTB20	ZBTB20	full-splice_match	NO	19.48	13.53	15.97
PB.746.2	Protein_PB.746.2	ZBTB20	ZBTB20	full-splice_match	YES	73.65	69.76	78.51
PB.746.4	Protein_PB.746.4	ZBTB20	ZBTB20	full-splice_match	YES	26.2	5.01	21.49
PB.746.5	Protein_PB.746.5	ZBTB20	ZBTB20	full-splice_match	YES	43.81	30.2	21.73
PB.746.7	Protein_PB.746.7	ZBTB20	ZBTB20	full-splice_match	YES	131.97	84.48	139.58
PB.746.8	Protein_PB.746.8	ZBTB20	ZBTB20	full-splice_match	YES	159.55	132.78	93.16
PB.746.9	Protein_PB.746.9	ZBTB20	ZBTB20	full-splice_match	YES	112.06	42.1	46.21
PB.7461.1	Protein_PB.7461.1	GCNT4	GCNT4	full-splice_match	YES	104.97	81.69	112.83
PB.7464.10	Protein_PB.7464.10	GFM2	GFM2	novel_not_in_catalog	YES	42.2	35.48	3.54
PB.7464.11	Protein_PB.7464.11	GFM2	GFM2	novel_in_catalog	YES	27.84	21.87	12.92
PB.7464.14	Protein_PB.7464.14	GFM2	GFM2	novel_in_catalog	YES	31.3	15.03	32.7
PB.7464.15	Protein_PB.7464.15	GFM2	GFM2	novel_not_in_catalog	YES	40.36	66.68	51.56
PB.7464.16	Protein_PB.7464.16	GFM2	GFM2	full-splice_match	YES	13.71	46.04	25.18
PB.7464.2	Protein_PB.7464.2	GFM2	GFM2	full-splice_match	YES	57.63	56.16	13.88
PB.7464.3	Protein_PB.7464.3	GFM2	GFM2	full-splice_match	YES	8.18	8.56	25.14
PB.7464.4	Protein_PB.7464.4	GFM2	GFM2	incomplete-splice_match	YES	19.09	13.03	12.04
PB.7464.7	Protein_PB.7464.7	GFM2	GFM2	full-splice_match	YES	25.32	63.66	24.24
PB.7464.8	Protein_PB.7464.8	GFM2	GFM2	incomplete-splice_match	YES	19.45	15.99	29.19
PB.7464.9	Protein_PB.7464.9	GFM2	GFM2	novel_not_in_catalog	YES	7.66	30.61	5.54
PB.7469.6	Protein_PB.7469.6	ANKRA2	ANKRA2	novel_not_in_catalog	YES	10.5	8.92	31.66
PB.7469.9	Protein_PB.7469.9	ANKRA2	ANKRA2	full-splice_match	YES	78.62	103.19	94.28
PB.7474.2	Protein_PB.7474.2	ZNF366_LOC113255232	ZNF366_LOC113255232	full-splice_match	YES	43.47	54.44	21.65
PB.7475.10	Protein_PB.7475.10	MRPS27	MRPS27	incomplete-splice_match	YES	39.42	43.95	59.15
PB.7475.6	Protein_PB.7475.6	MRPS27	MRPS27	incomplete-splice_match	YES	423.96	568.02	382.09
PB.7482.1		LOC113255247	LOC113255247	incomplete-splice_match	NO	13.69	14.15	18.45
PB.7482.2		LOC113255247_LOC113255246	LOC113255247_LOC113255246	full-splice_match	NO	72.3	74.25	85.14
PB.7482.6	Protein_PB.7482.6	LOC113255246	LOC113255246	full-splice_match	YES	58.25	71.35	62.29
PB.7482.7	Protein_PB.7482.7	LOC113255246	LOC113255246	incomplete-splice_match	YES	97.12	99.23	94.37
PB.7485.1	Protein_PB.7485.1	TAF9	TAF9	novel_in_catalog	YES	95.21	121.23	59.9
PB.7485.3	Protein_PB.7485.3	AK6	AK6	full-splice_match	YES	136.45	129.98	115.05
PB.7485.5	Protein_PB.7485.5	TAF9	TAF9	novel_not_in_catalog	YES	67.26	78.93	56.33
PB.7496.1	Protein_PB.7496.1	SGTB	SGTB	full-splice_match	YES	68.17	62.75	66.42
PB.7497.2	Protein_PB.7497.2	TRIM23	TRIM23	full-splice_match	YES	368.92	388.38	340.93
PB.7497.7	Protein_PB.7497.7	TRIM23	TRIM23	novel_not_in_catalog	YES	29.46	61.45	46.61
PB.7505.1	Protein_PB.7505.1	SREK1IP1	SREK1IP1	novel_not_in_catalog	YES	52.78	44.48	48.13
PB.7505.3	Protein_PB.7505.3	SREK1IP1	SREK1IP1	novel_in_catalog	YES	9.26	24.31	16.17
PB.7508.1	Protein_PB.7508.1	DIMT1	DIMT1	full-splice_match	YES	49.45	41.78	35.3
PB.7511.3		SMIM15	SMIM15	novel_not_in_catalog	NO	35.36	19.81	33.89
PB.7511.6		SMIM15	SMIM15	full-splice_match	NO	23.46	26.47	15.22
PB.7514.1	Protein_PB.7514.1	ERCC8	ERCC8	full-splice_match	YES	10.27	20.62	12.85
PB.7514.4	Protein_PB.7514.4	ERCC8	ERCC8	novel_in_catalog	YES	22.01	18.0	24.74
PB.7514.5	Protein_PB.7514.5	ERCC8	ERCC8	full-splice_match	YES	14.99	9.62	23.78
PB.7514.6	Protein_PB.7514.6	ERCC8	ERCC8	novel_in_catalog	YES	19.45	18.45	14.93
PB.7519.10	Protein_PB.7519.10	PDE4D	PDE4D	novel_in_catalog	YES	197.89	210.02	154.61
PB.7519.11	Protein_PB.7519.11	PDE4D	PDE4D	novel_not_in_catalog	YES	130.52	88.05	147.32
PB.7519.13	Protein_PB.7519.13	PDE4D	PDE4D	full-splice_match	YES	116.68	114.58	94.31
PB.7519.15	Protein_PB.7519.15	PDE4D	PDE4D	full-splice_match	YES	454.07	485.69	479.74
PB.7519.16	Protein_PB.7519.16	PDE4D	PDE4D	incomplete-splice_match	YES	374.78	361.64	374.33
PB.7519.17	Protein_PB.7519.17	PDE4D	PDE4D	novel_not_in_catalog	YES	211.92	257.59	229.86
PB.7519.6	Protein_PB.7519.6	PDE4D	PDE4D	full-splice_match	YES	19.81	11.64	5.03
PB.7519.8	Protein_PB.7519.8	PDE4D	PDE4D	full-splice_match	YES	28.78	20.82	17.56
PB.7519.9	Protein_PB.7519.9	PDE4D	PDE4D	novel_not_in_catalog	YES	858.23	863.85	704.21
PB.7522.1	Protein_PB.7522.1	PLK2	PLK2	full-splice_match	YES	55.95	34.34	42.8
PB.7522.2	Protein_PB.7522.2	PLK2	PLK2	novel_in_catalog	YES	24.87	29.63	17.6
PB.7522.4	Protein_PB.7522.4	PLK2	PLK2	incomplete-splice_match	YES	52.81	28.96	44.75
PB.7525.1	Protein_PB.7525.1	MIER3	MIER3	full-splice_match	YES	182.34	174.19	200.63
PB.7529.1	Protein_PB.7529.1	IL6ST	IL6ST	full-splice_match	YES	1122.21	1087.29	974.76
PB.7529.2	Protein_PB.7529.2	IL6ST	IL6ST	full-splice_match	YES	12.38	19.81	14.18
PB.7529.4	Protein_PB.7529.4	IL6ST	IL6ST	novel_not_in_catalog	YES	349.45	293.67	308.87
PB.753.2	Protein_PB.753.2	B4GALT4	B4GALT4	full-splice_match	YES	47.56	40.5	51.63
PB.7530.1	Protein_PB.7530.1	SLC38A9	SLC38A9	novel_in_catalog	YES	36.97	33.01	37.05
PB.7530.2	Protein_PB.7530.2	SLC38A9	SLC38A9	full-splice_match	YES	38.77	52.02	68.68
PB.7531.1	Protein_PB.7531.1	PLPP1	PLPP1	full-splice_match	YES	23.42	21.49	36.32
PB.7531.2	Protein_PB.7531.2	PLPP1	PLPP1	full-splice_match	YES	163.24	160.64	188.65
PB.7531.3	Protein_PB.7531.3	PLPP1	PLPP1	full-splice_match	YES	373.79	456.83	660.2
PB.7531.5	Protein_PB.7531.5	PLPP1	PLPP1	novel_in_catalog	YES	45.2	35.17	50.36
PB.7531.8	Protein_PB.7531.8	PLPP1	PLPP1	novel_in_catalog	YES	42.17	67.54	110.88
PB.7532.1	Protein_PB.7532.1	DHX29	DHX29	full-splice_match	YES	379.15	451.37	413.36
PB.7532.4	Protein_PB.7532.4	DHX29	DHX29	incomplete-splice_match	YES	54.88	56.49	56.46
PB.7540.1	Protein_PB.7540.1	DPYSL3	DPYSL3	full-splice_match	YES	144.91	58.42	63.19
PB.7540.2	Protein_PB.7540.2	DPYSL3	DPYSL3	full-splice_match	YES	2440.37	2609.05	1355.21
PB.7543.10	Protein_PB.7543.10	LARS	LARS	novel_not_in_catalog	YES	19.81	15.49	21.35
PB.7543.12	Protein_PB.7543.12	LARS	LARS	novel_not_in_catalog	YES	13.96	27.51	16.66
PB.7543.2	Protein_PB.7543.2	LARS	LARS	novel_in_catalog	YES	0.0	0.0	19.49
PB.7543.4	Protein_PB.7543.4	LARS	LARS	full-splice_match	YES	543.76	547.78	550.85
PB.7543.8	Protein_PB.7543.8	LARS	LARS	novel_in_catalog	YES	15.21	18.27	7.29
PB.7546.3	Protein_PB.7546.3	PRELID2	PRELID2	full-splice_match	YES	74.3	23.19	59.41
PB.7546.4		PRELID2	PRELID2	novel_in_catalog	NO	37.37	35.74	42.68
PB.7546.6	Protein_PB.7546.6	PRELID2	PRELID2	full-splice_match	YES	35.1	55.44	77.23
PB.7550.3	Protein_PB.7550.3	YIPF5	YIPF5	full-splice_match	YES	68.89	67.33	86.94
PB.7550.4	Protein_PB.7550.4	YIPF5	YIPF5	novel_in_catalog	YES	21.51	18.16	24.58
PB.7554.10	Protein_PB.7554.10	NR3C1	NR3C1	full-splice_match	YES	322.65	278.73	360.66
PB.7554.11	Protein_PB.7554.11	NR3C1	NR3C1	full-splice_match	YES	30.98	16.6	28.87
PB.7554.12	Protein_PB.7554.12	NR3C1	NR3C1	novel_in_catalog	YES	8.36	7.02	17.97
PB.7554.13	Protein_PB.7554.13	NR3C1	NR3C1	novel_in_catalog	YES	104.56	145.42	150.99
PB.7554.14	Protein_PB.7554.14	NR3C1	NR3C1	incomplete-splice_match	YES	15.39	27.83	5.57
PB.7554.2	Protein_PB.7554.2	NR3C1	NR3C1	novel_in_catalog	YES	21.84	12.94	33.03
PB.7554.3	Protein_PB.7554.3	NR3C1	NR3C1	full-splice_match	YES	43.01	28.64	39.5
PB.7554.5	Protein_PB.7554.5	NR3C1	NR3C1	full-splice_match	YES	59.79	22.09	85.61
PB.7554.7	Protein_PB.7554.7	NR3C1	NR3C1	full-splice_match	YES	48.77	67.34	57.29
PB.7554.8	Protein_PB.7554.8	NR3C1	NR3C1	incomplete-splice_match	YES	39.14	25.5	43.96
PB.7558.1	Protein_PB.7558.1	FGF1	FGF1	novel_not_in_catalog	YES	34.74	58.56	18.82
PB.7558.13	Protein_PB.7558.13	FGF1	FGF1	full-splice_match	YES	13.47	21.93	8.21
PB.7558.2	Protein_PB.7558.2	FGF1	FGF1	novel_not_in_catalog	YES	160.73	355.64	143.95
PB.7562.1	Protein_PB.7562.1	SPRY4	SPRY4	full-splice_match	YES	63.79	48.48	33.33
PB.7564.1	Protein_PB.7564.1	GNPDA1	GNPDA1	full-splice_match	YES	111.09	111.08	85.24
PB.7565.1	Protein_PB.7565.1	PCDH12	PCDH12	full-splice_match	YES	155.68	99.11	63.8
PB.7566.2	Protein_PB.7566.2	PCDH1	PCDH1	full-splice_match	YES	42.1	27.81	18.54
PB.7566.3	Protein_PB.7566.3	PCDH1	PCDH1	incomplete-splice_match	YES	97.71	66.55	43.57
PB.7567.7	Protein_PB.7567.7	ARAP3	ARAP3	novel_not_in_catalog	YES	12.62	48.33	1.91
PB.7567.9	Protein_PB.7567.9	ARAP3	ARAP3	incomplete-splice_match	YES	22.41	9.14	16.76
PB.7569.11	Protein_PB.7569.11	HDAC3	HDAC3	full-splice_match	YES	18.44	37.18	15.75
PB.7569.3	Protein_PB.7569.3	HDAC3	HDAC3	full-splice_match	YES	197.23	188.55	234.33
PB.757.1	Protein_PB.757.1	POPDC2	POPDC2	full-splice_match	YES	57.27	37.23	111.9
PB.757.3	Protein_PB.757.3	POPDC2	POPDC2	full-splice_match	YES	59.66	80.07	48.91
PB.757.4	Protein_PB.757.4	POPDC2	POPDC2	full-splice_match	YES	25.93	15.62	30.16
PB.7570.1	Protein_PB.7570.1	DIAPH1	DIAPH1	full-splice_match	YES	981.47	942.01	1093.52
PB.7572.3	Protein_PB.7572.3	DCP2	DCP2	full-splice_match	YES	264.62	271.82	314.45
PB.7572.7	Protein_PB.7572.7	DCP2	DCP2	novel_not_in_catalog	YES	111.85	99.72	111.0
PB.7575.1	Protein_PB.7575.1	SRP19	SRP19	full-splice_match	YES	95.96	107.69	115.23
PB.7576.1	Protein_PB.7576.1	APC	APC	novel_not_in_catalog	YES	51.48	74.45	18.14
PB.7576.10	Protein_PB.7576.10	APC	APC	novel_in_catalog	YES	29.8	19.92	33.65
PB.7576.11	Protein_PB.7576.11	APC	APC	novel_in_catalog	YES	98.51	92.28	80.59
PB.7576.2	Protein_PB.7576.2	APC	APC	novel_not_in_catalog	YES	26.62	37.49	126.64
PB.7576.3	Protein_PB.7576.3	APC	APC	full-splice_match	YES	735.44	657.24	863.38
PB.7576.7	Protein_PB.7576.7	APC	APC	full-splice_match	YES	77.69	52.94	71.94
PB.7577.1	Protein_PB.7577.1	LOC113254994	LOC113254994	full-splice_match	YES	186.89	168.99	431.71
PB.7577.2	Protein_PB.7577.2	LOC113254994	LOC113254994	novel_not_in_catalog	YES	30.66	31.58	108.24
PB.7577.4	Protein_PB.7577.4	LOC113254994	LOC113254994	novel_not_in_catalog	YES	242.62	223.27	579.37
PB.7579.1	Protein_PB.7579.1	WDR36	WDR36	incomplete-splice_match	YES	128.32	159.85	156.53
PB.7579.4	Protein_PB.7579.4	WDR36	WDR36	novel_in_catalog	YES	88.24	70.8	76.35
PB.758.1		LOC113251944	LOC113251944	full-splice_match	NO	613.54	640.88	414.15
PB.7581.1	Protein_PB.7581.1	SLC25A46	SLC25A46	novel_not_in_catalog	YES	224.88	224.98	201.76
PB.7581.2	Protein_PB.7581.2	SLC25A46	SLC25A46	full-splice_match	YES	385.88	476.23	378.78
PB.7583.1	Protein_PB.7583.1	MAN2A1	MAN2A1	full-splice_match	YES	37.97	30.08	31.7
PB.7583.2	Protein_PB.7583.2	MAN2A1	MAN2A1	incomplete-splice_match	YES	21.93	16.55	17.77
PB.7584.1	Protein_PB.7584.1	FER	FER	novel_not_in_catalog	YES	19.88	18.36	16.81
PB.7584.7	Protein_PB.7584.7	FER	FER	full-splice_match	YES	53.71	35.79	67.04
PB.759.1	Protein_PB.759.1	GSK3B	GSK3B	full-splice_match	YES	259.61	284.55	328.24
PB.759.2	Protein_PB.759.2	GSK3B	GSK3B	full-splice_match	YES	46.01	12.74	11.49
PB.759.3	Protein_PB.759.3	GSK3B	GSK3B	full-splice_match	YES	57.47	63.89	45.83
PB.7593.13	Protein_PB.7593.13	PAM	PAM	full-splice_match	YES	51.93	67.72	114.05
PB.7593.14	Protein_PB.7593.14	PAM	PAM	full-splice_match	YES	47.18	52.76	64.51
PB.7593.23	Protein_PB.7593.23	PAM	PAM	novel_in_catalog	YES	131.67	79.79	55.0
PB.7593.30	Protein_PB.7593.30	PAM	PAM	incomplete-splice_match	YES	53.85	55.45	37.37
PB.7593.31	Protein_PB.7593.31	PAM	PAM	incomplete-splice_match	YES	26.31	46.48	38.96
PB.7593.33	Protein_PB.7593.33	PAM	PAM	novel_in_catalog	YES	154.94	102.79	151.68
PB.7593.34	Protein_PB.7593.34	PAM	PAM	novel_in_catalog	YES	212.81	212.06	256.06
PB.7593.41	Protein_PB.7593.41	PAM	PAM	novel_in_catalog	YES	31.08	47.92	59.58
PB.7594.1	Protein_PB.7594.1	LOC113254915	LOC113254915	full-splice_match	YES	877.0	1104.07	604.32
PB.7601.1	Protein_PB.7601.1	FAM174A	FAM174A	full-splice_match	YES	204.75	234.06	207.86
PB.7601.2	Protein_PB.7601.2	FAM174A	FAM174A	full-splice_match	YES	20.16	20.11	15.27
PB.7607.1	Protein_PB.7607.1	RGMB	RGMB	full-splice_match	YES	274.94	199.54	202.93
PB.7612.1	Protein_PB.7612.1	LNPEP	LNPEP	full-splice_match	YES	53.53	59.55	90.96
PB.7612.2	Protein_PB.7612.2	LNPEP	LNPEP	full-splice_match	YES	293.5	298.14	420.23
PB.7612.3	Protein_PB.7612.3	LNPEP	LNPEP	incomplete-splice_match	YES	297.78	320.6	381.12
PB.7612.7	Protein_PB.7612.7	LNPEP	LNPEP	incomplete-splice_match	YES	16.01	13.21	37.84
PB.7613.3	Protein_PB.7613.3	ERAP2	ERAP2	novel_not_in_catalog	YES	15.05	9.8	23.3
PB.7614.11	Protein_PB.7614.11	CAST	CAST	full-splice_match	YES	23.76	32.34	33.07
PB.7614.2	Protein_PB.7614.2	CAST	CAST	novel_not_in_catalog	YES	104.35	55.41	93.58
PB.7614.20	Protein_PB.7614.20	CAST	CAST	novel_not_in_catalog	YES	81.33	147.29	107.55
PB.7614.24	Protein_PB.7614.24	CAST	CAST	novel_in_catalog	YES	71.44	78.9	103.79
PB.7614.25	Protein_PB.7614.25	CAST	CAST	incomplete-splice_match	YES	31.55	22.1	3.16
PB.7614.27	Protein_PB.7614.27	CAST	CAST	novel_in_catalog	YES	24.47	63.98	43.16
PB.7614.28	Protein_PB.7614.28	CAST	CAST	novel_not_in_catalog	YES	65.23	104.4	37.23
PB.7614.29	Protein_PB.7614.29	CAST	CAST	novel_not_in_catalog	YES	42.24	37.11	55.69
PB.7614.3	Protein_PB.7614.3	CAST	CAST	novel_not_in_catalog	YES	328.23	317.51	420.08
PB.7614.30	Protein_PB.7614.30	CAST	CAST	novel_not_in_catalog	YES	666.97	718.84	842.59
PB.7614.35	Protein_PB.7614.35	CAST	CAST	incomplete-splice_match	YES	23.91	6.84	13.58
PB.7614.38	Protein_PB.7614.38	CAST	CAST	incomplete-splice_match	YES	11.14	11.92	23.34
PB.7614.5	Protein_PB.7614.5	CAST	CAST	full-splice_match	YES	273.45	309.9	360.78
PB.7614.9	Protein_PB.7614.9	CAST	CAST	full-splice_match	YES	57.39	72.77	75.13
PB.762.1	Protein_PB.762.1	LRRC58	LRRC58	full-splice_match	YES	212.33	189.23	264.46
PB.7622.1	Protein_PB.7622.1	RHOBTB3	RHOBTB3	full-splice_match	YES	457.36	432.66	375.6
PB.7622.2	Protein_PB.7622.2	RHOBTB3	RHOBTB3	full-splice_match	YES	112.69	120.47	91.96
PB.763.1	Protein_PB.763.1	FSTL1	FSTL1	full-splice_match	YES	1655.27	806.47	1037.16
PB.763.5	Protein_PB.763.5	FSTL1	FSTL1	novel_in_catalog	YES	20.15	11.64	15.74
PB.763.6	Protein_PB.763.6	FSTL1	FSTL1	novel_not_in_catalog	YES	177.33	113.88	131.83
PB.7633.1	Protein_PB.7633.1	SLF1	SLF1	full-splice_match	YES	27.25	34.78	28.07
PB.7647.1		LOC113255118	LOC113255118	full-splice_match	NO	17.04	11.05	21.25
PB.7648.10		LOC113255120	LOC113255120	novel_not_in_catalog	NO	74.87	60.37	53.73
PB.7648.3		LOC113255120	LOC113255120	full-splice_match	NO	24.37	19.42	31.07
PB.7648.6		LOC113255120	LOC113255120	novel_not_in_catalog	NO	31.13	33.56	30.1
PB.7648.8		LOC113255120	LOC113255120	novel_not_in_catalog	NO	24.96	22.63	27.19
PB.7651.1		LOC113255127	LOC113255127	novel_not_in_catalog	NO	19.25	22.2	26.04
PB.7653.1	Protein_PB.7653.1	RASA1	RASA1	full-splice_match	YES	131.14	116.05	122.63
PB.7653.2	Protein_PB.7653.2	RASA1	RASA1	novel_not_in_catalog	YES	23.41	22.09	10.79
PB.7655.1		LOC113255130	LOC113255130	full-splice_match	NO	7.48	8.72	25.76
PB.7656.1	Protein_PB.7656.1	LOC113255131	LOC113255131	full-splice_match	YES	869.49	1028.32	651.39
PB.7656.2		LOC113255131	LOC113255131	novel_in_catalog	NO	1912.8	2301.78	1244.44
PB.766.1	Protein_PB.766.1	RABL3	RABL3	full-splice_match	YES	55.72	59.02	53.47
PB.766.2	Protein_PB.766.2	RABL3	RABL3	novel_in_catalog	YES	57.68	64.54	61.8
PB.7661.4	Protein_PB.7661.4	VCAN	VCAN	full-splice_match	YES	300.81	103.74	197.75
PB.7661.5	Protein_PB.7661.5	VCAN	VCAN	novel_in_catalog	YES	75.05	25.89	124.92
PB.7661.6	Protein_PB.7661.6	VCAN	VCAN	novel_in_catalog	YES	275.73	123.36	103.4
PB.7661.7	Protein_PB.7661.7	VCAN	VCAN	novel_in_catalog	YES	63.22	25.34	41.3
PB.7665.2	Protein_PB.7665.2	LOC113255141_ATP6AP1L	LOC113255141_ATP6AP1L	fusion	YES	48.79	61.68	38.69
PB.7665.4	Protein_PB.7665.4	LOC113255141_ATP6AP1L	LOC113255141_ATP6AP1L	fusion	YES	61.9	69.9	84.73
PB.7665.5	Protein_PB.7665.5	LOC113255141_ATP6AP1L	LOC113255141_ATP6AP1L	fusion	YES	32.15	17.71	51.64
PB.7665.8	Protein_PB.7665.8	LOC113255141_ATP6AP1L	LOC113255141_ATP6AP1L	fusion	YES	79.72	95.84	72.09
PB.7666.13	Protein_PB.7666.13	ATG10	ATG10	novel_in_catalog	YES	71.38	66.13	35.86
PB.7670.1	Protein_PB.7670.1	ZCCHC9	ZCCHC9	full-splice_match	YES	84.21	69.38	64.11
PB.7670.2	Protein_PB.7670.2	ZCCHC9	ZCCHC9	full-splice_match	YES	25.57	6.59	23.22
PB.7670.3	Protein_PB.7670.3	ZCCHC9	ZCCHC9	full-splice_match	YES	24.71	34.01	26.06
PB.7671.1	Protein_PB.7671.1	CKMT2	CKMT2	full-splice_match	YES	42.85	50.76	27.03
PB.7671.10	Protein_PB.7671.10	CKMT2	CKMT2	novel_not_in_catalog	YES	11917.41	13914.37	4873.29
PB.7671.14	Protein_PB.7671.14	CKMT2	CKMT2	novel_not_in_catalog	YES	71.69	96.69	50.06
PB.7671.16	Protein_PB.7671.16	CKMT2	CKMT2	novel_not_in_catalog	YES	56.29	27.51	29.55
PB.7671.17	Protein_PB.7671.17	CKMT2	CKMT2	novel_in_catalog	YES	24.63	18.95	21.19
PB.7671.18	Protein_PB.7671.18	CKMT2	CKMT2	novel_in_catalog	YES	35.35	28.4	19.8
PB.7671.22	Protein_PB.7671.22	CKMT2	CKMT2	novel_not_in_catalog	YES	24.18	43.81	36.05
PB.7671.24	Protein_PB.7671.24	CKMT2	CKMT2	novel_not_in_catalog	YES	99.93	87.06	39.29
PB.7671.26	Protein_PB.7671.26	CKMT2	CKMT2	novel_in_catalog	YES	35.64	29.38	28.74
PB.7671.27	Protein_PB.7671.27	CKMT2	CKMT2	novel_in_catalog	YES	20.38	23.62	17.12
PB.7671.3	Protein_PB.7671.3	CKMT2	CKMT2	novel_not_in_catalog	YES	4288.86	5732.13	2333.05
PB.7671.4	Protein_PB.7671.4	CKMT2	CKMT2	novel_not_in_catalog	YES	148.26	185.92	116.37
PB.7671.5	Protein_PB.7671.5	CKMT2	CKMT2	novel_in_catalog	YES	4456.2	5234.34	1384.17
PB.7671.8	Protein_PB.7671.8	CKMT2	CKMT2	novel_in_catalog	YES	77.31	66.22	48.91
PB.7672.1	Protein_PB.7672.1	RASGRF2	RASGRF2	full-splice_match	YES	166.89	120.34	135.11
PB.7674.1	Protein_PB.7674.1	MSH3	MSH3	full-splice_match	YES	91.33	150.56	121.22
PB.7674.2	Protein_PB.7674.2	MSH3	MSH3	full-splice_match	YES	69.47	45.36	17.57
PB.7674.3	Protein_PB.7674.3	MSH3	MSH3	full-splice_match	YES	72.44	33.15	39.76
PB.7674.4	Protein_PB.7674.4	MSH3	MSH3	full-splice_match	YES	32.87	90.38	17.77
PB.7675.1	Protein_PB.7675.1	FAM151B	FAM151B	full-splice_match	YES	21.18	8.93	15.18
PB.7675.3	Protein_PB.7675.3	FAM151B	FAM151B	full-splice_match	YES	45.37	55.64	44.22
PB.7676.2	Protein_PB.7676.2	ZFYVE16	ZFYVE16	full-splice_match	YES	158.52	150.36	171.13
PB.7676.3	Protein_PB.7676.3	ZFYVE16	ZFYVE16	full-splice_match	YES	322.55	387.49	357.93
PB.7676.4	Protein_PB.7676.4	ZFYVE16	ZFYVE16	full-splice_match	YES	31.14	27.41	8.44
PB.7676.5	Protein_PB.7676.5	ZFYVE16	ZFYVE16	full-splice_match	YES	17.93	6.69	20.27
PB.768.1	Protein_PB.768.1	POLQ	POLQ	full-splice_match	YES	65.72	62.03	63.76
PB.7680.1	Protein_PB.7680.1	CMYA5	CMYA5	novel_not_in_catalog	YES	63016.02	64698.13	86983.88
PB.7680.2	Protein_PB.7680.2	CMYA5	CMYA5	novel_not_in_catalog	YES	1707.32	2019.06	2802.19
PB.7680.4	Protein_PB.7680.4	CMYA5	CMYA5	full-splice_match	YES	171.19	170.17	278.21
PB.7680.5	Protein_PB.7680.5	CMYA5	CMYA5	incomplete-splice_match	YES	1098.97	1430.2	1589.56
PB.7681.3	Protein_PB.7681.3	TENT2	TENT2	full-splice_match	YES	80.04	78.57	86.29
PB.7682.1	Protein_PB.7682.1	JMY	JMY	full-splice_match	YES	114.76	107.94	125.49
PB.7686.1	Protein_PB.7686.1	SCAMP1	SCAMP1	full-splice_match	YES	216.53	256.45	247.09
PB.769.1	Protein_PB.769.1	HCLS1	HCLS1	full-splice_match	YES	54.63	51.83	44.52
PB.7690.1	Protein_PB.7690.1	AGGF1	AGGF1	full-splice_match	YES	111.8	117.96	123.29
PB.7690.2	Protein_PB.7690.2	AGGF1	AGGF1	full-splice_match	YES	86.01	79.29	94.16
PB.7690.3	Protein_PB.7690.3	AGGF1	AGGF1	novel_not_in_catalog	YES	47.92	50.15	33.34
PB.7692.4	Protein_PB.7692.4	LOC113255187	LOC113255187	full-splice_match	YES	52.48	48.17	54.22
PB.7694.1	Protein_PB.7694.1	IQGAP2	IQGAP2	full-splice_match	YES	41.08	38.89	38.14
PB.77.18	Protein_PB.77.18	SETD4	SETD4	full-splice_match	YES	7.14	9.84	17.5
PB.770.1	Protein_PB.770.1	GOLGB1	GOLGB1	full-splice_match	YES	235.19	218.21	144.55
PB.770.12	Protein_PB.770.12	GOLGB1	GOLGB1	novel_in_catalog	YES	8.16	9.41	30.78
PB.770.3	Protein_PB.770.3	GOLGB1	GOLGB1	full-splice_match	YES	168.14	89.94	145.29
PB.770.7	Protein_PB.770.7	GOLGB1	GOLGB1	incomplete-splice_match	YES	10.34	4.58	19.3
PB.770.8	Protein_PB.770.8	GOLGB1	GOLGB1	full-splice_match	YES	61.21	89.12	167.11
PB.7701.1	Protein_PB.7701.1	POLK	POLK	full-splice_match	YES	69.99	81.98	70.54
PB.7702.2	Protein_PB.7702.2	HMGCR	HMGCR	full-splice_match	YES	19.04	20.86	11.87
PB.7702.3	Protein_PB.7702.3	HMGCR	HMGCR	novel_in_catalog	YES	32.58	22.46	16.16
PB.7702.4	Protein_PB.7702.4	HMGCR	HMGCR	novel_in_catalog	YES	40.78	31.6	39.35
PB.7705.1	Protein_PB.7705.1	NSA2	NSA2	full-splice_match	YES	256.5	279.28	348.79
PB.7705.2	Protein_PB.7705.2	NSA2	NSA2	novel_in_catalog	YES	663.25	667.77	827.68
PB.7706.1	Protein_PB.7706.1	HEXB	HEXB	full-splice_match	YES	121.39	107.0	149.48
PB.771.4	Protein_PB.771.4	IQCB1	IQCB1	full-splice_match	YES	93.66	109.88	143.17
PB.7710.3	Protein_PB.7710.3	ARHGEF28	ARHGEF28	full-splice_match	YES	133.27	113.71	58.08
PB.7710.4	Protein_PB.7710.4	ARHGEF28	ARHGEF28	incomplete-splice_match	YES	60.32	54.07	32.6
PB.7711.1	Protein_PB.7711.1	UTP15	UTP15	full-splice_match	YES	48.42	46.14	63.47
PB.7711.3	Protein_PB.7711.3	UTP15	UTP15	novel_in_catalog	YES	32.73	37.63	24.5
PB.7712.1	Protein_PB.7712.1	BTF3	BTF3	full-splice_match	YES	298.47	323.9	388.23
PB.7712.2	Protein_PB.7712.2	BTF3	BTF3	novel_in_catalog	YES	676.68	724.53	844.04
PB.7712.3	Protein_PB.7712.3	BTF3	BTF3	full-splice_match	YES	1065.98	1126.65	1293.28
PB.7716.1	Protein_PB.7716.1	FCHO2	FCHO2	incomplete-splice_match	YES	134.8	136.09	142.21
PB.7718.1	Protein_PB.7718.1	TNPO1	TNPO1	full-splice_match	YES	464.92	397.72	474.81
PB.7718.2	Protein_PB.7718.2	TNPO1	TNPO1	full-splice_match	YES	348.14	359.25	392.37
PB.7721.2	Protein_PB.7721.2	PTCD2	PTCD2	novel_not_in_catalog	YES	210.48	242.53	139.6
PB.7722.1	Protein_PB.7722.1	MAP1B	MAP1B	full-splice_match	YES	297.15	143.76	220.57
PB.7726.3	Protein_PB.7726.3	MCCC2	MCCC2	full-splice_match	YES	174.43	198.48	83.3
PB.7726.6	Protein_PB.7726.6	MCCC2	MCCC2	novel_not_in_catalog	YES	20.73	10.25	1.33
PB.7728.1	Protein_PB.7728.1	BDP1	BDP1	full-splice_match	YES	423.01	410.87	463.81
PB.7728.3	Protein_PB.7728.3	BDP1	BDP1	incomplete-splice_match	YES	54.73	58.71	78.27
PB.7734.9	Protein_PB.7734.9	RAD17	RAD17	full-splice_match	YES	80.26	84.86	90.53
PB.7735.3	Protein_PB.7735.3	CDK7	CDK7	full-splice_match	YES	28.42	30.43	35.27
PB.7735.5	Protein_PB.7735.5	CDK7	CDK7	full-splice_match	YES	15.49	19.19	16.37
PB.7737.1	Protein_PB.7737.1	MRPS36	MRPS36	full-splice_match	YES	865.37	1094.19	653.52
PB.7738.1	Protein_PB.7738.1	CENPH	CENPH	full-splice_match	YES	19.12	18.93	24.78
PB.774.1	Protein_PB.774.1	CCDC58	CCDC58	novel_in_catalog	YES	23.56	23.77	21.4
PB.774.2	Protein_PB.774.2	CCDC58	CCDC58	full-splice_match	YES	139.45	165.72	109.64
PB.7740.1	Protein_PB.7740.1	SLC30A5	SLC30A5	full-splice_match	YES	61.14	45.65	47.4
PB.7740.2	Protein_PB.7740.2	SLC30A5	SLC30A5	full-splice_match	YES	145.38	168.27	143.37
PB.7741.1	Protein_PB.7741.1	PIK3R1	PIK3R1	full-splice_match	YES	13.23	7.22	19.57
PB.7741.2	Protein_PB.7741.2	PIK3R1	PIK3R1	full-splice_match	YES	62.98	37.99	128.28
PB.7741.3	Protein_PB.7741.3	PIK3R1	PIK3R1	full-splice_match	YES	564.14	483.33	581.65
PB.7741.4	Protein_PB.7741.4	PIK3R1	PIK3R1	incomplete-splice_match	YES	6.86	37.03	21.16
PB.7741.5	Protein_PB.7741.5	PIK3R1	PIK3R1	incomplete-splice_match	YES	137.54	65.88	83.39
PB.7743.1	Protein_PB.7743.1	MAST4	MAST4	full-splice_match	YES	184.23	153.82	196.03
PB.7743.4	Protein_PB.7743.4	MAST4	MAST4	full-splice_match	YES	156.82	118.4	130.2
PB.7744.3		SREK1	SREK1	novel_not_in_catalog	NO	24.71	29.53	43.12
PB.7744.5	Protein_PB.7744.5	SREK1	SREK1	full-splice_match	YES	94.38	68.89	66.24
PB.7744.6	Protein_PB.7744.6	SREK1	SREK1	incomplete-splice_match	YES	37.59	40.64	46.07
PB.7745.1	Protein_PB.7745.1	ERBIN	ERBIN	incomplete-splice_match	YES	36.41	37.16	14.94
PB.7745.2	Protein_PB.7745.2	ERBIN	ERBIN	full-splice_match	YES	37.91	36.93	30.81
PB.7745.4	Protein_PB.7745.4	ERBIN	ERBIN	full-splice_match	YES	825.44	911.51	724.44
PB.7745.5	Protein_PB.7745.5	ERBIN	ERBIN	full-splice_match	YES	9.89	2.33	26.93
PB.7745.6	Protein_PB.7745.6	ERBIN	ERBIN	full-splice_match	YES	155.56	230.41	95.82
PB.7745.7	Protein_PB.7745.7	ERBIN	ERBIN	full-splice_match	YES	77.24	58.62	59.09
PB.7746.1	Protein_PB.7746.1	NLN	NLN	full-splice_match	YES	146.8	168.06	172.49
PB.7746.3	Protein_PB.7746.3	NLN	NLN	novel_in_catalog	YES	119.27	211.89	124.47
PB.7746.4	Protein_PB.7746.4	NLN	NLN	novel_not_in_catalog	YES	186.85	229.86	153.46
PB.7747.2	Protein_PB.7747.2	TRAPPC13	TRAPPC13	full-splice_match	YES	80.99	75.19	62.98
PB.7747.4	Protein_PB.7747.4	TRAPPC13	TRAPPC13	full-splice_match	YES	9.16	23.94	19.78
PB.7747.5	Protein_PB.7747.5	TRAPPC13	TRAPPC13	novel_not_in_catalog	YES	21.68	70.86	44.15
PB.7747.6	Protein_PB.7747.6	TRAPPC13	TRAPPC13	full-splice_match	YES	162.7	132.27	132.78
PB.7748.4	Protein_PB.7748.4	PPWD1	PPWD1	full-splice_match	YES	109.48	119.01	85.97
PB.7749.1	Protein_PB.7749.1	CWC27	CWC27	full-splice_match	YES	98.27	97.31	87.29
PB.775.1	Protein_PB.775.1	WDR5B	WDR5B	novel_not_in_catalog	YES	30.79	48.87	44.46
PB.775.2	Protein_PB.775.2	WDR5B	WDR5B	full-splice_match	YES	48.97	35.36	43.92
PB.7751.1	Protein_PB.7751.1	RGS7BP	RGS7BP	full-splice_match	YES	35.67	79.14	38.63
PB.7757.11	Protein_PB.7757.11	IPO11	IPO11	novel_not_in_catalog	YES	16.16	34.58	20.1
PB.7757.17	Protein_PB.7757.17	IPO11	IPO11	full-splice_match	YES	45.57	96.08	18.65
PB.7757.18	Protein_PB.7757.18	IPO11	IPO11	novel_in_catalog	YES	17.39	2.79	19.9
PB.7757.9		IPO11	IPO11	novel_not_in_catalog	NO	30.49	21.86	14.02
PB.7759.1	Protein_PB.7759.1	KIF2A	KIF2A	full-splice_match	YES	97.58	104.02	117.58
PB.7759.2	Protein_PB.7759.2	KIF2A	KIF2A	full-splice_match	YES	34.27	21.12	40.59
PB.776.1	Protein_PB.776.1	KPNA1	KPNA1	full-splice_match	YES	393.4	421.18	412.59
PB.776.2	Protein_PB.776.2	KPNA1	KPNA1	novel_not_in_catalog	YES	268.9	368.23	357.68
PB.776.3	Protein_PB.776.3	KPNA1	KPNA1	novel_not_in_catalog	YES	502.09	444.62	391.52
PB.7761.1	Protein_PB.7761.1	ZSWIM6	ZSWIM6	full-splice_match	YES	30.47	19.5	23.68
PB.7763.1	Protein_PB.7763.1	NDUFAF2	NDUFAF2	full-splice_match	YES	48.25	47.56	28.87
PB.777.3	Protein_PB.777.3	PARP9	PARP9	novel_not_in_catalog	YES	23.54	4.4	17.01
PB.7773.2	Protein_PB.7773.2	GPBP1	GPBP1	full-splice_match	YES	75.21	84.68	84.54
PB.7773.3	Protein_PB.7773.3	GPBP1	GPBP1	full-splice_match	YES	71.81	68.27	66.35
PB.7773.5	Protein_PB.7773.5	GPBP1	GPBP1	novel_not_in_catalog	YES	242.09	217.0	207.13
PB.7773.6	Protein_PB.7773.6	GPBP1	GPBP1	novel_not_in_catalog	YES	51.85	23.43	40.56
PB.7773.7	Protein_PB.7773.7	GPBP1	GPBP1	novel_not_in_catalog	YES	178.36	162.7	87.07
PB.7773.8	Protein_PB.7773.8	GPBP1	GPBP1	novel_not_in_catalog	YES	5.56	19.74	41.99
PB.7773.9	Protein_PB.7773.9	GPBP1	GPBP1	incomplete-splice_match	YES	73.58	80.83	81.15
PB.7776.1	Protein_PB.7776.1	SETD9	SETD9	full-splice_match	YES	6.64	6.63	20.49
PB.7776.2		SETD9	SETD9	novel_not_in_catalog	NO	25.19	23.94	34.68
PB.7776.4	Protein_PB.7776.4	SETD9	SETD9	full-splice_match	YES	56.18	66.71	100.81
PB.7777.1	Protein_PB.7777.1	MAP3K1	MAP3K1	full-splice_match	YES	84.81	58.05	95.77
PB.7777.2	Protein_PB.7777.2	MAP3K1	MAP3K1	novel_not_in_catalog	YES	28.1	22.66	11.05
PB.7784.1	Protein_PB.7784.1	MTREX	MTREX	full-splice_match	YES	127.16	139.14	114.9
PB.7784.2	Protein_PB.7784.2	MTREX	MTREX	novel_not_in_catalog	YES	382.69	441.39	460.36
PB.7785.6		GPX8	GPX8	novel_not_in_catalog	NO	41.09	36.1	41.45
PB.7785.7	Protein_PB.7785.7	GPX8	GPX8	full-splice_match	YES	27.87	26.41	12.41
PB.779.1	Protein_PB.779.1	HSPBAP1	HSPBAP1	full-splice_match	YES	43.02	50.62	50.12
PB.7800.2	Protein_PB.7800.2	TCERG1	TCERG1	full-splice_match	YES	9.66	13.46	18.57
PB.7800.4	Protein_PB.7800.4	TCERG1	TCERG1	full-splice_match	YES	41.17	24.6	71.51
PB.7800.7	Protein_PB.7800.7	TCERG1	TCERG1	novel_in_catalog	YES	87.27	78.79	97.77
PB.7803.2	Protein_PB.7803.2	RBM27	RBM27	full-splice_match	YES	191.75	181.69	191.97
PB.7803.4	Protein_PB.7803.4	RBM27	RBM27	full-splice_match	YES	72.35	68.69	30.56
PB.7803.6	Protein_PB.7803.6	RBM27	RBM27	incomplete-splice_match	YES	115.7	125.8	127.67
PB.7804.1	Protein_PB.7804.1	SH3RF2	SH3RF2	novel_not_in_catalog	YES	65.98	42.13	73.73
PB.7804.3	Protein_PB.7804.3	SH3RF2	SH3RF2	novel_not_in_catalog	YES	79.57	29.61	52.83
PB.7804.5	Protein_PB.7804.5	SH3RF2	SH3RF2	novel_not_in_catalog	YES	30.61	21.19	22.4
PB.7804.7	Protein_PB.7804.7	SH3RF2	SH3RF2	full-splice_match	YES	43.61	34.34	66.26
PB.7807.1	Protein_PB.7807.1	KCTD16	KCTD16	full-splice_match	YES	11.61	11.2	22.07
PB.7809.3	Protein_PB.7809.3	ARHGAP26	ARHGAP26	full-splice_match	YES	25.3	29.35	35.59
PB.7811.1	Protein_PB.7811.1	NDFIP1	NDFIP1	full-splice_match	YES	782.99	842.37	744.74
PB.7811.4	Protein_PB.7811.4	NDFIP1	NDFIP1	novel_not_in_catalog	YES	22.14	34.2	36.97
PB.7812.1		LOC113255366	LOC113255366	novel_not_in_catalog	NO	28.7	32.92	41.5
PB.7813.1	Protein_PB.7813.1	RNF14	RNF14	novel_not_in_catalog	YES	97.17	82.32	85.08
PB.7813.10	Protein_PB.7813.10	RNF14	RNF14	novel_not_in_catalog	YES	11.41	5.78	17.88
PB.7813.13	Protein_PB.7813.13	RNF14	RNF14	novel_in_catalog	YES	52.4	52.77	73.73
PB.7813.15	Protein_PB.7813.15	RNF14	RNF14	novel_not_in_catalog	YES	18.09	12.84	14.44
PB.7813.23	Protein_PB.7813.23	RNF14	RNF14	novel_not_in_catalog	YES	30.16	56.45	27.47
PB.7813.24	Protein_PB.7813.24	RNF14	RNF14	novel_not_in_catalog	YES	47.14	39.69	44.66
PB.7813.3	Protein_PB.7813.3	RNF14	RNF14	full-splice_match	YES	5.71	20.84	21.16
PB.7813.7	Protein_PB.7813.7	RNF14	RNF14	full-splice_match	YES	307.86	380.17	193.38
PB.7814.3	Protein_PB.7814.3	DELE1	DELE1	novel_in_catalog	YES	376.97	398.71	282.91
PB.7814.6	Protein_PB.7814.6	DELE1	DELE1	novel_in_catalog	YES	203.55	229.87	175.18
PB.7817.3	Protein_PB.7817.3	LOC113255376	LOC113255376	novel_not_in_catalog	YES	144.22	80.38	112.0
PB.7817.7	Protein_PB.7817.7	LOC113255376	LOC113255376	full-splice_match	YES	27.98	17.93	32.33
PB.782.1	Protein_PB.782.1	ADCY5	ADCY5	full-splice_match	YES	29.86	25.03	28.68
PB.7822.1	Protein_PB.7822.1	TET2	TET2	full-splice_match	YES	160.32	128.19	168.61
PB.7824.3	Protein_PB.7824.3	GSTCD	GSTCD	full-splice_match	YES	14.96	16.48	16.93
PB.7825.1	Protein_PB.7825.1	NPNT	NPNT	full-splice_match	YES	44.8	9.44	14.39
PB.7827.2	Protein_PB.7827.2	AIMP1	AIMP1	full-splice_match	YES	422.34	485.05	331.54
PB.7827.3	Protein_PB.7827.3	AIMP1	AIMP1	full-splice_match	YES	22.63	21.76	34.64
PB.783.5	Protein_PB.783.5	HACD2	HACD2	full-splice_match	YES	28.89	23.33	27.03
PB.7830.3	Protein_PB.7830.3	SGMS2	SGMS2	full-splice_match	YES	68.55	39.26	62.73
PB.7831.1	Protein_PB.7831.1	LOC113255542	LOC113255542	full-splice_match	YES	46.68	39.55	46.08
PB.7832.1	Protein_PB.7832.1	HADH	HADH	full-splice_match	YES	3197.44	5001.54	2489.86
PB.7832.10	Protein_PB.7832.10	HADH	HADH	incomplete-splice_match	YES	0.0	4.83	56.38
PB.7832.11	Protein_PB.7832.11	HADH	HADH	novel_not_in_catalog	YES	15.04	9.66	21.01
PB.7832.15	Protein_PB.7832.15	HADH	HADH	novel_not_in_catalog	YES	18.87	15.74	21.5
PB.7832.18	Protein_PB.7832.18	HADH	HADH	novel_not_in_catalog	YES	34.74	37.51	48.74
PB.7832.20	Protein_PB.7832.20	HADH	HADH	incomplete-splice_match	YES	1518.97	2165.71	1194.99
PB.7832.3	Protein_PB.7832.3	HADH	HADH	novel_not_in_catalog	YES	29.47	24.17	30.24
PB.7832.4	Protein_PB.7832.4	HADH	HADH	novel_not_in_catalog	YES	26.01	27.21	36.54
PB.7832.6	Protein_PB.7832.6	HADH	HADH	novel_not_in_catalog	YES	16.1	17.92	21.67
PB.7835.1	Protein_PB.7835.1	RPL34	RPL34	novel_not_in_catalog	YES	837.99	872.6	1023.68
PB.7835.2	Protein_PB.7835.2	RPL34	RPL34	novel_not_in_catalog	YES	61.17	104.91	104.21
PB.7835.3	Protein_PB.7835.3	RPL34	RPL34	full-splice_match	YES	1479.33	1574.32	1683.41
PB.7836.1	Protein_PB.7836.1	OSTC	OSTC	full-splice_match	YES	118.99	134.56	84.65
PB.7837.1	Protein_PB.7837.1	SEC24B	SEC24B	full-splice_match	YES	29.07	47.57	20.01
PB.7837.10	Protein_PB.7837.10	SEC24B	SEC24B	novel_not_in_catalog	YES	20.16	19.47	28.79
PB.7837.11	Protein_PB.7837.11	SEC24B	SEC24B	novel_not_in_catalog	YES	22.02	19.65	22.49
PB.7837.3	Protein_PB.7837.3	SEC24B	SEC24B	full-splice_match	YES	113.41	108.09	81.87
PB.7837.6	Protein_PB.7837.6	SEC24B	SEC24B	full-splice_match	YES	13.21	19.84	23.84
PB.7837.8	Protein_PB.7837.8	SEC24B	SEC24B	novel_not_in_catalog	YES	61.35	67.93	113.27
PB.7837.9	Protein_PB.7837.9	SEC24B	SEC24B	incomplete-splice_match	YES	29.59	13.34	45.65
PB.784.1	Protein_PB.784.1	MYLK	MYLK	novel_in_catalog	YES	31.75	51.53	14.0
PB.784.11	Protein_PB.784.11	MYLK	MYLK	novel_in_catalog	YES	100.78	47.21	71.55
PB.784.14	Protein_PB.784.14	MYLK	MYLK	incomplete-splice_match	YES	105.64	72.19	85.5
PB.784.3	Protein_PB.784.3	MYLK	MYLK	full-splice_match	YES	17.7	27.29	16.67
PB.784.7	Protein_PB.784.7	MYLK	MYLK	full-splice_match	YES	60.54	55.29	23.65
PB.7842.1	Protein_PB.7842.1	EGF	EGF	novel_not_in_catalog	YES	194.02	236.19	95.49
PB.7842.2	Protein_PB.7842.2	EGF	EGF	novel_not_in_catalog	YES	28.16	16.9	22.06
PB.7842.4	Protein_PB.7842.4	EGF	EGF	novel_not_in_catalog	YES	366.29	338.24	140.35
PB.7842.5	Protein_PB.7842.5	EGF	EGF	incomplete-splice_match	YES	233.7	345.92	97.96
PB.7842.6	Protein_PB.7842.6	EGF	EGF	novel_not_in_catalog	YES	0.0	18.46	4.76
PB.7850.1	Protein_PB.7850.1	FAM241A	FAM241A	full-splice_match	YES	28.87	19.7	22.93
PB.7851.1	Protein_PB.7851.1	AP1AR	AP1AR	full-splice_match	YES	39.54	35.56	37.65
PB.7854.2	Protein_PB.7854.2	LARP7	LARP7	full-splice_match	YES	80.9	55.8	40.29
PB.7854.3	Protein_PB.7854.3	LARP7	LARP7	full-splice_match	YES	286.36	312.34	241.68
PB.7854.6	Protein_PB.7854.6	LARP7	LARP7	full-splice_match	YES	82.5	103.06	51.47
PB.7856.1	Protein_PB.7856.1	ANK2	ANK2	full-splice_match	YES	129.75	117.52	118.63
PB.7856.10	Protein_PB.7856.10	ANK2	ANK2	novel_in_catalog	YES	22.68	25.76	46.99
PB.7856.12	Protein_PB.7856.12	ANK2	ANK2	incomplete-splice_match	YES	18.57	11.29	22.87
PB.7856.3	Protein_PB.7856.3	ANK2	ANK2	full-splice_match	YES	36.74	26.26	38.14
PB.7856.4	Protein_PB.7856.4	ANK2	ANK2	novel_not_in_catalog	YES	214.01	183.54	277.26
PB.7856.5	Protein_PB.7856.5	ANK2	ANK2	novel_not_in_catalog	YES	52.37	36.85	66.82
PB.7856.6	Protein_PB.7856.6	ANK2	ANK2	novel_not_in_catalog	YES	566.87	839.15	565.37
PB.7856.8	Protein_PB.7856.8	ANK2	ANK2	novel_not_in_catalog	YES	543.21	334.17	421.65
PB.7865.4		LOC113255603	LOC113255603	full-splice_match	NO	146.61	137.45	196.92
PB.7866.3	Protein_PB.7866.3	METTL14	METTL14	novel_in_catalog	YES	17.44	40.58	15.56
PB.7866.8	Protein_PB.7866.8	METTL14	METTL14	novel_in_catalog	YES	21.6	33.71	29.6
PB.7866.9	Protein_PB.7866.9	METTL14	METTL14	incomplete-splice_match	YES	108.87	108.09	85.88
PB.7867.1	Protein_PB.7867.1	SYNPO2	SYNPO2	novel_not_in_catalog	YES	67.3	68.54	115.59
PB.7867.12	Protein_PB.7867.12	SYNPO2	SYNPO2	novel_not_in_catalog	YES	1974.43	2076.37	1756.8
PB.7867.13	Protein_PB.7867.13	SYNPO2	SYNPO2	novel_not_in_catalog	YES	299.29	222.58	336.98
PB.7867.14	Protein_PB.7867.14	SYNPO2	SYNPO2	novel_not_in_catalog	YES	1945.77	2118.89	1629.17
PB.7867.15	Protein_PB.7867.15	SYNPO2	SYNPO2	novel_not_in_catalog	YES	0.0	4.99	20.4
PB.7867.16	Protein_PB.7867.16	SYNPO2	SYNPO2	novel_not_in_catalog	YES	1010.15	966.82	839.85
PB.7867.17	Protein_PB.7867.17	SYNPO2	SYNPO2	novel_not_in_catalog	YES	408.26	339.14	392.01
PB.7867.2	Protein_PB.7867.2	SYNPO2	SYNPO2	full-splice_match	YES	58.97	35.22	44.41
PB.7867.3	Protein_PB.7867.3	SYNPO2	SYNPO2	full-splice_match	YES	122.03	120.92	163.27
PB.7867.5	Protein_PB.7867.5	SYNPO2	SYNPO2	novel_not_in_catalog	YES	307.05	399.59	247.76
PB.7867.6	Protein_PB.7867.6	SYNPO2	SYNPO2	incomplete-splice_match	YES	66.11	56.99	15.24
PB.7867.7	Protein_PB.7867.7	SYNPO2	SYNPO2	novel_not_in_catalog	YES	992.54	1255.66	842.17
PB.7867.8	Protein_PB.7867.8	SYNPO2	SYNPO2	novel_not_in_catalog	YES	524.85	694.07	390.74
PB.7867.9	Protein_PB.7867.9	SYNPO2	SYNPO2	novel_not_in_catalog	YES	1618.92	1712.75	1354.27
PB.7868.1	Protein_PB.7868.1	MYOZ2	MYOZ2	full-splice_match	YES	2711.22	5193.09	2096.23
PB.7868.2	Protein_PB.7868.2	MYOZ2	MYOZ2	incomplete-splice_match	YES	95.84	93.37	110.74
PB.7868.3	Protein_PB.7868.3	MYOZ2	MYOZ2	novel_in_catalog	YES	1580.78	2921.27	1675.52
PB.7868.5	Protein_PB.7868.5	MYOZ2	MYOZ2	novel_not_in_catalog	YES	3256.85	5998.58	2573.89
PB.7869.1	Protein_PB.7869.1	USP53	USP53	full-splice_match	YES	29.58	34.4	13.19
PB.7869.2	Protein_PB.7869.2	USP53	USP53	full-splice_match	YES	273.19	248.62	300.01
PB.7875.5	Protein_PB.7875.5	EXOSC9	EXOSC9	full-splice_match	YES	408.08	486.52	304.21
PB.7878.4	Protein_PB.7878.4	KIAA1109	KIAA1109	full-splice_match	YES	29.42	22.61	46.21
PB.7878.5	Protein_PB.7878.5	KIAA1109	KIAA1109	full-splice_match	YES	816.38	712.9	779.93
PB.7878.6	Protein_PB.7878.6	KIAA1109	KIAA1109	full-splice_match	YES	97.09	191.47	69.62
PB.788.1	Protein_PB.788.1	ITGB5	ITGB5	full-splice_match	YES	917.58	829.89	807.85
PB.788.2	Protein_PB.788.2	ITGB5	ITGB5	full-splice_match	YES	24.92	24.79	69.69
PB.7882.2	Protein_PB.7882.2	BBS12	BBS12	full-splice_match	YES	18.6	10.81	19.19
PB.7883.1	Protein_PB.7883.1	FGF2	FGF2	incomplete-splice_match	YES	25.5	34.95	51.87
PB.7883.2	Protein_PB.7883.2	FGF2	FGF2	novel_not_in_catalog	YES	29.88	8.98	9.87
PB.7884.3	Protein_PB.7884.3	SPATA5	SPATA5	full-splice_match	YES	96.34	98.46	74.42
PB.7885.1	Protein_PB.7885.1	SPRY1	SPRY1	full-splice_match	YES	40.74	51.59	52.92
PB.7885.2	Protein_PB.7885.2	SPRY1	SPRY1	novel_not_in_catalog	YES	62.6	62.75	65.01
PB.7885.4	Protein_PB.7885.4	SPRY1	SPRY1	full-splice_match	YES	20.44	12.39	14.66
PB.7885.6	Protein_PB.7885.6	SPRY1	SPRY1	incomplete-splice_match	YES	83.24	80.18	99.36
PB.7885.7	Protein_PB.7885.7	SPRY1	SPRY1	novel_in_catalog	YES	16.07	14.44	18.78
PB.7891.1	Protein_PB.7891.1	FAT4	FAT4	full-splice_match	YES	131.6	90.82	91.83
PB.7891.2	Protein_PB.7891.2	FAT4	FAT4	full-splice_match	YES	232.19	110.03	329.48
PB.7895.1	Protein_PB.7895.1	HSPA4L	HSPA4L	novel_not_in_catalog	YES	63.55	48.83	34.1
PB.7895.2	Protein_PB.7895.2	HSPA4L	HSPA4L	full-splice_match	YES	50.61	57.56	52.84
PB.7897.1	Protein_PB.7897.1	ABHD18	ABHD18	full-splice_match	YES	169.91	293.52	72.4
PB.7897.3	Protein_PB.7897.3	ABHD18	ABHD18	novel_not_in_catalog	YES	99.43	180.4	29.95
PB.7897.4	Protein_PB.7897.4	ABHD18	ABHD18	novel_in_catalog	YES	40.4	53.84	30.38
PB.7898.1	Protein_PB.7898.1	LARP1B	LARP1B	full-splice_match	YES	22.82	12.41	22.29
PB.7898.10	Protein_PB.7898.10	LARP1B	LARP1B	full-splice_match	YES	25.78	36.93	38.52
PB.7898.13	Protein_PB.7898.13	LARP1B	LARP1B	full-splice_match	YES	187.34	131.66	119.2
PB.7898.16	Protein_PB.7898.16	LARP1B	LARP1B	full-splice_match	YES	24.72	19.06	23.72
PB.7898.17	Protein_PB.7898.17	LARP1B	LARP1B	full-splice_match	YES	22.19	24.54	27.28
PB.7898.18	Protein_PB.7898.18	LARP1B	LARP1B	full-splice_match	YES	34.64	32.13	45.0
PB.7898.3	Protein_PB.7898.3	LARP1B	LARP1B	novel_in_catalog	YES	97.44	174.25	101.54
PB.7898.5	Protein_PB.7898.5	LARP1B	LARP1B	novel_in_catalog	YES	18.82	13.21	7.94
PB.7898.9	Protein_PB.7898.9	LARP1B	LARP1B	novel_in_catalog	YES	82.34	62.91	61.65
PB.790.1	Protein_PB.790.1	LOC113242390	LOC113242390	novel_not_in_catalog	YES	71.86	114.06	67.48
PB.790.3	Protein_PB.790.3	LOC113242390	LOC113242390	novel_not_in_catalog	YES	133.81	216.77	126.35
PB.7901.1	Protein_PB.7901.1	JADE1	JADE1	full-splice_match	YES	29.49	33.05	61.07
PB.7901.10	Protein_PB.7901.10	JADE1	JADE1	full-splice_match	YES	58.27	31.05	87.82
PB.7901.4	Protein_PB.7901.4	JADE1	JADE1	incomplete-splice_match	YES	1.42	14.36	33.04
PB.7901.5	Protein_PB.7901.5	JADE1	JADE1	novel_not_in_catalog	YES	9.0	1.97	20.89
PB.7902.2	Protein_PB.7902.2	CUNH4orf33	CUNH4orf33	full-splice_match	YES	22.22	20.49	14.28
PB.791.1	Protein_PB.791.1	HEG1	HEG1	full-splice_match	YES	417.32	258.38	193.84
PB.7914.1	Protein_PB.7914.1	NOCT	NOCT	full-splice_match	YES	16.93	18.86	21.87
PB.7914.5	Protein_PB.7914.5	NOCT	NOCT	novel_not_in_catalog	YES	25.22	8.25	6.92
PB.7914.7	Protein_PB.7914.7	NOCT	NOCT	novel_not_in_catalog	YES	38.53	48.79	32.02
PB.7915.3	Protein_PB.7915.3	NAA15	NAA15	full-splice_match	YES	342.45	416.93	327.51
PB.7915.4	Protein_PB.7915.4	NAA15	NAA15	full-splice_match	YES	102.21	82.9	144.13
PB.7916.3	Protein_PB.7916.3	RAB33B	RAB33B	novel_not_in_catalog	YES	35.4	54.8	71.03
PB.7916.4	Protein_PB.7916.4	RAB33B	RAB33B	full-splice_match	YES	41.76	14.18	42.76
PB.7917.1	Protein_PB.7917.1	MGST2	MGST2	full-splice_match	YES	75.14	69.23	53.41
PB.7917.3		MGST2	MGST2	novel_not_in_catalog	NO	17.77	16.76	8.49
PB.7917.4	Protein_PB.7917.4	MGST2	MGST2	full-splice_match	YES	518.92	454.83	484.65
PB.7919.1	Protein_PB.7919.1	SCOC	SCOC	novel_in_catalog	YES	82.63	78.69	70.11
PB.7919.2		SCOC	SCOC	novel_not_in_catalog	NO	101.76	141.45	99.34
PB.7920.1	Protein_PB.7920.1	ELMOD2	ELMOD2	full-splice_match	YES	38.12	59.88	18.62
PB.7920.8	Protein_PB.7920.8	ELMOD2	ELMOD2	novel_not_in_catalog	YES	14.77	22.16	15.46
PB.7923.1	Protein_PB.7923.1	ZNF330	ZNF330	full-splice_match	YES	150.98	153.34	158.62
PB.7923.3	Protein_PB.7923.3	ZNF330	ZNF330	novel_in_catalog	YES	23.4	22.08	14.5
PB.7928.1	Protein_PB.7928.1	USP38	USP38	novel_in_catalog	YES	48.76	53.97	45.05
PB.7928.3	Protein_PB.7928.3	USP38	USP38	incomplete-splice_match	YES	422.07	432.0	372.42
PB.7928.5	Protein_PB.7928.5	USP38	USP38	full-splice_match	YES	354.77	380.74	349.09
PB.7929.2	Protein_PB.7929.2	GAB1	GAB1	full-splice_match	YES	42.67	52.4	50.9
PB.7929.3	Protein_PB.7929.3	GAB1	GAB1	full-splice_match	YES	40.71	38.37	44.19
PB.7929.4	Protein_PB.7929.4	GAB1	GAB1	full-splice_match	YES	101.38	70.06	78.13
PB.7929.5	Protein_PB.7929.5	GAB1	GAB1	full-splice_match	YES	88.85	95.36	64.97
PB.7929.7	Protein_PB.7929.7	GAB1	GAB1	full-splice_match	YES	19.72	6.44	6.32
PB.793.1	Protein_PB.793.1	ZNF148	ZNF148	full-splice_match	YES	192.18	255.78	203.22
PB.793.2	Protein_PB.793.2	ZNF148	ZNF148	full-splice_match	YES	101.59	76.89	72.38
PB.793.3	Protein_PB.793.3	ZNF148	ZNF148	full-splice_match	YES	55.8	26.39	43.91
PB.793.4	Protein_PB.793.4	ZNF148	ZNF148	full-splice_match	YES	58.2	102.12	138.9
PB.793.5	Protein_PB.793.5	ZNF148	ZNF148	full-splice_match	YES	181.14	152.78	196.03
PB.7930.13	Protein_PB.7930.13	SMARCA5	SMARCA5	novel_in_catalog	YES	95.32	86.86	19.19
PB.7930.15	Protein_PB.7930.15	SMARCA5	SMARCA5	incomplete-splice_match	YES	640.13	579.06	936.64
PB.7930.16	Protein_PB.7930.16	SMARCA5	SMARCA5	incomplete-splice_match	YES	41.68	60.61	110.98
PB.7930.2	Protein_PB.7930.2	SMARCA5	SMARCA5	full-splice_match	YES	4.46	17.93	8.95
PB.7930.6	Protein_PB.7930.6	SMARCA5	SMARCA5	incomplete-splice_match	YES	17.29	4.22	25.09
PB.7930.8	Protein_PB.7930.8	SMARCA5	SMARCA5	incomplete-splice_match	YES	377.19	419.42	697.8
PB.7933.2	Protein_PB.7933.2	HHIP	HHIP	full-splice_match	YES	36.06	29.96	30.68
PB.7934.10	Protein_PB.7934.10	ABCE1	ABCE1	novel_not_in_catalog	YES	19.78	41.48	38.34
PB.7934.14	Protein_PB.7934.14	ABCE1	ABCE1	novel_not_in_catalog	YES	46.91	29.43	32.93
PB.7934.16	Protein_PB.7934.16	ABCE1	ABCE1	novel_not_in_catalog	YES	11.73	12.46	27.51
PB.7934.17	Protein_PB.7934.17	ABCE1	ABCE1	incomplete-splice_match	YES	289.75	327.33	202.59
PB.7934.18	Protein_PB.7934.18	ABCE1	ABCE1	incomplete-splice_match	YES	27.58	18.53	43.4
PB.7934.19	Protein_PB.7934.19	ABCE1	ABCE1	incomplete-splice_match	YES	40.6	90.17	72.22
PB.7934.4	Protein_PB.7934.4	ABCE1	ABCE1	incomplete-splice_match	YES	261.84	302.06	236.07
PB.7934.5	Protein_PB.7934.5	ABCE1	ABCE1	novel_in_catalog	YES	14.71	19.69	17.26
PB.7934.6	Protein_PB.7934.6	ABCE1	ABCE1	novel_in_catalog	YES	19.14	15.7	28.07
PB.7934.7	Protein_PB.7934.7	ABCE1	ABCE1	novel_in_catalog	YES	31.14	8.5	45.39
PB.7934.8	Protein_PB.7934.8	ABCE1	ABCE1	novel_not_in_catalog	YES	16.44	4.81	24.77
PB.7935.1	Protein_PB.7935.1	SMAD1	SMAD1	full-splice_match	YES	21.48	13.6	16.5
PB.7935.3	Protein_PB.7935.3	SMAD1	SMAD1	incomplete-splice_match	YES	111.42	101.69	144.19
PB.7936.1	Protein_PB.7936.1	MMAA	MMAA	full-splice_match	YES	84.09	106.93	63.47
PB.7937.1	Protein_PB.7937.1	LSM6	LSM6	full-splice_match	YES	114.05	124.2	97.82
PB.794.2	Protein_PB.794.2	SNX4	SNX4	full-splice_match	YES	211.17	233.23	249.97
PB.794.4	Protein_PB.794.4	SNX4	SNX4	novel_not_in_catalog	YES	5.63	9.15	19.22
PB.7942.1	Protein_PB.7942.1	EDNRA	EDNRA	full-splice_match	YES	61.9	43.31	46.02
PB.7943.2	Protein_PB.7943.2	TMEM184C	TMEM184C	full-splice_match	YES	280.71	271.39	215.36
PB.7943.3	Protein_PB.7943.3	TMEM184C	TMEM184C	novel_not_in_catalog	YES	14.41	42.83	22.63
PB.7944.1	Protein_PB.7944.1	ARHGAP10	ARHGAP10	novel_not_in_catalog	YES	99.52	72.33	134.2
PB.7944.3	Protein_PB.7944.3	ARHGAP10	ARHGAP10	full-splice_match	YES	99.37	91.09	60.57
PB.7944.4	Protein_PB.7944.4	ARHGAP10	ARHGAP10	novel_not_in_catalog	YES	145.91	143.17	143.84
PB.7944.5	Protein_PB.7944.5	ARHGAP10	ARHGAP10	novel_in_catalog	YES	18.69	29.04	24.64
PB.795.1	Protein_PB.795.1	OSBPL11	OSBPL11	full-splice_match	YES	477.92	464.27	429.37
PB.795.2	Protein_PB.795.2	OSBPL11	OSBPL11	incomplete-splice_match	YES	215.56	208.85	226.96
PB.7950.1	Protein_PB.7950.1	RPS3A	RPS3A	full-splice_match	YES	10109.91	10475.19	12596.75
PB.7950.3	Protein_PB.7950.3	RPS3A	RPS3A	novel_in_catalog	YES	13.0	24.0	16.04
PB.7955.1	Protein_PB.7955.1	FAM160A1	FAM160A1	full-splice_match	YES	277.95	310.81	84.75
PB.7955.2	Protein_PB.7955.2	FAM160A1	FAM160A1	full-splice_match	YES	470.26	552.43	779.78
PB.7955.3	Protein_PB.7955.3	FAM160A1	FAM160A1	novel_not_in_catalog	YES	975.38	1087.46	1449.94
PB.7955.4	Protein_PB.7955.4	FAM160A1	FAM160A1	novel_not_in_catalog	YES	66.7	100.22	118.31
PB.7958.1	Protein_PB.7958.1	novelGene_983	novelGene_983	intergenic	YES	104.47	100.36	106.77
PB.7959.6	Protein_PB.7959.6	ARFIP1	ARFIP1	full-splice_match	YES	31.9	19.26	18.77
PB.7959.7	Protein_PB.7959.7	ARFIP1	ARFIP1	novel_in_catalog	YES	9.24	8.61	24.27
PB.7959.8	Protein_PB.7959.8	ARFIP1	ARFIP1	full-splice_match	YES	20.86	26.98	9.89
PB.7961.2	Protein_PB.7961.2	TRIM2	TRIM2	full-splice_match	YES	72.77	50.95	61.94
PB.7963.10	Protein_PB.7963.10	TMEM131L	TMEM131L	novel_not_in_catalog	YES	28.86	31.68	66.88
PB.7963.11	Protein_PB.7963.11	TMEM131L	TMEM131L	incomplete-splice_match	YES	56.16	58.18	78.39
PB.7963.2	Protein_PB.7963.2	TMEM131L	TMEM131L	full-splice_match	YES	32.67	43.39	41.43
PB.7963.5	Protein_PB.7963.5	TMEM131L	TMEM131L	incomplete-splice_match	YES	20.73	16.9	37.67
PB.7963.6	Protein_PB.7963.6	TMEM131L	TMEM131L	novel_in_catalog	YES	25.44	21.72	40.52
PB.7963.7	Protein_PB.7963.7	TMEM131L	TMEM131L	novel_not_in_catalog	YES	100.75	74.71	94.22
PB.7971.1	Protein_PB.7971.1	GUCY1A1	GUCY1A1	full-splice_match	YES	34.78	29.16	35.93
PB.7971.2	Protein_PB.7971.2	GUCY1A1	GUCY1A1	full-splice_match	YES	39.04	10.17	19.43
PB.7971.4	Protein_PB.7971.4	GUCY1A1	GUCY1A1	full-splice_match	YES	48.2	38.48	38.25
PB.7972.5	Protein_PB.7972.5	GUCY1B1	GUCY1B1	full-splice_match	YES	107.02	80.86	91.94
PB.798.1	Protein_PB.798.1	RPL35A	RPL35A	full-splice_match	YES	935.24	922.14	911.87
PB.798.2	Protein_PB.798.2	RPL35A	RPL35A	full-splice_match	YES	1091.57	1140.61	1773.46
PB.798.3		RPL35A	RPL35A	incomplete-splice_match	NO	143.5	158.46	235.24
PB.798.4	Protein_PB.798.4	RPL35A	RPL35A	full-splice_match	YES	2653.1	2702.27	3289.92
PB.7987.11	Protein_PB.7987.11	ETFDH	ETFDH	novel_not_in_catalog	YES	170.79	271.53	478.57
PB.7987.15	Protein_PB.7987.15	ETFDH	ETFDH	novel_not_in_catalog	YES	866.88	1479.39	1451.63
PB.7987.2	Protein_PB.7987.2	ETFDH	ETFDH	novel_in_catalog	YES	134.52	224.42	288.61
PB.7987.3	Protein_PB.7987.3	ETFDH	ETFDH	novel_not_in_catalog	YES	283.96	463.2	337.53
PB.7987.4	Protein_PB.7987.4	ETFDH	ETFDH	novel_not_in_catalog	YES	54.24	88.06	132.03
PB.7987.5	Protein_PB.7987.5	ETFDH	ETFDH	novel_not_in_catalog	YES	94.04	238.24	63.91
PB.7987.6	Protein_PB.7987.6	ETFDH	ETFDH	novel_in_catalog	YES	11.45	33.68	38.1
PB.7987.7	Protein_PB.7987.7	ETFDH	ETFDH	novel_not_in_catalog	YES	235.46	417.34	328.01
PB.7987.9	Protein_PB.7987.9	ETFDH	ETFDH	full-splice_match	YES	46.03	72.5	45.56
PB.7989.1	Protein_PB.7989.1	FNIP2	FNIP2	full-splice_match	YES	77.1	83.08	93.37
PB.7989.2	Protein_PB.7989.2	FNIP2	FNIP2	full-splice_match	YES	194.38	185.03	122.11
PB.799.1	Protein_PB.799.1	LRCH3	LRCH3	full-splice_match	YES	43.19	14.66	9.83
PB.799.10	Protein_PB.799.10	FYTTD1	FYTTD1	novel_not_in_catalog	YES	94.06	114.13	68.13
PB.799.11	Protein_PB.799.11	FYTTD1	FYTTD1	novel_not_in_catalog	YES	772.15	861.41	885.81
PB.799.2	Protein_PB.799.2	LRCH3	LRCH3	full-splice_match	YES	39.17	75.26	55.15
PB.799.3	Protein_PB.799.3	LRCH3	LRCH3	full-splice_match	YES	34.37	0.0	26.0
PB.799.6	Protein_PB.799.6	LRCH3	LRCH3	novel_in_catalog	YES	28.75	29.66	19.9
PB.799.8	Protein_PB.799.8	LRCH3_FYTTD1	LRCH3_FYTTD1	full-splice_match	YES	104.26	141.19	242.05
PB.7990.10	Protein_PB.7990.10	RAPGEF2	RAPGEF2	full-splice_match	YES	62.81	47.35	110.65
PB.7990.11	Protein_PB.7990.11	RAPGEF2	RAPGEF2	novel_not_in_catalog	YES	123.49	131.69	155.18
PB.7990.12	Protein_PB.7990.12	RAPGEF2	RAPGEF2	full-splice_match	YES	33.23	33.68	38.65
PB.7990.13		RAPGEF2	RAPGEF2	incomplete-splice_match	NO	18.32	11.44	17.75
PB.7990.14	Protein_PB.7990.14	RAPGEF2	RAPGEF2	full-splice_match	YES	25.91	17.7	34.27
PB.7990.17	Protein_PB.7990.17	RAPGEF2	RAPGEF2	full-splice_match	YES	26.35	25.51	31.04
PB.7990.18	Protein_PB.7990.18	RAPGEF2	RAPGEF2	novel_in_catalog	YES	140.4	54.86	127.91
PB.7990.19	Protein_PB.7990.19	RAPGEF2	RAPGEF2	incomplete-splice_match	YES	123.39	161.58	123.05
PB.7990.2	Protein_PB.7990.2	RAPGEF2	RAPGEF2	full-splice_match	YES	46.17	31.8	51.84
PB.7990.3	Protein_PB.7990.3	RAPGEF2	RAPGEF2	full-splice_match	YES	22.59	90.63	18.48
PB.7990.5	Protein_PB.7990.5	RAPGEF2	RAPGEF2	full-splice_match	YES	22.43	29.75	23.02
PB.7990.8	Protein_PB.7990.8	RAPGEF2	RAPGEF2	full-splice_match	YES	143.18	68.92	125.96
PB.7996.3	Protein_PB.7996.3	TMA16	TMA16	full-splice_match	YES	30.5	28.03	44.21
PB.7996.4		TMA16	TMA16	novel_in_catalog	NO	31.69	42.66	27.23
PB.7996.5		TMA16	TMA16	novel_not_in_catalog	NO	5.62	8.61	32.71
PB.8006.1	Protein_PB.8006.1	KLHL2	KLHL2	full-splice_match	YES	44.86	31.44	55.76
PB.8007.6	Protein_PB.8007.6	MSMO1	MSMO1	full-splice_match	YES	48.87	54.57	70.91
PB.8008.1	Protein_PB.8008.1	CPE	CPE	full-splice_match	YES	69.68	36.6	56.25
PB.8008.2	Protein_PB.8008.2	CPE	CPE	full-splice_match	YES	157.15	116.73	141.16
PB.8008.4	Protein_PB.8008.4	CPE	CPE	incomplete-splice_match	YES	199.33	146.59	192.48
PB.8009.1	Protein_PB.8009.1	LOC113255514	LOC113255514	novel_not_in_catalog	YES	24.41	15.48	20.22
PB.8009.2	Protein_PB.8009.2	LOC113255514	LOC113255514	full-splice_match	YES	116.11	101.96	99.24
PB.8009.5	Protein_PB.8009.5	LOC113255514	LOC113255514	full-splice_match	YES	272.5	276.72	334.12
PB.8009.6	Protein_PB.8009.6	LOC113255514	LOC113255514	full-splice_match	YES	208.89	200.98	164.93
PB.8015.1	Protein_PB.8015.1	PPA2	PPA2	full-splice_match	YES	340.04	353.62	259.83
PB.8015.2	Protein_PB.8015.2	PPA2	PPA2	full-splice_match	YES	38.78	58.29	32.0
PB.8016.2	Protein_PB.8016.2	INTS12	INTS12	full-splice_match	YES	37.26	31.79	36.44
PB.8018.5	Protein_PB.8018.5	TBCK	TBCK	novel_not_in_catalog	YES	90.79	91.39	108.72
PB.8018.6	Protein_PB.8018.6	TBCK	TBCK	incomplete-splice_match	YES	77.2	81.21	110.19
PB.8022.1	Protein_PB.8022.1	DKK2	DKK2	novel_not_in_catalog	YES	15.69	30.46	7.36
PB.8022.2	Protein_PB.8022.2	DKK2	DKK2	full-splice_match	YES	127.16	320.47	144.46
PB.8023.3	Protein_PB.8023.3	PAPSS1	PAPSS1	full-splice_match	YES	54.28	45.89	54.18
PB.8027.1	Protein_PB.8027.1	ETNPPL	ETNPPL	full-splice_match	YES	39.93	69.44	24.92
PB.8029.14	Protein_PB.8029.14	PLA2G12A	PLA2G12A	full-splice_match	YES	56.01	102.78	68.97
PB.8029.15	Protein_PB.8029.15	PLA2G12A	PLA2G12A	full-splice_match	YES	135.7	267.1	134.62
PB.8029.16	Protein_PB.8029.16	PLA2G12A	PLA2G12A	novel_in_catalog	YES	156.88	313.67	168.56
PB.8029.17	Protein_PB.8029.17	PLA2G12A	PLA2G12A	novel_in_catalog	YES	28.53	22.71	32.46
PB.8029.18	Protein_PB.8029.18	PLA2G12A	PLA2G12A	novel_not_in_catalog	YES	26.3	55.38	17.13
PB.803.5	Protein_PB.803.5	TNK2	TNK2	full-splice_match	YES	11.46	12.03	19.63
PB.803.7	Protein_PB.803.7	TNK2	TNK2	full-splice_match	YES	75.8	43.24	77.9
PB.8034.1	Protein_PB.8034.1	PITX2	PITX2	full-splice_match	YES	18.7	40.16	44.85
PB.8034.2	Protein_PB.8034.2	PITX2	PITX2	novel_not_in_catalog	YES	11.35	25.95	24.14
PB.8034.3	Protein_PB.8034.3	PITX2	PITX2	novel_not_in_catalog	YES	26.86	60.93	92.7
PB.804.1	Protein_PB.804.1	TFRC	TFRC	full-splice_match	YES	169.81	116.29	133.12
PB.804.2	Protein_PB.804.2	TFRC	TFRC	full-splice_match	YES	1480.37	1070.38	943.59
PB.804.5	Protein_PB.804.5	TFRC	TFRC	novel_not_in_catalog	YES	600.41	375.01	338.46
PB.804.6	Protein_PB.804.6	TFRC	TFRC	novel_not_in_catalog	YES	78.63	51.73	93.95
PB.804.7	Protein_PB.804.7	TFRC	TFRC	novel_not_in_catalog	YES	49.67	28.5	16.66
PB.8045.1	Protein_PB.8045.1	ZGRF1	ZGRF1	full-splice_match	YES	27.63	27.78	33.12
PB.8046.10	Protein_PB.8046.10	CAMK2D	CAMK2D	full-splice_match	YES	35.53	52.02	28.15
PB.8046.11	Protein_PB.8046.11	CAMK2D	CAMK2D	novel_in_catalog	YES	224.79	232.95	270.71
PB.8046.7	Protein_PB.8046.7	CAMK2D	CAMK2D	full-splice_match	YES	58.68	66.39	71.91
PB.8046.8	Protein_PB.8046.8	CAMK2D	CAMK2D	full-splice_match	YES	788.03	796.27	912.17
PB.8056.3	Protein_PB.8056.3	SEC24D	SEC24D	novel_not_in_catalog	YES	27.66	13.37	37.29
PB.8058.1		CUNH4orf3	CUNH4orf3	full-splice_match	NO	198.87	190.77	240.23
PB.806.1	Protein_PB.806.1	PCYT1A	PCYT1A	novel_not_in_catalog	YES	309.06	283.21	163.16
PB.806.10	Protein_PB.806.10	PCYT1A	PCYT1A	novel_not_in_catalog	YES	164.66	164.2	112.65
PB.806.2	Protein_PB.806.2	PCYT1A	PCYT1A	novel_not_in_catalog	YES	239.49	211.51	210.02
PB.806.3	Protein_PB.806.3	PCYT1A	PCYT1A	novel_not_in_catalog	YES	55.29	53.67	103.67
PB.806.6	Protein_PB.806.6	PCYT1A	PCYT1A	novel_not_in_catalog	YES	160.42	173.71	206.94
PB.806.7	Protein_PB.806.7	PCYT1A	PCYT1A	novel_not_in_catalog	YES	159.45	75.65	209.41
PB.806.9	Protein_PB.806.9	PCYT1A	PCYT1A	novel_not_in_catalog	YES	373.96	304.76	312.66
PB.8060.1	Protein_PB.8060.1	PDE5A	PDE5A	full-splice_match	YES	80.26	40.21	45.69
PB.8060.2	Protein_PB.8060.2	PDE5A	PDE5A	full-splice_match	YES	59.12	38.25	88.01
PB.8060.3	Protein_PB.8060.3	PDE5A	PDE5A	full-splice_match	YES	34.36	39.68	27.64
PB.807.1	Protein_PB.807.1	TCTEX1D2	TCTEX1D2	full-splice_match	YES	18.84	16.57	22.3
PB.8071.1	Protein_PB.8071.1	ANXA5	ANXA5	full-splice_match	YES	37.27	28.08	41.45
PB.8071.4	Protein_PB.8071.4	ANXA5	ANXA5	novel_not_in_catalog	YES	565.72	445.73	470.66
PB.8071.7	Protein_PB.8071.7	ANXA5	ANXA5	novel_in_catalog	YES	8.83	1.59	23.39
PB.8071.8	Protein_PB.8071.8	ANXA5	ANXA5	incomplete-splice_match	YES	133.05	124.66	117.6
PB.8074.7	Protein_PB.8074.7	BBS7	BBS7	novel_not_in_catalog	YES	24.71	29.09	21.61
PB.8080.3	Protein_PB.8080.3	NUDT6	NUDT6	full-splice_match	YES	96.68	108.09	98.06
PB.8083.1	Protein_PB.8083.1	ANKRD50	ANKRD50	full-splice_match	YES	77.49	54.09	82.17
PB.8085.1	Protein_PB.8085.1	LOC113255649	LOC113255649	full-splice_match	YES	504.63	542.25	396.29
PB.8086.10	Protein_PB.8086.10	MFSD8	MFSD8	full-splice_match	YES	7.25	16.97	14.21
PB.8086.4	Protein_PB.8086.4	MFSD8	MFSD8	full-splice_match	YES	40.8	26.14	26.25
PB.8087.1	Protein_PB.8087.1	PGRMC2	PGRMC2	full-splice_match	YES	284.22	265.57	350.43
PB.8087.2	Protein_PB.8087.2	PGRMC2	PGRMC2	novel_not_in_catalog	YES	41.68	34.88	50.28
PB.809.1	Protein_PB.809.1	UBXN7	UBXN7	full-splice_match	YES	68.05	80.76	47.65
PB.809.2	Protein_PB.809.2	UBXN7	UBXN7	full-splice_match	YES	65.86	44.3	80.91
PB.8099.1	Protein_PB.8099.1	PABPC4L	PABPC4L	full-splice_match	YES	17.2	13.05	19.13
PB.81.3	Protein_PB.81.3	RUNX1	RUNX1	full-splice_match	YES	23.7	8.36	24.09
PB.810.1	Protein_PB.810.1	RNF168	RNF168	full-splice_match	YES	92.67	60.64	64.62
PB.810.2	Protein_PB.810.2	RNF168	RNF168	full-splice_match	YES	19.73	20.29	27.77
PB.810.5	Protein_PB.810.5	RNF168	RNF168	novel_not_in_catalog	YES	78.51	83.74	66.87
PB.8104.1	Protein_PB.8104.1	PCDH18	PCDH18	full-splice_match	YES	62.84	51.08	47.2
PB.8104.4	Protein_PB.8104.4	PCDH18	PCDH18	full-splice_match	YES	26.82	21.53	17.27
PB.8107.11	Protein_PB.8107.11	ELF2	ELF2	full-splice_match	YES	152.18	197.18	199.22
PB.8107.12	Protein_PB.8107.12	ELF2	ELF2	novel_not_in_catalog	YES	32.26	18.26	17.74
PB.8107.2	Protein_PB.8107.2	ELF2	ELF2	full-splice_match	YES	36.99	33.75	65.74
PB.8107.4	Protein_PB.8107.4	ELF2	ELF2	full-splice_match	YES	40.64	40.88	15.71
PB.8107.5	Protein_PB.8107.5	ELF2	ELF2	full-splice_match	YES	49.72	44.29	47.1
PB.8107.6	Protein_PB.8107.6	ELF2	ELF2	full-splice_match	YES	25.78	26.78	12.85
PB.8107.9	Protein_PB.8107.9	ELF2	ELF2	full-splice_match	YES	489.46	476.84	544.69
PB.8109.1		NDUFC1	NDUFC1	full-splice_match	NO	366.78	467.87	265.61
PB.811.1	Protein_PB.811.1	SMCO1	SMCO1	full-splice_match	YES	34.72	22.18	37.17
PB.811.2	Protein_PB.811.2	SMCO1	SMCO1	novel_not_in_catalog	YES	274.14	401.38	306.46
PB.811.3	Protein_PB.811.3	SMCO1	SMCO1	novel_not_in_catalog	YES	35.57	50.35	58.55
PB.8111.1	Protein_PB.8111.1	SETD7	SETD7	novel_in_catalog	YES	839.83	818.15	554.73
PB.8111.2	Protein_PB.8111.2	SETD7	SETD7	full-splice_match	YES	372.57	367.84	290.62
PB.8111.3	Protein_PB.8111.3	SETD7	SETD7	novel_not_in_catalog	YES	26.1	6.35	18.91
PB.8111.4	Protein_PB.8111.4	SETD7	SETD7	novel_not_in_catalog	YES	2292.32	2081.92	1384.84
PB.8113.1	Protein_PB.8113.1	MAML3	MAML3	full-splice_match	YES	11.07	11.82	18.95
PB.8115.1	Protein_PB.8115.1	CLGN	CLGN	full-splice_match	YES	15.56	11.27	18.89
PB.8118.1	Protein_PB.8118.1	TBC1D9	TBC1D9	full-splice_match	YES	116.49	152.01	150.78
PB.812.2	Protein_PB.812.2	WDR53	WDR53	full-splice_match	YES	51.51	57.24	57.12
PB.8120.1	Protein_PB.8120.1	RNF150	RNF150	full-splice_match	YES	266.72	208.63	316.5
PB.8123.1	Protein_PB.8123.1	INPP4B	INPP4B	full-splice_match	YES	122.18	99.68	172.03
PB.8123.2	Protein_PB.8123.2	INPP4B	INPP4B	incomplete-splice_match	YES	113.94	84.01	10.39
PB.8123.3	Protein_PB.8123.3	INPP4B	INPP4B	full-splice_match	YES	57.51	38.33	30.19
PB.8123.8	Protein_PB.8123.8	INPP4B	INPP4B	full-splice_match	YES	59.22	33.54	48.34
PB.8125.1	Protein_PB.8125.1	LOC113255713	LOC113255713	novel_not_in_catalog	YES	18.63	19.2	12.89
PB.8134.1	Protein_PB.8134.1	OTUD4	OTUD4	full-splice_match	YES	171.33	205.53	275.3
PB.8134.2	Protein_PB.8134.2	OTUD4	OTUD4	full-splice_match	YES	257.17	146.78	182.52
PB.8134.3	Protein_PB.8134.3	OTUD4	OTUD4	full-splice_match	YES	391.03	476.32	507.54
PB.8134.4	Protein_PB.8134.4	OTUD4	OTUD4	novel_not_in_catalog	YES	310.13	457.79	518.46
PB.8135.2	Protein_PB.8135.2	ZNF827	ZNF827	full-splice_match	YES	28.68	36.69	64.62
PB.8143.2	Protein_PB.8143.2	PRMT9	PRMT9	novel_in_catalog	YES	29.11	30.77	41.8
PB.8143.4	Protein_PB.8143.4	PRMT9	PRMT9	novel_in_catalog	YES	19.98	8.51	15.87
PB.8143.7	Protein_PB.8143.7	PRMT9	PRMT9	novel_not_in_catalog	YES	44.07	56.07	38.73
PB.8145.1	Protein_PB.8145.1	NR3C2	NR3C2	full-splice_match	YES	157.26	150.82	176.43
PB.8145.4	Protein_PB.8145.4	NR3C2	NR3C2	full-splice_match	YES	56.78	69.89	121.96
PB.8145.5	Protein_PB.8145.5	NR3C2	NR3C2	full-splice_match	YES	46.98	37.64	46.93
PB.8149.11	Protein_PB.8149.11	LRBA	LRBA	novel_not_in_catalog	YES	186.38	243.96	270.94
PB.8149.5	Protein_PB.8149.5	LRBA	LRBA	full-splice_match	YES	32.42	11.67	71.58
PB.8149.9	Protein_PB.8149.9	LRBA	LRBA	full-splice_match	YES	377.24	353.0	255.3
PB.815.1	Protein_PB.815.1	NCBP2	NCBP2	full-splice_match	YES	42.72	40.57	45.56
PB.815.3	Protein_PB.815.3	NCBP2	NCBP2	novel_not_in_catalog	YES	17.74	10.24	16.59
PB.815.5	Protein_PB.815.5	NCBP2	NCBP2	novel_not_in_catalog	YES	91.96	97.4	76.07
PB.815.8	Protein_PB.815.8	NCBP2	NCBP2	novel_not_in_catalog	YES	28.02	37.49	29.32
PB.815.9		NCBP2	NCBP2	novel_not_in_catalog	NO	71.19	85.4	59.55
PB.8151.6	Protein_PB.8151.6	SH3D19	SH3D19	novel_in_catalog	YES	93.24	79.33	59.38
PB.8151.7	Protein_PB.8151.7	SH3D19	SH3D19	full-splice_match	YES	63.52	26.88	51.98
PB.8153.1	Protein_PB.8153.1	GATB	GATB	full-splice_match	YES	203.7	211.95	154.61
PB.8153.3	Protein_PB.8153.3	GATB	GATB	full-splice_match	YES	93.76	123.56	69.6
PB.8156.2	Protein_PB.8156.2	FBXW7	FBXW7	full-splice_match	YES	157.21	144.13	99.96
PB.8156.3	Protein_PB.8156.3	FBXW7	FBXW7	full-splice_match	YES	180.27	198.12	112.71
PB.8156.4	Protein_PB.8156.4	FBXW7	FBXW7	full-splice_match	YES	74.94	37.61	106.43
PB.8157.2	Protein_PB.8157.2	TMEM154	TMEM154	full-splice_match	YES	32.61	24.93	36.42
PB.8158.10	Protein_PB.8158.10	TIGD4	TIGD4	full-splice_match	YES	42.02	16.73	19.59
PB.8161.1	Protein_PB.8161.1	SFRP2	SFRP2	full-splice_match	YES	40.32	3.52	16.93
PB.8163.2	Protein_PB.8163.2	PLRG1	PLRG1	full-splice_match	YES	279.09	247.16	186.3
PB.8163.4	Protein_PB.8163.4	PLRG1	PLRG1	novel_in_catalog	YES	36.37	29.69	51.8
PB.8172.2	Protein_PB.8172.2	CTSO	CTSO	full-splice_match	YES	55.99	42.11	51.47
PB.8175.1	Protein_PB.8175.1	LOC113255786	LOC113255786	full-splice_match	YES	43.2	57.05	48.3
PB.8176.2	Protein_PB.8176.2	PDGFC	PDGFC	full-splice_match	YES	44.46	68.02	46.21
PB.8176.3	Protein_PB.8176.3	PDGFC	PDGFC	full-splice_match	YES	43.03	56.51	45.19
PB.8176.4	Protein_PB.8176.4	PDGFC	PDGFC	full-splice_match	YES	36.35	37.93	41.02
PB.8179.1	Protein_PB.8179.1	FAM198B	FAM198B	full-splice_match	YES	365.43	199.45	142.92
PB.818.2	Protein_PB.818.2	DLG1	DLG1	full-splice_match	YES	7.48	8.81	18.33
PB.818.3	Protein_PB.818.3	DLG1	DLG1	full-splice_match	YES	125.79	83.68	72.88
PB.818.4	Protein_PB.818.4	DLG1	DLG1	full-splice_match	YES	9.41	17.52	11.59
PB.818.7	Protein_PB.818.7	DLG1	DLG1	full-splice_match	YES	40.24	30.83	37.77
PB.818.8	Protein_PB.818.8	DLG1	DLG1	full-splice_match	YES	47.02	60.29	102.85
PB.8180.1	Protein_PB.8180.1	CUNH4orf46	CUNH4orf46	full-splice_match	YES	16.9	17.18	33.61
PB.8181.1	Protein_PB.8181.1	PPID	PPID	full-splice_match	YES	313.1	329.45	157.69
PB.8188.2	Protein_PB.8188.2	NAF1	NAF1	novel_not_in_catalog	YES	17.96	22.86	24.44
PB.8189.1	Protein_PB.8189.1	NPY1R	NPY1R	novel_in_catalog	YES	16.15	20.79	8.13
PB.819.2	Protein_PB.819.2	BDH1	BDH1	full-splice_match	YES	33.68	130.27	11.96
PB.819.3	Protein_PB.819.3	BDH1	BDH1	full-splice_match	YES	5.59	59.88	3.45
PB.8195.1	Protein_PB.8195.1	TMEM192	TMEM192	full-splice_match	YES	77.04	87.97	106.3
PB.8197.1	Protein_PB.8197.1	TST	TST	full-splice_match	YES	248.92	259.76	128.04
PB.8202.5	Protein_PB.8202.5	EIF3D	EIF3D	full-splice_match	YES	852.03	883.86	923.42
PB.8203.1	Protein_PB.8203.1	FOXRED2	FOXRED2	full-splice_match	YES	15.98	10.48	20.31
PB.8204.1	Protein_PB.8204.1	TXN2	TXN2	full-splice_match	YES	106.46	113.33	44.95
PB.8204.2	Protein_PB.8204.2	TXN2	TXN2	full-splice_match	YES	841.0	930.96	721.39
PB.8206.1	Protein_PB.8206.1	MYH9	MYH9	full-splice_match	YES	1443.96	915.29	1360.32
PB.8210.1	Protein_PB.8210.1	RBFOX2	RBFOX2	full-splice_match	YES	10.58	2.06	42.3
PB.8210.11	Protein_PB.8210.11	RBFOX2	RBFOX2	full-splice_match	YES	94.25	78.74	112.59
PB.8210.12	Protein_PB.8210.12	RBFOX2	RBFOX2	novel_not_in_catalog	YES	210.23	185.91	298.77
PB.8210.14	Protein_PB.8210.14	RBFOX2	RBFOX2	novel_not_in_catalog	YES	67.91	54.72	67.76
PB.8210.15	Protein_PB.8210.15	RBFOX2	RBFOX2	novel_not_in_catalog	YES	242.44	162.57	290.03
PB.8210.17	Protein_PB.8210.17	RBFOX2	RBFOX2	novel_in_catalog	YES	58.38	44.9	132.57
PB.8210.20	Protein_PB.8210.20	RBFOX2	RBFOX2	novel_not_in_catalog	YES	37.38	25.45	25.99
PB.8210.4	Protein_PB.8210.4	RBFOX2	RBFOX2	full-splice_match	YES	43.39	26.1	30.62
PB.8210.5	Protein_PB.8210.5	RBFOX2	RBFOX2	full-splice_match	YES	58.44	53.53	44.42
PB.8210.7	Protein_PB.8210.7	RBFOX2	RBFOX2	full-splice_match	YES	8.67	8.87	24.2
PB.8211.1	Protein_PB.8211.1	MB	MB	novel_not_in_catalog	YES	6796.59	5948.77	5442.34
PB.8211.2	Protein_PB.8211.2	MB	MB	novel_not_in_catalog	YES	2281.56	2110.29	1422.39
PB.8211.3	Protein_PB.8211.3	MB	MB	full-splice_match	YES	131789.77	130756.71	78764.38
PB.8211.4	Protein_PB.8211.4	MB	MB	novel_not_in_catalog	YES	137.48	124.46	244.47
PB.8211.5	Protein_PB.8211.5	MB	MB	novel_not_in_catalog	YES	68.13	65.1	152.06
PB.8211.6	Protein_PB.8211.6	MB	MB	incomplete-splice_match	YES	66.29	67.17	69.97
PB.8211.7	Protein_PB.8211.7	MB	MB	novel_in_catalog	YES	138.9	130.18	142.44
PB.8215.1	Protein_PB.8215.1	LARGE1	LARGE1	full-splice_match	YES	23.8	38.92	39.07
PB.8215.2	Protein_PB.8215.2	LARGE1	LARGE1	full-splice_match	YES	800.67	838.05	831.27
PB.8215.3	Protein_PB.8215.3	LARGE1	LARGE1	novel_not_in_catalog	YES	406.27	587.03	396.19
PB.8215.4	Protein_PB.8215.4	LARGE1	LARGE1	novel_not_in_catalog	YES	503.14	662.18	638.91
PB.8215.5	Protein_PB.8215.5	LARGE1	LARGE1	novel_not_in_catalog	YES	67.94	39.79	67.45
PB.822.1	Protein_PB.822.1	FAM43A	FAM43A	full-splice_match	YES	141.61	116.27	121.53
PB.8220.2	Protein_PB.8220.2	BPIFC	BPIFC	full-splice_match	YES	17.55	8.27	22.46
PB.8221.1	Protein_PB.8221.1	RTCB	RTCB	full-splice_match	YES	375.96	404.07	336.82
PB.8221.3	Protein_PB.8221.3	RTCB	RTCB	incomplete-splice_match	YES	191.83	212.53	192.58
PB.8222.1	Protein_PB.8222.1	PRDM4	PRDM4	full-splice_match	YES	100.92	112.05	97.07
PB.8222.3	Protein_PB.8222.3	PRDM4	PRDM4	full-splice_match	YES	61.82	70.81	94.83
PB.8222.4	Protein_PB.8222.4	PRDM4	PRDM4	incomplete-splice_match	YES	24.29	14.94	15.98
PB.8224.1	Protein_PB.8224.1	CRY1	CRY1	full-splice_match	YES	27.89	9.27	17.19
PB.8224.5	Protein_PB.8224.5	CRY1	CRY1	novel_not_in_catalog	YES	38.66	38.41	35.29
PB.8226.1	Protein_PB.8226.1	MTERF2	MTERF2	full-splice_match	YES	75.7	41.79	26.93
PB.8226.3	Protein_PB.8226.3	MTERF2	MTERF2	full-splice_match	YES	48.67	86.27	60.93
PB.8231.1	Protein_PB.8231.1	CKAP4	CKAP4	full-splice_match	YES	60.08	30.16	60.6
PB.8232.1	Protein_PB.8232.1	NUAK1	NUAK1	full-splice_match	YES	91.89	58.12	81.1
PB.8232.2	Protein_PB.8232.2	NUAK1	NUAK1	incomplete-splice_match	YES	122.41	65.91	87.18
PB.8236.10	Protein_PB.8236.10	APPL2	APPL2	incomplete-splice_match	YES	13.01	14.4	24.14
PB.8236.11	Protein_PB.8236.11	APPL2	APPL2	full-splice_match	YES	164.84	239.9	37.85
PB.8236.16	Protein_PB.8236.16	APPL2	APPL2	novel_not_in_catalog	YES	49.92	52.08	26.78
PB.8236.18	Protein_PB.8236.18	APPL2	APPL2	incomplete-splice_match	YES	61.32	63.09	110.35
PB.8236.2	Protein_PB.8236.2	APPL2	APPL2	novel_not_in_catalog	YES	133.82	122.05	150.29
PB.8236.5	Protein_PB.8236.5	APPL2	APPL2	incomplete-splice_match	YES	35.61	30.01	31.91
PB.8236.7	Protein_PB.8236.7	APPL2	APPL2	full-splice_match	YES	140.7	182.49	225.32
PB.8236.8	Protein_PB.8236.8	APPL2	APPL2	novel_not_in_catalog	YES	31.68	43.75	53.38
PB.8239.1	Protein_PB.8239.1	NFYB	NFYB	novel_not_in_catalog	YES	18.63	15.13	22.18
PB.8239.2	Protein_PB.8239.2	NFYB	NFYB	full-splice_match	YES	35.55	52.69	63.87
PB.8239.5	Protein_PB.8239.5	NFYB	NFYB	full-splice_match	YES	274.66	355.09	326.66
PB.8239.6	Protein_PB.8239.6	NFYB	NFYB	full-splice_match	YES	8.35	6.6	24.22
PB.8241.1		CUNH12orf73	CUNH12orf73	full-splice_match	NO	55.41	67.21	56.7
PB.8241.3		CUNH12orf73	CUNH12orf73	novel_not_in_catalog	NO	27.0	34.02	61.03
PB.8241.4		CUNH12orf73	CUNH12orf73	full-splice_match	NO	284.56	313.74	307.48
PB.8241.5		CUNH12orf73	CUNH12orf73	novel_not_in_catalog	NO	36.35	38.58	42.58
PB.8242.1	Protein_PB.8242.1	LOC113255961	LOC113255961	full-splice_match	YES	31.79	45.89	29.37
PB.8243.1	Protein_PB.8243.1	NT5DC3	NT5DC3	full-splice_match	YES	765.92	805.46	1845.97
PB.8247.2	Protein_PB.8247.2	IGF1	IGF1	full-splice_match	YES	55.2	45.79	50.87
PB.8249.2	Protein_PB.8249.2	NUP37	NUP37	full-splice_match	YES	59.52	68.48	54.53
PB.825.1	Protein_PB.825.1	HES1	HES1	full-splice_match	YES	86.79	71.28	177.68
PB.8250.1	Protein_PB.8250.1	WASHC3	WASHC3	full-splice_match	YES	122.05	143.97	131.79
PB.8250.6	Protein_PB.8250.6	WASHC3	WASHC3	novel_not_in_catalog	YES	85.99	114.49	101.76
PB.8253.1	Protein_PB.8253.1	GNPTAB	GNPTAB	full-splice_match	YES	758.42	626.8	514.33
PB.8253.2	Protein_PB.8253.2	GNPTAB	GNPTAB	novel_in_catalog	YES	13.43	10.94	28.86
PB.8253.3	Protein_PB.8253.3	GNPTAB	GNPTAB	novel_not_in_catalog	YES	12.66	9.15	49.92
PB.8253.4	Protein_PB.8253.4	GNPTAB	GNPTAB	novel_in_catalog	YES	129.63	199.92	188.3
PB.8253.8	Protein_PB.8253.8	GNPTAB	GNPTAB	incomplete-splice_match	YES	98.36	116.78	167.4
PB.8253.9	Protein_PB.8253.9	GNPTAB	GNPTAB	full-splice_match	YES	26.7	42.38	62.97
PB.8255.1	Protein_PB.8255.1	ARL1	ARL1	novel_in_catalog	YES	45.21	51.01	44.45
PB.8255.2	Protein_PB.8255.2	ARL1	ARL1	novel_not_in_catalog	YES	571.63	614.95	581.13
PB.8255.3	Protein_PB.8255.3	ARL1	ARL1	incomplete-splice_match	YES	49.33	64.33	49.35
PB.8255.5	Protein_PB.8255.5	LOC113256095_ARL1	LOC113256095_ARL1	fusion	YES	110.77	105.48	102.15
PB.8259.1	Protein_PB.8259.1	UHRF1BP1L	UHRF1BP1L	full-splice_match	YES	80.26	67.55	82.28
PB.8259.4	Protein_PB.8259.4	UHRF1BP1L	UHRF1BP1L	incomplete-splice_match	YES	102.93	95.63	88.24
PB.8259.6	Protein_PB.8259.6	UHRF1BP1L	UHRF1BP1L	full-splice_match	YES	28.28	20.65	26.32
PB.8265.1	Protein_PB.8265.1	IKBIP	IKBIP	full-splice_match	YES	71.45	49.96	60.23
PB.8265.2	Protein_PB.8265.2	IKBIP	IKBIP	full-splice_match	YES	47.02	39.88	48.05
PB.8271.1	Protein_PB.8271.1	CDK17	CDK17	full-splice_match	YES	59.47	63.53	58.48
PB.8271.2	Protein_PB.8271.2	CDK17	CDK17	incomplete-splice_match	YES	45.98	33.66	46.09
PB.8274.2	Protein_PB.8274.2	LTA4H	LTA4H	full-splice_match	YES	409.04	387.55	431.33
PB.8274.5	Protein_PB.8274.5	LTA4H	LTA4H	novel_in_catalog	YES	45.7	49.88	34.92
PB.8277.1	Protein_PB.8277.1	NTN4	NTN4	full-splice_match	YES	46.3	47.37	29.16
PB.8277.2	Protein_PB.8277.2	NTN4	NTN4	full-splice_match	YES	91.38	68.21	67.64
PB.828.1	Protein_PB.828.1	OPA1	OPA1	full-splice_match	YES	154.19	170.72	188.22
PB.828.10	Protein_PB.828.10	OPA1	OPA1	incomplete-splice_match	YES	8.1	18.42	9.43
PB.828.11	Protein_PB.828.11	OPA1	OPA1	incomplete-splice_match	YES	35.51	26.33	22.73
PB.828.13	Protein_PB.828.13	OPA1	OPA1	incomplete-splice_match	YES	122.98	212.98	116.06
PB.828.14	Protein_PB.828.14	OPA1	OPA1	incomplete-splice_match	YES	88.44	28.56	49.88
PB.828.15	Protein_PB.828.15	OPA1	OPA1	incomplete-splice_match	YES	54.84	22.74	70.55
PB.828.4	Protein_PB.828.4	OPA1	OPA1	full-splice_match	YES	169.75	202.24	162.26
PB.828.5	Protein_PB.828.5	OPA1	OPA1	novel_in_catalog	YES	245.06	288.91	218.37
PB.828.6	Protein_PB.828.6	OPA1	OPA1	novel_not_in_catalog	YES	251.16	287.06	178.72
PB.828.7	Protein_PB.828.7	OPA1	OPA1	novel_in_catalog	YES	27.66	65.5	21.77
PB.8282.1	Protein_PB.8282.1	FGD6	FGD6	full-splice_match	YES	20.6	59.95	58.28
PB.8282.2	Protein_PB.8282.2	FGD6	FGD6	full-splice_match	YES	51.45	27.28	38.54
PB.8283.2	Protein_PB.8283.2	NR2C1	NR2C1	full-splice_match	YES	14.41	30.8	31.54
PB.8283.4	Protein_PB.8283.4	NR2C1	NR2C1	novel_not_in_catalog	YES	106.48	118.3	163.47
PB.8283.5	Protein_PB.8283.5	NR2C1	NR2C1	full-splice_match	YES	36.22	23.28	38.96
PB.8284.1	Protein_PB.8284.1	NDUFA12	NDUFA12	full-splice_match	YES	1772.14	2068.03	1222.54
PB.8286.13	Protein_PB.8286.13	TMCC3	TMCC3	full-splice_match	YES	40.37	30.13	81.51
PB.8287.1	Protein_PB.8287.1	CEP83	CEP83	full-splice_match	YES	19.58	11.89	7.96
PB.8287.3	Protein_PB.8287.3	CEP83	CEP83	novel_not_in_catalog	YES	5.79	6.23	27.87
PB.8287.4	Protein_PB.8287.4	CEP83	CEP83	novel_not_in_catalog	YES	64.26	67.05	35.99
PB.8287.5	Protein_PB.8287.5	CEP83	CEP83	novel_not_in_catalog	YES	13.35	42.13	6.97
PB.8287.6	Protein_PB.8287.6	CEP83	CEP83	novel_in_catalog	YES	20.23	5.53	21.91
PB.8287.7	Protein_PB.8287.7	CEP83	CEP83	novel_not_in_catalog	YES	92.93	55.96	21.73
PB.8287.8	Protein_PB.8287.8	CEP83	CEP83	incomplete-splice_match	YES	33.1	21.9	28.58
PB.8290.1	Protein_PB.8290.1	UBE2N	UBE2N	full-splice_match	YES	85.43	92.73	96.68
PB.8290.2	Protein_PB.8290.2	UBE2N	UBE2N	novel_in_catalog	YES	138.3	143.29	139.31
PB.8292.3	Protein_PB.8292.3	EEA1	EEA1	incomplete-splice_match	YES	70.42	79.56	130.91
PB.8292.6	Protein_PB.8292.6	EEA1	EEA1	novel_not_in_catalog	YES	118.97	85.07	85.63
PB.8292.8	Protein_PB.8292.8	EEA1	EEA1	full-splice_match	YES	265.53	242.9	279.71
PB.8295.1	Protein_PB.8295.1	BTG1	BTG1	full-splice_match	YES	214.71	177.46	248.0
PB.8297.1	Protein_PB.8297.1	DCN	DCN	full-splice_match	YES	4296.13	2327.37	3345.06
PB.8297.3	Protein_PB.8297.3	DCN	DCN	novel_in_catalog	YES	28.71	15.46	38.61
PB.8297.4	Protein_PB.8297.4	DCN	DCN	full-splice_match	YES	1735.33	1158.04	1526.11
PB.8298.2	Protein_PB.8298.2	LUM	LUM	full-splice_match	YES	42.43	33.44	30.35
PB.8298.3	Protein_PB.8298.3	LUM	LUM	novel_not_in_catalog	YES	633.6	326.46	340.44
PB.8298.5	Protein_PB.8298.5	LUM	LUM	incomplete-splice_match	YES	260.59	157.87	122.31
PB.8299.1	Protein_PB.8299.1	KERA	KERA	full-splice_match	YES	56.21	28.02	15.89
PB.8299.2	Protein_PB.8299.2	KERA	KERA	full-splice_match	YES	66.6	38.89	28.41
PB.8303.1	Protein_PB.8303.1	ATP2B1	ATP2B1	novel_not_in_catalog	YES	718.76	585.96	797.16
PB.8303.5	Protein_PB.8303.5	ATP2B1	ATP2B1	full-splice_match	YES	64.28	70.25	41.24
PB.8303.6	Protein_PB.8303.6	ATP2B1	ATP2B1	full-splice_match	YES	321.18	349.69	379.71
PB.8305.2	Protein_PB.8305.2	POC1B	POC1B	full-splice_match	YES	80.51	95.29	92.05
PB.8305.3	Protein_PB.8305.3	POC1B	POC1B	full-splice_match	YES	19.32	24.93	25.11
PB.8305.5	Protein_PB.8305.5	POC1B	POC1B	full-splice_match	YES	12.46	20.7	3.72
PB.8305.7	Protein_PB.8305.7	POC1B	POC1B	incomplete-splice_match	YES	42.0	24.26	12.52
PB.8306.1	Protein_PB.8306.1	LOC113256186	LOC113256186	full-splice_match	YES	36.18	28.13	34.88
PB.8309.2	Protein_PB.8309.2	DUSP6	DUSP6	incomplete-splice_match	YES	24.12	9.26	21.98
PB.8309.3	Protein_PB.8309.3	DUSP6	DUSP6	full-splice_match	YES	85.56	78.79	73.23
PB.831.1	Protein_PB.831.1	HRASLS	HRASLS	novel_not_in_catalog	YES	209.54	231.0	194.5
PB.831.2	Protein_PB.831.2	HRASLS	HRASLS	novel_not_in_catalog	YES	238.03	298.3	216.21
PB.831.3	Protein_PB.831.3	HRASLS	HRASLS	full-splice_match	YES	506.62	624.66	419.35
PB.8313.2	Protein_PB.8313.2	KITLG	KITLG	full-splice_match	YES	64.56	45.68	30.05
PB.8313.4	Protein_PB.8313.4	KITLG	KITLG	novel_not_in_catalog	YES	115.5	80.22	59.56
PB.8313.5	Protein_PB.8313.5	KITLG	KITLG	novel_not_in_catalog	YES	264.07	184.45	131.22
PB.8316.1	Protein_PB.8316.1	CEP290	CEP290	full-splice_match	YES	33.38	29.26	29.76
PB.8316.2	Protein_PB.8316.2	CEP290	CEP290	full-splice_match	YES	59.14	50.33	67.31
PB.833.2	Protein_PB.833.2	CCDC50	CCDC50	full-splice_match	YES	316.23	277.32	290.14
PB.8331.1	Protein_PB.8331.1	CCDC59	CCDC59	full-splice_match	YES	84.63	85.88	70.43
PB.8333.1	Protein_PB.8333.1	LIN7A	LIN7A	full-splice_match	YES	29.51	24.52	18.72
PB.8334.1		novelGene_1016	novelGene_1016	intergenic	NO	78.41	79.06	56.74
PB.8334.11		novelGene_1017	novelGene_1017	intergenic	NO	20.23	15.28	24.83
PB.8334.2		novelGene_PTPRQ_AS	novelGene_PTPRQ_AS	antisense	NO	140.92	143.0	91.21
PB.8334.3		novelGene_PTPRQ_AS	novelGene_PTPRQ_AS	antisense	NO	59.92	71.83	28.51
PB.8334.4		novelGene_PTPRQ_AS	novelGene_PTPRQ_AS	antisense	NO	54.03	39.7	47.29
PB.8334.6	Protein_PB.8334.6	novelGene_PTPRQ_AS	novelGene_PTPRQ_AS	antisense	YES	98.95	108.99	103.28
PB.8334.7		novelGene_PTPRQ_AS	novelGene_PTPRQ_AS	antisense	NO	26.42	47.42	9.12
PB.8334.9	Protein_PB.8334.9	novelGene_PTPRQ_AS	novelGene_PTPRQ_AS	antisense	YES	193.01	180.67	168.52
PB.8336.3	Protein_PB.8336.3	PPP1R12A	PPP1R12A	full-splice_match	YES	31.03	8.36	23.97
PB.8336.5	Protein_PB.8336.5	PPP1R12A	PPP1R12A	full-splice_match	YES	61.79	48.98	45.72
PB.8336.6	Protein_PB.8336.6	PPP1R12A	PPP1R12A	full-splice_match	YES	325.72	351.94	306.52
PB.8336.7	Protein_PB.8336.7	PPP1R12A	PPP1R12A	incomplete-splice_match	YES	40.13	31.27	43.36
PB.8338.2	Protein_PB.8338.2	PAWR	PAWR	full-splice_match	YES	9.82	8.51	17.46
PB.8338.3	Protein_PB.8338.3	PAWR	PAWR	full-splice_match	YES	35.54	25.21	48.8
PB.8343.1	Protein_PB.8343.1	CSRP2	CSRP2	full-splice_match	YES	22.91	14.87	11.88
PB.8345.11	Protein_PB.8345.11	OSBPL8	OSBPL8	novel_not_in_catalog	YES	39.99	26.43	34.59
PB.8345.22	Protein_PB.8345.22	OSBPL8	OSBPL8	incomplete-splice_match	YES	129.2	96.46	132.73
PB.8345.24	Protein_PB.8345.24	OSBPL8	OSBPL8	incomplete-splice_match	YES	53.37	36.16	44.89
PB.8345.6	Protein_PB.8345.6	OSBPL8	OSBPL8	novel_not_in_catalog	YES	63.97	97.47	110.63
PB.8345.7	Protein_PB.8345.7	OSBPL8	OSBPL8	novel_in_catalog	YES	36.4	49.88	60.28
PB.8345.8	Protein_PB.8345.8	OSBPL8	OSBPL8	novel_not_in_catalog	YES	55.92	61.82	39.83
PB.8347.1	Protein_PB.8347.1	BBS10	BBS10	full-splice_match	YES	32.11	41.32	30.59
PB.8349.10	Protein_PB.8349.10	NAP1L1	NAP1L1	incomplete-splice_match	YES	60.95	35.23	29.14
PB.8349.11	Protein_PB.8349.11	NAP1L1	NAP1L1	novel_in_catalog	YES	154.29	151.71	161.62
PB.8349.12	Protein_PB.8349.12	NAP1L1	NAP1L1	novel_in_catalog	YES	49.98	41.4	58.78
PB.8349.2	Protein_PB.8349.2	NAP1L1	NAP1L1	incomplete-splice_match	YES	32.49	62.91	79.51
PB.8349.4	Protein_PB.8349.4	NAP1L1	NAP1L1	incomplete-splice_match	YES	60.5	55.68	66.18
PB.8349.6	Protein_PB.8349.6	NAP1L1	NAP1L1	full-splice_match	YES	71.6	86.06	120.42
PB.835.1	Protein_PB.835.1	IL1RAP	IL1RAP	full-splice_match	YES	18.3	15.29	15.2
PB.8353.1	Protein_PB.8353.1	KRR1	KRR1	full-splice_match	YES	155.33	174.11	154.52
PB.8362.2	Protein_PB.8362.2	ZFC3H1	ZFC3H1	full-splice_match	YES	157.04	170.6	200.5
PB.8363.4	Protein_PB.8363.4	TSPAN8	TSPAN8	incomplete-splice_match	YES	484.0	407.76	508.96
PB.8364.1	Protein_PB.8364.1	PTPRR	PTPRR	full-splice_match	YES	20.33	13.8	14.2
PB.8365.1	Protein_PB.8365.1	PTPRB	PTPRB	full-splice_match	YES	56.64	23.12	36.76
PB.8365.2	Protein_PB.8365.2	PTPRB	PTPRB	full-splice_match	YES	275.66	171.7	124.31
PB.8365.3	Protein_PB.8365.3	PTPRB	PTPRB	full-splice_match	YES	531.9	420.63	268.5
PB.8367.4	Protein_PB.8367.4	novelGene_1034	novelGene_1034	intergenic	YES	5.59	6.18	17.88
PB.8370.3	Protein_PB.8370.3	BEST3	BEST3	novel_not_in_catalog	YES	32.29	17.44	8.04
PB.838.5	Protein_PB.838.5	TP63	TP63	novel_in_catalog	YES	30.86	54.08	28.38
PB.838.6	Protein_PB.838.6	TP63	TP63	novel_not_in_catalog	YES	6.86	8.21	20.0
PB.838.7	Protein_PB.838.7	TP63	TP63	full-splice_match	YES	41.1	24.75	66.74
PB.838.8	Protein_PB.838.8	TP63	TP63	novel_not_in_catalog	YES	36.44	42.47	30.97
PB.8388.2	Protein_PB.8388.2	TMBIM4	TMBIM4	full-splice_match	YES	171.18	194.0	168.76
PB.8389.1	Protein_PB.8389.1	LLPH	LLPH	full-splice_match	YES	63.95	77.0	68.51
PB.8396.3	Protein_PB.8396.3	GNS	GNS	novel_in_catalog	YES	82.88	82.93	75.26
PB.8396.4	Protein_PB.8396.4	GNS	GNS	full-splice_match	YES	281.52	231.51	309.96
PB.8398.1	Protein_PB.8398.1	CUNH12orf66	CUNH12orf66	full-splice_match	YES	12.5	9.4	17.02
PB.84.1	Protein_PB.84.1	RCAN1	RCAN1	full-splice_match	YES	40.49	53.43	57.31
PB.8402.1	Protein_PB.8402.1	AVPR1A	AVPR1A	full-splice_match	YES	20.55	13.8	22.57
PB.8403.1	Protein_PB.8403.1	PPM1H	PPM1H	full-splice_match	YES	45.2	43.87	64.43
PB.8404.1	Protein_PB.8404.1	FAM19A2	FAM19A2	novel_not_in_catalog	YES	55.51	57.93	72.66
PB.8408.3	Protein_PB.8408.3	LRIG3	LRIG3	full-splice_match	YES	69.29	53.64	53.12
PB.8410.1	Protein_PB.8410.1	CTDSP2	CTDSP2	full-splice_match	YES	659.02	652.56	607.14
PB.8410.2	Protein_PB.8410.2	CTDSP2	CTDSP2	incomplete-splice_match	YES	23.98	6.58	4.4
PB.8412.11	Protein_PB.8412.11	METTL1	METTL1	full-splice_match	YES	35.98	33.13	53.36
PB.8412.9	Protein_PB.8412.9	METTL1	METTL1	full-splice_match	YES	10.33	17.88	19.23
PB.8414.1	Protein_PB.8414.1	CDK4	CDK4	full-splice_match	YES	167.29	164.24	181.3
PB.8415.1	Protein_PB.8415.1	AGAP2	AGAP2	full-splice_match	YES	41.44	36.41	43.51
PB.8415.3	Protein_PB.8415.3	AGAP2	AGAP2	full-splice_match	YES	44.29	29.81	16.83
PB.8418.1	Protein_PB.8418.1	DCTN2	DCTN2	novel_not_in_catalog	YES	22.51	23.11	47.49
PB.8418.3	Protein_PB.8418.3	DCTN2	DCTN2	novel_not_in_catalog	YES	17.43	8.94	9.24
PB.8418.7	Protein_PB.8418.7	DCTN2	DCTN2	full-splice_match	YES	116.3	151.06	173.18
PB.8418.8	Protein_PB.8418.8	DCTN2	DCTN2	full-splice_match	YES	426.6	392.08	508.08
PB.8419.2	Protein_PB.8419.2	DDIT3	DDIT3	full-splice_match	YES	36.67	39.89	49.55
PB.842.1	Protein_PB.842.1	LPP	LPP	novel_in_catalog	YES	137.5	106.03	150.76
PB.842.10	Protein_PB.842.10	LPP	LPP	novel_not_in_catalog	YES	21.35	14.85	32.35
PB.842.12	Protein_PB.842.12	LPP	LPP	novel_not_in_catalog	YES	30.23	19.62	33.54
PB.842.14	Protein_PB.842.14	LPP	LPP	full-splice_match	YES	16.14	21.15	12.83
PB.842.2	Protein_PB.842.2	LPP	LPP	novel_not_in_catalog	YES	55.11	18.68	55.61
PB.842.5	Protein_PB.842.5	LPP	LPP	novel_not_in_catalog	YES	82.71	86.5	70.41
PB.842.6	Protein_PB.842.6	LPP	LPP	novel_not_in_catalog	YES	43.72	40.61	42.86
PB.8421.11	Protein_PB.8421.11	R3HDM2	R3HDM2	full-splice_match	YES	112.91	120.71	148.01
PB.8421.20	Protein_PB.8421.20	R3HDM2	R3HDM2	full-splice_match	YES	19.02	14.57	23.67
PB.8421.3	Protein_PB.8421.3	R3HDM2	R3HDM2	full-splice_match	YES	64.58	58.47	109.0
PB.8421.31	Protein_PB.8421.31	STAC3	STAC3	full-splice_match	YES	9.7	18.68	15.19
PB.8421.32	Protein_PB.8421.32	STAC3	STAC3	novel_in_catalog	YES	51.41	55.19	69.37
PB.8421.33	Protein_PB.8421.33	STAC3	STAC3	novel_not_in_catalog	YES	52.06	56.63	37.2
PB.8421.37		STAC3	STAC3	novel_in_catalog	NO	120.9	119.84	146.87
PB.8421.41	Protein_PB.8421.41	STAC3	STAC3	novel_in_catalog	YES	48.81	27.11	17.15
PB.8421.43	Protein_PB.8421.43	STAC3	STAC3	novel_in_catalog	YES	562.72	796.07	913.95
PB.8421.44	Protein_PB.8421.44	STAC3	STAC3	novel_in_catalog	YES	1217.94	1374.76	962.13
PB.8421.45	Protein_PB.8421.45	STAC3	STAC3	novel_in_catalog	YES	446.35	566.48	924.98
PB.8421.5	Protein_PB.8421.5	STAC3_R3HDM2	STAC3_R3HDM2	fusion	YES	307.9	328.89	390.73
PB.8421.54	Protein_PB.8421.54	STAC3	STAC3	novel_in_catalog	YES	65.27	59.66	65.6
PB.8421.59	Protein_PB.8421.59	STAC3	STAC3	novel_not_in_catalog	YES	1618.21	1681.89	1024.65
PB.8421.6	Protein_PB.8421.6	STAC3_R3HDM2	STAC3_R3HDM2	fusion	YES	88.19	139.82	235.99
PB.8421.60	Protein_PB.8421.60	STAC3	STAC3	full-splice_match	YES	262.31	326.81	352.58
PB.8421.9	Protein_PB.8421.9	STAC3_R3HDM2	STAC3_R3HDM2	fusion	YES	221.2	205.9	309.16
PB.8422.1	Protein_PB.8422.1	NDUFA4L2	NDUFA4L2	full-splice_match	YES	35.44	20.17	28.37
PB.8423.1	Protein_PB.8423.1	STAT6	STAT6	novel_not_in_catalog	YES	56.63	54.81	63.01
PB.8423.5	Protein_PB.8423.5	STAT6	STAT6	full-splice_match	YES	36.18	23.99	47.75
PB.8424.3	Protein_PB.8424.3	NEMP1	NEMP1	incomplete-splice_match	YES	16.31	10.88	21.52
PB.8427.1	Protein_PB.8427.1	ZBTB39	ZBTB39	full-splice_match	YES	62.56	61.25	81.38
PB.8429.1	Protein_PB.8429.1	PRIM1	PRIM1	full-splice_match	YES	25.25	18.7	20.39
PB.8430.11	Protein_PB.8430.11	LOC113256407	LOC113256407	novel_not_in_catalog	YES	138.72	38.91	132.02
PB.8430.2	Protein_PB.8430.2	LOC113256407	LOC113256407	novel_not_in_catalog	YES	100.11	156.75	176.99
PB.8430.4	Protein_PB.8430.4	LOC113256407	LOC113256407	full-splice_match	YES	486.27	411.84	692.52
PB.8430.8	Protein_PB.8430.8	LOC113256407	LOC113256407	novel_not_in_catalog	YES	187.97	218.93	237.04
PB.8431.10	Protein_PB.8431.10	PTGES3	PTGES3	full-splice_match	YES	96.61	87.68	104.72
PB.8431.12	Protein_PB.8431.12	PTGES3	PTGES3	novel_in_catalog	YES	16.99	12.23	17.0
PB.8431.15	Protein_PB.8431.15	PTGES3	PTGES3	novel_in_catalog	YES	128.29	165.51	181.19
PB.8431.6	Protein_PB.8431.6	PTGES3	PTGES3	novel_not_in_catalog	YES	101.58	124.3	110.42
PB.8432.1	Protein_PB.8432.1	ATP5F1B	ATP5F1B	full-splice_match	YES	29413.33	32541.88	21643.12
PB.8432.12	Protein_PB.8432.12	ATP5F1B	ATP5F1B	novel_in_catalog	YES	118.99	193.28	115.71
PB.8432.13	Protein_PB.8432.13	ATP5F1B	ATP5F1B	novel_in_catalog	YES	21.26	29.97	35.07
PB.8432.14	Protein_PB.8432.14	ATP5F1B	ATP5F1B	novel_in_catalog	YES	47.01	47.84	31.13
PB.8432.16	Protein_PB.8432.16	ATP5F1B	ATP5F1B	novel_in_catalog	YES	22.77	27.58	25.32
PB.8432.18	Protein_PB.8432.18	ATP5F1B	ATP5F1B	novel_in_catalog	YES	10.41	5.67	16.5
PB.8432.20	Protein_PB.8432.20	ATP5F1B	ATP5F1B	novel_in_catalog	YES	28.87	24.46	29.04
PB.8432.5	Protein_PB.8432.5	ATP5F1B	ATP5F1B	novel_not_in_catalog	YES	141.42	181.63	104.27
PB.8433.2	Protein_PB.8433.2	BAZ2A	BAZ2A	full-splice_match	YES	59.51	9.8	41.84
PB.8433.5	Protein_PB.8433.5	BAZ2A	BAZ2A	full-splice_match	YES	38.91	18.93	21.54
PB.8437.3	Protein_PB.8437.3	STAT2	STAT2	full-splice_match	YES	53.68	34.42	45.44
PB.8439.5	Protein_PB.8439.5	CNPY2	CNPY2	full-splice_match	YES	80.97	75.55	64.67
PB.8440.1	Protein_PB.8440.1	CS	CS	full-splice_match	YES	6182.65	7235.25	5134.24
PB.8440.11	Protein_PB.8440.11	CS	CS	novel_not_in_catalog	YES	29.59	22.02	38.86
PB.8440.6	Protein_PB.8440.6	CS	CS	novel_not_in_catalog	YES	38.71	19.95	44.82
PB.8441.1	Protein_PB.8441.1	ANKRD52	ANKRD52	full-splice_match	YES	86.91	85.19	91.64
PB.8442.1	Protein_PB.8442.1	RNF41	RNF41	novel_in_catalog	YES	135.65	126.35	65.92
PB.8442.2	Protein_PB.8442.2	RNF41	RNF41	novel_not_in_catalog	YES	78.12	62.01	72.88
PB.8442.3	Protein_PB.8442.3	RNF41	RNF41	novel_in_catalog	YES	42.6	21.33	50.38
PB.8442.4	Protein_PB.8442.4	RNF41	RNF41	full-splice_match	YES	26.11	29.09	36.84
PB.8442.5	Protein_PB.8442.5	RNF41	RNF41	full-splice_match	YES	17.36	25.78	32.19
PB.8443.1	Protein_PB.8443.1	SMARCC2	SMARCC2	full-splice_match	YES	38.01	11.33	26.62
PB.8443.5	Protein_PB.8443.5	SMARCC2	SMARCC2	full-splice_match	YES	770.85	685.19	713.77
PB.8443.7	Protein_PB.8443.7	SMARCC2	SMARCC2	incomplete-splice_match	YES	204.58	163.07	170.15
PB.8448.2	Protein_PB.8448.2	PYM1	PYM1	full-splice_match	YES	18.44	16.34	21.96
PB.8450.5	Protein_PB.8450.5	MMP19	MMP19	full-splice_match	YES	39.16	21.21	27.93
PB.8451.1	Protein_PB.8451.1	DNAJC14	DNAJC14	full-splice_match	YES	13.39	16.74	27.38
PB.8451.3	Protein_PB.8451.3	DNAJC14_SARNP	DNAJC14_SARNP	fusion	YES	259.56	291.19	313.82
PB.8451.4	Protein_PB.8451.4	DNAJC14	DNAJC14	novel_not_in_catalog	YES	104.3	108.12	138.5
PB.8451.6	Protein_PB.8451.6	SARNP	SARNP	full-splice_match	YES	95.96	100.47	110.34
PB.8452.1	Protein_PB.8452.1	CD63	CD63	full-splice_match	YES	576.7	566.58	684.91
PB.8453.17	Protein_PB.8453.17	ITGA7	ITGA7	novel_not_in_catalog	YES	28.89	8.9	26.37
PB.8453.2	Protein_PB.8453.2	ITGA7	ITGA7	novel_in_catalog	YES	43.05	45.16	42.82
PB.8453.25	Protein_PB.8453.25	ITGA7	ITGA7	full-splice_match	YES	48.42	75.26	44.45
PB.8453.27	Protein_PB.8453.27	ITGA7	ITGA7	novel_not_in_catalog	YES	6.12	13.05	111.48
PB.8453.33	Protein_PB.8453.33	ITGA7	ITGA7	novel_not_in_catalog	YES	496.06	486.27	430.48
PB.8453.36	Protein_PB.8453.36	ITGA7	ITGA7	full-splice_match	YES	240.66	518.26	63.76
PB.8453.39	Protein_PB.8453.39	ITGA7	ITGA7	novel_not_in_catalog	YES	18.09	14.99	11.33
PB.8453.40	Protein_PB.8453.40	ITGA7	ITGA7	incomplete-splice_match	YES	213.08	247.99	152.23
PB.8453.6	Protein_PB.8453.6	ITGA7	ITGA7	novel_in_catalog	YES	1.77	6.73	50.29
PB.8453.9	Protein_PB.8453.9	ITGA7	ITGA7	novel_not_in_catalog	YES	20.83	23.03	10.7
PB.846.1		LOC113253774	LOC113253774	full-splice_match	NO	37.26	30.98	26.9
PB.8462.1	Protein_PB.8462.1	MPST	MPST	full-splice_match	YES	21.02	17.57	8.57
PB.8462.3	Protein_PB.8462.3	MPST	MPST	full-splice_match	YES	205.28	240.82	109.3
PB.8462.4	Protein_PB.8462.4	MPST	MPST	full-splice_match	YES	33.18	5.64	18.0
PB.8474.7	Protein_PB.8474.7	APOL6	APOL6	novel_not_in_catalog	YES	93.56	63.54	67.6
PB.8474.8	Protein_PB.8474.8	APOL6	APOL6	full-splice_match	YES	22.93	18.93	13.63
PB.8478.1	Protein_PB.8478.1	MCM5	MCM5	full-splice_match	YES	32.77	32.51	46.92
PB.8479.1	Protein_PB.8479.1	HMOX1	HMOX1	full-splice_match	YES	51.59	80.86	79.54
PB.8480.4	Protein_PB.8480.4	TOM1	TOM1	full-splice_match	YES	303.09	290.48	286.6
PB.8481.1	Protein_PB.8481.1	HMGXB4	HMGXB4	full-splice_match	YES	33.76	35.59	38.0
PB.8481.3	Protein_PB.8481.3	HMGXB4	HMGXB4	full-splice_match	YES	78.09	60.49	69.84
PB.8481.4	Protein_PB.8481.4	HMGXB4	HMGXB4	full-splice_match	YES	11.96	8.08	18.2
PB.8485.1	Protein_PB.8485.1	TIMP3	TIMP3	full-splice_match	YES	1223.19	883.2	1269.62
PB.8486.1	Protein_PB.8486.1	FBXO7	FBXO7	full-splice_match	YES	42.51	40.51	24.47
PB.8486.2	Protein_PB.8486.2	FBXO7	FBXO7	full-splice_match	YES	30.99	44.55	44.66
PB.8486.3	Protein_PB.8486.3	FBXO7	FBXO7	novel_in_catalog	YES	25.18	34.0	37.41
PB.8488.1	Protein_PB.8488.1	PWP1	PWP1	full-splice_match	YES	314.07	359.15	372.75
PB.8489.1	Protein_PB.8489.1	BTBD11	BTBD11	full-splice_match	YES	48.39	39.84	27.59
PB.8490.1	Protein_PB.8490.1	TMEM263	TMEM263	full-splice_match	YES	94.65	80.24	98.61
PB.8491.1	Protein_PB.8491.1	RIC8B	RIC8B	full-splice_match	YES	58.6	77.39	96.44
PB.8491.2	Protein_PB.8491.2	RIC8B	RIC8B	full-splice_match	YES	7.92	10.18	20.5
PB.8491.3	Protein_PB.8491.3	RIC8B	RIC8B	novel_not_in_catalog	YES	68.91	67.58	77.65
PB.8491.4	Protein_PB.8491.4	RIC8B	RIC8B	novel_not_in_catalog	YES	16.54	37.02	9.28
PB.8491.5	Protein_PB.8491.5	RIC8B	RIC8B	full-splice_match	YES	20.65	22.89	40.66
PB.8491.6	Protein_PB.8491.6	RIC8B	RIC8B	full-splice_match	YES	17.23	18.82	17.01
PB.8494.1	Protein_PB.8494.1	POLR3B	POLR3B	full-splice_match	YES	189.42	218.17	201.54
PB.8494.2	Protein_PB.8494.2	POLR3B	POLR3B	novel_in_catalog	YES	25.47	16.81	18.08
PB.8495.13	Protein_PB.8495.13	TCP11L2	TCP11L2	novel_not_in_catalog	YES	10.91	26.26	6.87
PB.8495.14	Protein_PB.8495.14	TCP11L2	TCP11L2	novel_in_catalog	YES	1.35	0.0	16.25
PB.8495.2	Protein_PB.8495.2	TCP11L2	TCP11L2	full-splice_match	YES	355.87	402.08	258.62
PB.8495.3	Protein_PB.8495.3	TCP11L2	TCP11L2	full-splice_match	YES	27.19	25.65	23.98
PB.8495.4	Protein_PB.8495.4	TCP11L2	TCP11L2	full-splice_match	YES	19.51	19.3	36.77
PB.8498.1		CUNH12orf75	CUNH12orf75	full-splice_match	NO	16.36	5.35	18.1
PB.8501.1	Protein_PB.8501.1	WASHC4	WASHC4	full-splice_match	YES	389.19	362.77	371.83
PB.8502.1	Protein_PB.8502.1	CUNH12orf45	CUNH12orf45	full-splice_match	YES	54.65	46.61	79.09
PB.8504.1	Protein_PB.8504.1	TXNRD1	TXNRD1	full-splice_match	YES	59.09	56.42	50.38
PB.8504.3	Protein_PB.8504.3	TXNRD1	TXNRD1	novel_in_catalog	YES	40.47	30.88	42.61
PB.8504.4	Protein_PB.8504.4	TXNRD1	TXNRD1	full-splice_match	YES	88.21	62.44	58.94
PB.8504.6	Protein_PB.8504.6	TXNRD1	TXNRD1	full-splice_match	YES	115.98	114.87	85.5
PB.8506.3	Protein_PB.8506.3	HCFC2	HCFC2	full-splice_match	YES	153.54	141.99	103.01
PB.8506.6	Protein_PB.8506.6	HCFC2	HCFC2	novel_not_in_catalog	YES	230.11	226.89	230.81
PB.8507.1	Protein_PB.8507.1	TDG	TDG	full-splice_match	YES	38.62	32.0	51.44
PB.8508.1	Protein_PB.8508.1	HSP90B1	HSP90B1	novel_in_catalog	YES	289.27	339.24	359.43
PB.8508.2	Protein_PB.8508.2	HSP90B1	HSP90B1	full-splice_match	YES	844.6	970.15	912.29
PB.8508.3	Protein_PB.8508.3	HSP90B1	HSP90B1	novel_in_catalog	YES	147.76	233.26	171.06
PB.8508.5	Protein_PB.8508.5	HSP90B1	HSP90B1	incomplete-splice_match	YES	104.55	182.69	215.77
PB.851.18	Protein_PB.851.18	ST6GAL1	ST6GAL1	novel_in_catalog	YES	39.42	28.93	20.76
PB.851.19	Protein_PB.851.19	ST6GAL1	ST6GAL1	novel_in_catalog	YES	38.85	3.91	6.47
PB.851.48	Protein_PB.851.48	ADIPOQ	ADIPOQ	novel_not_in_catalog	YES	171.46	76.81	115.95
PB.8515.3	Protein_PB.8515.3	CHPT1	CHPT1	full-splice_match	YES	205.31	222.14	186.6
PB.8515.4	Protein_PB.8515.4	CHPT1	CHPT1	full-splice_match	YES	65.56	57.4	34.55
PB.8516.1	Protein_PB.8516.1	MYBPC1	MYBPC1	novel_not_in_catalog	YES	49.5	57.42	27.75
PB.8516.100	Protein_PB.8516.100	MYBPC1	MYBPC1	novel_not_in_catalog	YES	7651.77	13419.96	10510.53
PB.8516.101	Protein_PB.8516.101	MYBPC1	MYBPC1	novel_not_in_catalog	YES	860.24	550.57	2874.64
PB.8516.103	Protein_PB.8516.103	MYBPC1	MYBPC1	novel_not_in_catalog	YES	243.92	250.17	667.75
PB.8516.105	Protein_PB.8516.105	MYBPC1	MYBPC1	novel_not_in_catalog	YES	1490.57	1529.6	4015.34
PB.8516.106	Protein_PB.8516.106	MYBPC1	MYBPC1	novel_not_in_catalog	YES	306.74	341.66	395.12
PB.8516.108	Protein_PB.8516.108	MYBPC1	MYBPC1	novel_not_in_catalog	YES	120.1	25.75	84.16
PB.8516.109	Protein_PB.8516.109	MYBPC1	MYBPC1	novel_not_in_catalog	YES	5.66	92.54	19.18
PB.8516.11	Protein_PB.8516.11	MYBPC1	MYBPC1	novel_not_in_catalog	YES	995.73	928.13	651.24
PB.8516.110	Protein_PB.8516.110	MYBPC1	MYBPC1	novel_not_in_catalog	YES	38.64	40.92	17.33
PB.8516.117	Protein_PB.8516.117	MYBPC1	MYBPC1	novel_not_in_catalog	YES	5935.49	6132.63	3596.82
PB.8516.118	Protein_PB.8516.118	MYBPC1	MYBPC1	novel_not_in_catalog	YES	12201.72	14145.65	10700.98
PB.8516.13	Protein_PB.8516.13	MYBPC1	MYBPC1	novel_not_in_catalog	YES	1525.24	5916.89	827.22
PB.8516.131	Protein_PB.8516.131	MYBPC1	MYBPC1	novel_not_in_catalog	YES	55.13	77.45	90.03
PB.8516.134	Protein_PB.8516.134	MYBPC1	MYBPC1	novel_not_in_catalog	YES	32.04	29.84	26.48
PB.8516.137	Protein_PB.8516.137	MYBPC1	MYBPC1	novel_not_in_catalog	YES	290.76	236.88	384.75
PB.8516.139		novelGene_997	novelGene_997	intergenic	NO	34.85	38.48	49.37
PB.8516.14	Protein_PB.8516.14	MYBPC1	MYBPC1	novel_not_in_catalog	YES	80.03	129.56	127.6
PB.8516.15	Protein_PB.8516.15	MYBPC1	MYBPC1	novel_not_in_catalog	YES	1496.78	1484.62	944.37
PB.8516.16	Protein_PB.8516.16	MYBPC1	MYBPC1	novel_not_in_catalog	YES	3643.51	3605.55	1791.51
PB.8516.25	Protein_PB.8516.25	MYBPC1	MYBPC1	novel_not_in_catalog	YES	9904.36	6258.22	7393.82
PB.8516.30	Protein_PB.8516.30	MYBPC1	MYBPC1	novel_not_in_catalog	YES	97.42	74.66	123.25
PB.8516.32	Protein_PB.8516.32	MYBPC1	MYBPC1	novel_not_in_catalog	YES	170.65	129.38	218.19
PB.8516.37	Protein_PB.8516.37	MYBPC1	MYBPC1	novel_not_in_catalog	YES	6094.17	2131.8	1306.82
PB.8516.38	Protein_PB.8516.38	MYBPC1	MYBPC1	novel_not_in_catalog	YES	39.85	16.28	254.6
PB.8516.46	Protein_PB.8516.46	MYBPC1	MYBPC1	novel_not_in_catalog	YES	1950.34	1116.37	0.0
PB.8516.47	Protein_PB.8516.47	MYBPC1	MYBPC1	novel_not_in_catalog	YES	78.98	70.83	381.23
PB.8516.49	Protein_PB.8516.49	MYBPC1	MYBPC1	novel_not_in_catalog	YES	1943.45	6901.6	4471.39
PB.8516.5	Protein_PB.8516.5	MYBPC1	MYBPC1	novel_not_in_catalog	YES	109.44	372.68	0.58
PB.8516.50	Protein_PB.8516.50	MYBPC1	MYBPC1	novel_not_in_catalog	YES	32.13	56.68	61.55
PB.8516.54	Protein_PB.8516.54	MYBPC1	MYBPC1	novel_not_in_catalog	YES	137.59	93.35	156.28
PB.8516.56	Protein_PB.8516.56	MYBPC1	MYBPC1	novel_not_in_catalog	YES	26.83	55.77	2215.99
PB.8516.58	Protein_PB.8516.58	MYBPC1	MYBPC1	novel_not_in_catalog	YES	198.83	190.9	314.99
PB.8516.6	Protein_PB.8516.6	MYBPC1	MYBPC1	novel_not_in_catalog	YES	533.85	267.6	148.7
PB.8516.63	Protein_PB.8516.63	MYBPC1	MYBPC1	novel_not_in_catalog	YES	2736.74	7552.12	4038.05
PB.8516.65	Protein_PB.8516.65	MYBPC1	MYBPC1	full-splice_match	YES	64.32	68.96	69.12
PB.8516.67	Protein_PB.8516.67	MYBPC1	MYBPC1	novel_not_in_catalog	YES	50.32	3.19	218.06
PB.8516.69	Protein_PB.8516.69	MYBPC1	MYBPC1	novel_not_in_catalog	YES	3794.16	918.6	2195.26
PB.8516.70	Protein_PB.8516.70	MYBPC1	MYBPC1	novel_not_in_catalog	YES	1788.14	396.6	173.57
PB.8516.73	Protein_PB.8516.73	MYBPC1	MYBPC1	novel_not_in_catalog	YES	46.72	3.72	72.58
PB.8516.79	Protein_PB.8516.79	MYBPC1	MYBPC1	novel_not_in_catalog	YES	22108.56	34086.04	22218.94
PB.8516.80	Protein_PB.8516.80	MYBPC1	MYBPC1	novel_not_in_catalog	YES	250.33	180.87	304.01
PB.8516.81	Protein_PB.8516.81	MYBPC1	MYBPC1	novel_not_in_catalog	YES	64.03	27.75	90.82
PB.8516.82	Protein_PB.8516.82	MYBPC1	MYBPC1	novel_not_in_catalog	YES	887.5	2463.43	19.79
PB.8516.83	Protein_PB.8516.83	MYBPC1	MYBPC1	novel_not_in_catalog	YES	1453.09	3104.57	1337.01
PB.8516.85	Protein_PB.8516.85	MYBPC1	MYBPC1	novel_not_in_catalog	YES	94.93	111.72	229.67
PB.8516.86	Protein_PB.8516.86	MYBPC1	MYBPC1	novel_not_in_catalog	YES	1634.12	3511.14	1369.62
PB.8516.87	Protein_PB.8516.87	MYBPC1	MYBPC1	novel_not_in_catalog	YES	1265.06	1457.43	2261.3
PB.8516.89	Protein_PB.8516.89	MYBPC1	MYBPC1	novel_not_in_catalog	YES	164.34	69.73	108.26
PB.8516.91	Protein_PB.8516.91	MYBPC1	MYBPC1	novel_not_in_catalog	YES	3.3	50.78	109.09
PB.8516.95	Protein_PB.8516.95	MYBPC1	MYBPC1	novel_not_in_catalog	YES	1005.67	502.52	1832.11
PB.8516.96	Protein_PB.8516.96	MYBPC1	MYBPC1	novel_not_in_catalog	YES	27699.18	16323.31	24736.77
PB.8516.97	Protein_PB.8516.97	MYBPC1	MYBPC1	novel_not_in_catalog	YES	201.61	63.8	240.41
PB.8516.99	Protein_PB.8516.99	MYBPC1	MYBPC1	novel_not_in_catalog	YES	5585.63	5815.22	4637.45
PB.8518.1	Protein_PB.8518.1	UTP20	UTP20	full-splice_match	YES	84.48	53.15	28.83
PB.8518.2	Protein_PB.8518.2	UTP20	UTP20	full-splice_match	YES	203.49	233.23	269.17
PB.852.1		novelGene_RFC4_AS	novelGene_RFC4_AS	antisense	NO	8.47	12.95	17.26
PB.8523.1	Protein_PB.8523.1	SCYL2	SCYL2	full-splice_match	YES	16.27	55.21	39.85
PB.8523.2	Protein_PB.8523.2	SCYL2	SCYL2	novel_not_in_catalog	YES	241.15	148.37	150.38
PB.8523.3	Protein_PB.8523.3	SCYL2	SCYL2	novel_in_catalog	YES	49.49	139.84	89.22
PB.8523.4	Protein_PB.8523.4	SCYL2	SCYL2	novel_in_catalog	YES	118.51	139.6	123.35
PB.8524.2	Protein_PB.8524.2	ACTR6	ACTR6	full-splice_match	YES	53.99	61.59	27.59
PB.8528.1	Protein_PB.8528.1	APAF1	APAF1	full-splice_match	YES	51.44	34.34	77.73
PB.8529.1	Protein_PB.8529.1	SLC25A3	SLC25A3	full-splice_match	YES	505.48	528.96	479.95
PB.8529.13	Protein_PB.8529.13	SLC25A3	SLC25A3	novel_in_catalog	YES	403.52	374.75	421.76
PB.8529.17	Protein_PB.8529.17	SLC25A3	SLC25A3	novel_not_in_catalog	YES	15.37	18.51	31.56
PB.8529.2	Protein_PB.8529.2	SLC25A3	SLC25A3	novel_in_catalog	YES	4426.89	4934.25	5028.06
PB.8529.22	Protein_PB.8529.22	SLC25A3	SLC25A3	novel_in_catalog	YES	20.05	15.9	19.1
PB.8529.31	Protein_PB.8529.31	SLC25A3	SLC25A3	novel_in_catalog	YES	33.21	34.91	31.72
PB.8529.4	Protein_PB.8529.4	SLC25A3	SLC25A3	full-splice_match	YES	12943.34	14258.81	14546.39
PB.853.1	Protein_PB.853.1	EIF4A2	EIF4A2	full-splice_match	YES	63.44	48.64	80.75
PB.853.12	Protein_PB.853.12	EIF4A2	EIF4A2	novel_in_catalog	YES	66.81	46.44	112.12
PB.853.13	Protein_PB.853.13	EIF4A2	EIF4A2	full-splice_match	YES	5569.33	5453.53	4498.66
PB.853.2		EIF4A2	EIF4A2	novel_in_catalog	NO	19.89	11.09	30.94
PB.853.24	Protein_PB.853.24	EIF4A2	EIF4A2	full-splice_match	YES	167.37	140.79	214.93
PB.853.26		novelGene_88	novelGene_88	intergenic	NO	204.93	228.7	167.11
PB.853.5	Protein_PB.853.5	EIF4A2	EIF4A2	novel_in_catalog	YES	20.85	13.17	20.14
PB.8530.1	Protein_PB.8530.1	TMPO	TMPO	full-splice_match	YES	45.4	48.09	75.5
PB.8530.3	Protein_PB.8530.3	TMPO	TMPO	full-splice_match	YES	28.87	28.52	25.82
PB.8530.4	Protein_PB.8530.4	TMPO	TMPO	full-splice_match	YES	45.9	46.25	68.65
PB.8530.5	Protein_PB.8530.5	TMPO	TMPO	full-splice_match	YES	36.77	38.05	44.4
PB.8536.1	Protein_PB.8536.1	NEDD1	NEDD1	full-splice_match	YES	7.66	9.73	21.92
PB.8536.11	Protein_PB.8536.11	NEDD1	NEDD1	novel_in_catalog	YES	103.8	150.08	91.73
PB.8536.12	Protein_PB.8536.12	NEDD1	NEDD1	novel_in_catalog	YES	11.15	20.34	15.45
PB.8536.13	Protein_PB.8536.13	NEDD1	NEDD1	incomplete-splice_match	YES	95.16	144.57	85.84
PB.8536.3	Protein_PB.8536.3	NEDD1	NEDD1	novel_in_catalog	YES	133.2	215.28	141.96
PB.8536.8	Protein_PB.8536.8	NEDD1	NEDD1	full-splice_match	YES	88.12	51.55	38.96
PB.8537.1	Protein_PB.8537.1	CFAP54	CFAP54	full-splice_match	YES	29.83	30.96	28.05
PB.8539.2	Protein_PB.8539.2	ELK3	ELK3	full-splice_match	YES	102.14	63.2	72.02
PB.8543.1		SNRPF	SNRPF	full-splice_match	NO	49.64	52.73	55.16
PB.8544.1	Protein_PB.8544.1	METAP2	METAP2	full-splice_match	YES	99.65	96.71	81.63
PB.8544.2	Protein_PB.8544.2	METAP2	METAP2	full-splice_match	YES	446.96	429.79	354.23
PB.8545.1		LOC113256145	LOC113256145	full-splice_match	NO	76.78	82.48	84.65
PB.8545.11	Protein_PB.8545.11	VEZT	VEZT	full-splice_match	YES	53.56	45.47	86.24
PB.8545.12	Protein_PB.8545.12	VEZT	VEZT	full-splice_match	YES	75.94	145.9	95.29
PB.8545.13	Protein_PB.8545.13	VEZT	VEZT	novel_in_catalog	YES	175.42	194.28	155.21
PB.8545.2	Protein_PB.8545.2	LOC113256145_VEZT	LOC113256145_VEZT	full-splice_match	YES	46.27	54.49	58.72
PB.8545.3	Protein_PB.8545.3	LOC113256145_VEZT	LOC113256145_VEZT	full-splice_match	YES	75.3	102.51	105.23
PB.8545.5	Protein_PB.8545.5	VEZT	VEZT	novel_not_in_catalog	YES	151.92	152.86	120.98
PB.8545.9	Protein_PB.8545.9	VEZT	VEZT	full-splice_match	YES	25.42	27.57	41.14
PB.8549.1	Protein_PB.8549.1	PLXNC1	PLXNC1	full-splice_match	YES	28.0	46.13	52.39
PB.8549.2	Protein_PB.8549.2	PLXNC1	PLXNC1	novel_in_catalog	YES	11.02	13.69	41.29
PB.8549.3	Protein_PB.8549.3	PLXNC1	PLXNC1	incomplete-splice_match	YES	116.88	74.88	62.6
PB.8551.1	Protein_PB.8551.1	CRADD	CRADD	full-splice_match	YES	54.52	56.6	55.44
PB.8552.1	Protein_PB.8552.1	SOCS2	SOCS2	full-splice_match	YES	111.64	61.26	57.88
PB.8553.4	Protein_PB.8553.4	MRPL42	MRPL42	novel_not_in_catalog	YES	114.27	124.8	104.56
PB.8553.5	Protein_PB.8553.5	MRPL42	MRPL42	full-splice_match	YES	138.35	139.93	95.27
PB.8554.1	Protein_PB.8554.1	NUDT4	NUDT4	full-splice_match	YES	204.5	165.83	261.58
PB.8554.2	Protein_PB.8554.2	NUDT4	NUDT4	full-splice_match	YES	276.01	210.64	283.29
PB.8564.2		novelGene_POC1B_AS	novelGene_POC1B_AS	antisense	NO	62.72	70.42	66.27
PB.8567.1	Protein_PB.8567.1	TMTC3	TMTC3	full-splice_match	YES	58.17	62.86	63.69
PB.8567.5	Protein_PB.8567.5	TMTC3	TMTC3	full-splice_match	YES	16.55	25.44	12.64
PB.8568.3	Protein_PB.8568.3	CUNH12orf29	CUNH12orf29	full-splice_match	YES	27.5	34.26	27.32
PB.8568.4	Protein_PB.8568.4	CUNH12orf29	CUNH12orf29	full-splice_match	YES	18.69	15.84	16.4
PB.8577.1	Protein_PB.8577.1	TMTC2	TMTC2	full-splice_match	YES	17.34	12.91	12.89
PB.8577.3	Protein_PB.8577.3	TMTC2	TMTC2	novel_not_in_catalog	YES	21.6	5.21	12.31
PB.8579.12	Protein_PB.8579.12	METTL25	METTL25	novel_not_in_catalog	YES	12.49	17.9	13.05
PB.8579.16	Protein_PB.8579.16	METTL25	METTL25	full-splice_match	YES	21.96	23.63	24.22
PB.8581.1	Protein_PB.8581.1	ACSS3	ACSS3	full-splice_match	YES	50.95	47.62	49.35
PB.8581.3	Protein_PB.8581.3	ACSS3	ACSS3	novel_not_in_catalog	YES	53.21	77.17	41.51
PB.8583.1	Protein_PB.8583.1	MYF6	MYF6	novel_in_catalog	YES	60.62	75.35	62.36
PB.8583.2	Protein_PB.8583.2	MYF6	MYF6	novel_not_in_catalog	YES	1179.58	1143.01	892.81
PB.8583.3	Protein_PB.8583.3	MYF6	MYF6	full-splice_match	YES	218.0	206.55	170.13
PB.859.1	Protein_PB.859.1	DNAJB11	DNAJB11	full-splice_match	YES	126.57	126.67	91.15
PB.8592.2	Protein_PB.8592.2	NAV3	NAV3	full-splice_match	YES	142.23	75.6	97.63
PB.8598.1	Protein_PB.8598.1	ZDHHC17	ZDHHC17	full-splice_match	YES	100.35	119.46	114.18
PB.8598.3	Protein_PB.8598.3	ZDHHC17	ZDHHC17	novel_not_in_catalog	YES	30.43	26.5	27.66
PB.8605.2	Protein_PB.8605.2	GLIPR1	GLIPR1	full-splice_match	YES	15.89	17.53	13.66
PB.861.14	Protein_PB.861.14	SENP2	SENP2	novel_not_in_catalog	YES	53.53	63.24	41.8
PB.861.15	Protein_PB.861.15	SENP2	SENP2	novel_not_in_catalog	YES	2.96	18.1	6.26
PB.861.20	Protein_PB.861.20	SENP2	SENP2	novel_in_catalog	YES	28.38	20.99	41.94
PB.861.3	Protein_PB.861.3	LOC113254020_SENP2	LOC113254020_SENP2	fusion	YES	21.95	18.49	39.36
PB.861.8	Protein_PB.861.8	SENP2	SENP2	full-splice_match	YES	217.13	168.16	149.83
PB.861.9	Protein_PB.861.9	SENP2	SENP2	full-splice_match	YES	36.41	72.08	50.16
PB.8612.2	Protein_PB.8612.2	ATXN7L3B	ATXN7L3B	full-splice_match	YES	344.62	320.73	235.93
PB.8617.1	Protein_PB.8617.1	TPH2	TPH2	full-splice_match	YES	31.47	45.04	59.29
PB.8618.10	Protein_PB.8618.10	TBC1D15	TBC1D15	novel_not_in_catalog	YES	40.23	28.44	40.95
PB.8618.17	Protein_PB.8618.17	TBC1D15	TBC1D15	novel_not_in_catalog	YES	52.29	55.17	44.83
PB.8620.1	Protein_PB.8620.1	RAB21	RAB21	full-splice_match	YES	882.53	988.14	1030.0
PB.8621.1	Protein_PB.8621.1	TMEM19	TMEM19	full-splice_match	YES	87.15	92.14	86.68
PB.8621.2	Protein_PB.8621.2	TMEM19	TMEM19	novel_in_catalog	YES	27.9	21.1	35.45
PB.8622.1	Protein_PB.8622.1	THAP2	THAP2	full-splice_match	YES	41.98	43.84	51.58
PB.8625.1	Protein_PB.8625.1	KCNMB4	KCNMB4	full-splice_match	YES	22.02	12.0	14.93
PB.8626.11	Protein_PB.8626.11	CNOT2	CNOT2	novel_in_catalog	YES	62.71	51.78	64.81
PB.8626.12	Protein_PB.8626.12	CNOT2	CNOT2	novel_in_catalog	YES	17.36	37.87	25.92
PB.8626.13	Protein_PB.8626.13	CNOT2	CNOT2	novel_not_in_catalog	YES	24.77	50.25	53.16
PB.8626.15	Protein_PB.8626.15	CNOT2	CNOT2	novel_in_catalog	YES	41.87	45.73	36.08
PB.8626.19	Protein_PB.8626.19	CNOT2	CNOT2	novel_in_catalog	YES	23.5	33.7	39.88
PB.8626.20	Protein_PB.8626.20	CNOT2	CNOT2	novel_not_in_catalog	YES	61.23	43.95	11.13
PB.8626.24	Protein_PB.8626.24	CNOT2	CNOT2	incomplete-splice_match	YES	10.46	11.82	19.03
PB.8626.4	Protein_PB.8626.4	CNOT2	CNOT2	full-splice_match	YES	10.41	9.99	17.81
PB.8630.1	Protein_PB.8630.1	CCT2	CCT2	full-splice_match	YES	1400.44	1387.92	1295.47
PB.8631.2	Protein_PB.8631.2	FRS2	FRS2	full-splice_match	YES	71.81	66.58	69.67
PB.8631.5	Protein_PB.8631.5	FRS2	FRS2	full-splice_match	YES	22.3	24.49	32.87
PB.8632.1	Protein_PB.8632.1	YEATS4	YEATS4	full-splice_match	YES	61.57	68.03	50.14
PB.8633.1	Protein_PB.8633.1	LYZ	LYZ	full-splice_match	YES	20.65	18.08	42.72
PB.8635.1	Protein_PB.8635.1	CPSF6	CPSF6	full-splice_match	YES	86.91	89.27	103.35
PB.8635.4	Protein_PB.8635.4	CPSF6	CPSF6	full-splice_match	YES	5.62	12.81	28.24
PB.8635.5	Protein_PB.8635.5	CPSF6	CPSF6	novel_in_catalog	YES	30.6	20.8	36.19
PB.8635.6	Protein_PB.8635.6	CPSF6	CPSF6	novel_not_in_catalog	YES	119.3	119.06	152.06
PB.8638.10	Protein_PB.8638.10	MDM2	MDM2	novel_not_in_catalog	YES	35.43	40.86	21.83
PB.8638.11	Protein_PB.8638.11	MDM2	MDM2	full-splice_match	YES	190.44	236.15	312.01
PB.8638.14	Protein_PB.8638.14	SLC35E3	SLC35E3	full-splice_match	YES	37.67	20.39	3.55
PB.8638.15	Protein_PB.8638.15	SLC35E3	SLC35E3	full-splice_match	YES	24.8	29.83	25.76
PB.8638.3	Protein_PB.8638.3	MDM2	MDM2	novel_not_in_catalog	YES	25.0	35.06	21.03
PB.8638.4	Protein_PB.8638.4	MDM2	MDM2	novel_in_catalog	YES	47.73	36.19	46.07
PB.8638.8	Protein_PB.8638.8	MDM2	MDM2	full-splice_match	YES	98.08	93.09	48.08
PB.8638.9	Protein_PB.8638.9	MDM2	MDM2	full-splice_match	YES	496.58	582.69	388.03
PB.8639.2	Protein_PB.8639.2	NUP107	NUP107	novel_in_catalog	YES	49.24	74.26	76.44
PB.8639.3	Protein_PB.8639.3	NUP107	NUP107	novel_not_in_catalog	YES	4.55	3.54	16.66
PB.8639.5	Protein_PB.8639.5	NUP107	NUP107	full-splice_match	YES	34.22	42.86	64.26
PB.864.1	Protein_PB.864.1	MAP3K13	MAP3K13	full-splice_match	YES	24.13	23.81	17.33
PB.8640.1	Protein_PB.8640.1	RAP1B	RAP1B	full-splice_match	YES	97.63	83.14	92.52
PB.8640.2	Protein_PB.8640.2	RAP1B	RAP1B	novel_in_catalog	YES	204.78	142.33	184.12
PB.8642.1	Protein_PB.8642.1	DYRK2	DYRK2	full-splice_match	YES	583.43	533.06	714.69
PB.8644.1	Protein_PB.8644.1	CAND1	CAND1	full-splice_match	YES	40.78	18.1	28.3
PB.8644.3	Protein_PB.8644.3	CAND1	CAND1	novel_in_catalog	YES	70.44	68.0	72.73
PB.8644.6	Protein_PB.8644.6	CAND1	CAND1	novel_in_catalog	YES	142.47	139.23	148.67
PB.8646.2	Protein_PB.8646.2	HELB	HELB	full-splice_match	YES	20.29	19.68	29.83
PB.8646.3	Protein_PB.8646.3	HELB	HELB	full-splice_match	YES	36.01	26.82	29.25
PB.8647.1	Protein_PB.8647.1	IRAK3	IRAK3	full-splice_match	YES	17.64	12.44	20.42
PB.865.2		LOC113254095	LOC113254095	full-splice_match	NO	31.42	34.47	27.36
PB.8653.2	Protein_PB.8653.2	MSRB3	MSRB3	full-splice_match	YES	505.27	449.1	492.31
PB.8655.1	Protein_PB.8655.1	LEMD3	LEMD3	full-splice_match	YES	135.26	116.67	120.41
PB.8656.2	Protein_PB.8656.2	TBC1D30	TBC1D30	full-splice_match	YES	24.77	29.18	29.09
PB.8656.4	Protein_PB.8656.4	TBC1D30	TBC1D30	full-splice_match	YES	17.06	10.85	17.45
PB.8658.1	Protein_PB.8658.1	RASSF3	RASSF3	full-splice_match	YES	146.64	126.37	118.82
PB.8658.7	Protein_PB.8658.7	RASSF3	RASSF3	novel_not_in_catalog	YES	69.36	57.68	86.91
PB.8659.3	Protein_PB.8659.3	TBK1	TBK1	full-splice_match	YES	79.67	141.89	88.65
PB.8659.4	Protein_PB.8659.4	TBK1	TBK1	novel_not_in_catalog	YES	20.25	0.62	33.83
PB.8659.5	Protein_PB.8659.5	TBK1	TBK1	novel_in_catalog	YES	38.44	22.65	9.86
PB.866.1	Protein_PB.866.1	VPS8	VPS8	full-splice_match	YES	63.74	43.5	72.17
PB.866.13	Protein_PB.866.13	VPS8	VPS8	incomplete-splice_match	YES	23.47	15.61	34.7
PB.866.2	Protein_PB.866.2	VPS8	VPS8	full-splice_match	YES	27.17	79.52	79.57
PB.866.3	Protein_PB.866.3	VPS8	VPS8	full-splice_match	YES	347.54	372.48	335.86
PB.866.4	Protein_PB.866.4	VPS8	VPS8	full-splice_match	YES	91.01	104.56	132.71
PB.8660.10	Protein_PB.8660.10	LOC113256334_XPOT	LOC113256334_XPOT	fusion	YES	119.34	143.28	110.33
PB.8660.11	Protein_PB.8660.11	LOC113256334_XPOT	LOC113256334_XPOT	fusion	YES	23.98	35.59	67.05
PB.8660.13	Protein_PB.8660.13	LOC113256334_XPOT	LOC113256334_XPOT	fusion	YES	41.96	20.85	10.58
PB.8660.14	Protein_PB.8660.14	XPOT	XPOT	novel_not_in_catalog	YES	50.88	20.96	48.62
PB.8660.6	Protein_PB.8660.6	LOC113256334_XPOT	LOC113256334_XPOT	fusion	YES	57.11	23.01	61.19
PB.8660.8	Protein_PB.8660.8	XPOT	XPOT	full-splice_match	YES	212.25	301.31	229.69
PB.8662.2	Protein_PB.8662.2	RXYLT1	RXYLT1	full-splice_match	YES	47.1	52.51	27.83
PB.8667.1	Protein_PB.8667.1	MON2	MON2	full-splice_match	YES	29.82	27.27	58.24
PB.8667.2	Protein_PB.8667.2	MON2	MON2	full-splice_match	YES	94.4	67.39	135.55
PB.8667.3	Protein_PB.8667.3	MON2	MON2	full-splice_match	YES	19.79	25.2	33.57
PB.8667.5	Protein_PB.8667.5	MON2	MON2	novel_in_catalog	YES	168.1	216.27	112.17
PB.8668.15	Protein_PB.8668.15	USP15	USP15	full-splice_match	YES	16.32	17.95	11.91
PB.8668.16	Protein_PB.8668.16	USP15	USP15	full-splice_match	YES	81.47	119.01	72.85
PB.8668.17	Protein_PB.8668.17	USP15	USP15	novel_not_in_catalog	YES	135.85	126.37	76.15
PB.8668.18	Protein_PB.8668.18	USP15	USP15	novel_not_in_catalog	YES	54.69	61.62	19.58
PB.8668.20	Protein_PB.8668.20	USP15	USP15	novel_in_catalog	YES	117.89	83.69	101.99
PB.8668.21	Protein_PB.8668.21	USP15	USP15	novel_in_catalog	YES	301.55	281.23	190.7
PB.8668.22	Protein_PB.8668.22	USP15	USP15	incomplete-splice_match	YES	207.56	218.14	133.4
PB.8668.23	Protein_PB.8668.23	USP15	USP15	incomplete-splice_match	YES	1.88	60.07	3.08
PB.8668.3	Protein_PB.8668.3	USP15	USP15	novel_not_in_catalog	YES	79.46	93.89	51.89
PB.8668.4	Protein_PB.8668.4	USP15	USP15	novel_not_in_catalog	YES	23.68	37.61	21.22
PB.8668.8	Protein_PB.8668.8	USP15	USP15	novel_not_in_catalog	YES	0.0	0.0	20.59
PB.8671.2	Protein_PB.8671.2	SLC16A7	SLC16A7	novel_not_in_catalog	YES	64.25	80.34	80.63
PB.8671.3	Protein_PB.8671.3	SLC16A7	SLC16A7	full-splice_match	YES	31.88	19.81	11.74
PB.8671.4	Protein_PB.8671.4	SLC16A7	SLC16A7	novel_not_in_catalog	YES	13.66	29.56	22.31
PB.8673.4	Protein_PB.8673.4	ATP23	ATP23	full-splice_match	YES	34.85	40.53	49.49
PB.8675.1	Protein_PB.8675.1	novelGene_1042	novelGene_1042	intergenic	YES	42.55	60.44	50.06
PB.8676.2	Protein_PB.8676.2	TSFM	TSFM	full-splice_match	YES	256.21	282.48	193.3
PB.8678.1	Protein_PB.8678.1	MARCH9	MARCH9	full-splice_match	YES	47.83	54.12	65.58
PB.8679.1	Protein_PB.8679.1	TSPAN31	TSPAN31	full-splice_match	YES	254.74	257.32	237.89
PB.868.1	Protein_PB.868.1	EPHB3	EPHB3	full-splice_match	YES	15.88	6.56	16.77
PB.8681.2	Protein_PB.8681.2	OS9	OS9	full-splice_match	YES	10.6	17.5	28.55
PB.8681.3	Protein_PB.8681.3	OS9	OS9	full-splice_match	YES	60.3	93.86	105.9
PB.8681.4	Protein_PB.8681.4	OS9	OS9	full-splice_match	YES	183.18	158.49	139.69
PB.8681.5	Protein_PB.8681.5	OS9	OS9	full-splice_match	YES	38.15	26.86	35.08
PB.8682.2	Protein_PB.8682.2	SLC26A10	SLC26A10	full-splice_match	YES	8.62	20.14	16.73
PB.8684.3	Protein_PB.8684.3	DTX3	DTX3	full-splice_match	YES	21.09	8.92	15.82
PB.8685.2	Protein_PB.8685.2	PIP4K2C	PIP4K2C	full-splice_match	YES	23.33	9.98	6.9
PB.8687.3	Protein_PB.8687.3	MBD6	MBD6	full-splice_match	YES	10.17	3.21	18.39
PB.8688.9	Protein_PB.8688.9	MARS	MARS	full-splice_match	YES	185.28	166.55	198.95
PB.8692.2	Protein_PB.8692.2	SHMT2	SHMT2	full-splice_match	YES	272.42	278.97	303.84
PB.8694.1	Protein_PB.8694.1	LRP1	LRP1	full-splice_match	YES	434.55	142.05	397.15
PB.8694.2	Protein_PB.8694.2	LRP1	LRP1	full-splice_match	YES	2137.17	1205.81	1621.04
PB.8695.1	Protein_PB.8695.1	NAB2	NAB2	full-splice_match	YES	103.79	110.51	91.55
PB.8697.9	Protein_PB.8697.9	HSD17B6	HSD17B6	full-splice_match	YES	18.13	32.19	21.94
PB.8699.1	Protein_PB.8699.1	RBMS2	RBMS2	full-splice_match	YES	20.16	7.89	5.0
PB.8699.11	Protein_PB.8699.11	RBMS2	RBMS2	full-splice_match	YES	22.36	21.49	23.24
PB.870.2	Protein_PB.870.2	CHRD	CHRD	full-splice_match	YES	22.31	7.64	13.3
PB.8700.1	Protein_PB.8700.1	SPRYD4	SPRYD4	full-splice_match	YES	115.26	147.47	133.14
PB.8703.1	Protein_PB.8703.1	COQ10A	COQ10A	full-splice_match	YES	457.93	509.8	302.41
PB.8703.3	Protein_PB.8703.3	COQ10A	COQ10A	novel_not_in_catalog	YES	645.71	794.52	417.4
PB.8703.4	Protein_PB.8703.4	COQ10A	COQ10A	novel_not_in_catalog	YES	13.2	21.46	13.5
PB.8703.5	Protein_PB.8703.5	COQ10A	COQ10A	full-splice_match	YES	173.39	151.52	61.68
PB.8705.1	Protein_PB.8705.1	NABP2	NABP2	full-splice_match	YES	390.48	380.49	415.5
PB.8705.2	Protein_PB.8705.2	NABP2	NABP2	novel_in_catalog	YES	31.77	43.93	48.08
PB.8705.5	Protein_PB.8705.5	NABP2	NABP2	novel_not_in_catalog	YES	8.77	9.26	17.34
PB.8708.1	Protein_PB.8708.1	MYL6	MYL6	full-splice_match	YES	409.78	357.49	396.17
PB.8708.16	Protein_PB.8708.16	MYL6_MYL6B	MYL6_MYL6B	fusion	YES	18.48	32.4	45.32
PB.8708.18	Protein_PB.8708.18	MYL6B	MYL6B	full-splice_match	YES	417.88	492.72	526.16
PB.8708.19	Protein_PB.8708.19	MYL6B	MYL6B	incomplete-splice_match	YES	14715.48	23268.75	24912.59
PB.8708.2	Protein_PB.8708.2	MYL6	MYL6	full-splice_match	YES	597.93	367.7	392.83
PB.8708.20		MYL6B	MYL6B	novel_in_catalog	NO	20.49	35.45	30.9
PB.8708.21	Protein_PB.8708.21	MYL6B	MYL6B	incomplete-splice_match	YES	1265.41	2088.8	4650.42
PB.8708.9	Protein_PB.8708.9	MYL6	MYL6	novel_not_in_catalog	YES	28.09	35.43	40.83
PB.8709.1	Protein_PB.8709.1	ESYT1	ESYT1	full-splice_match	YES	150.61	128.12	140.0
PB.8709.6	Protein_PB.8709.6	ESYT1	ESYT1	novel_not_in_catalog	YES	45.35	4.0	40.62
PB.8709.8	Protein_PB.8709.8	ESYT1	ESYT1	novel_not_in_catalog	YES	35.57	68.67	92.41
PB.871.2	Protein_PB.871.2	POLR2H	POLR2H	full-splice_match	YES	66.21	66.13	66.83
PB.8710.1	Protein_PB.8710.1	ZC3H10	ZC3H10	full-splice_match	YES	31.26	28.35	42.11
PB.8710.2	Protein_PB.8710.2	ZC3H10	ZC3H10	novel_not_in_catalog	YES	22.99	23.29	22.17
PB.8711.1		LOC113256439	LOC113256439	full-splice_match	NO	5191.57	5442.15	6770.04
PB.8711.2		LOC113256439	LOC113256439	novel_in_catalog	NO	7.6	6.36	24.82
PB.8712.3	Protein_PB.8712.3	PA2G4	PA2G4	full-splice_match	YES	266.27	268.29	254.53
PB.8712.4	Protein_PB.8712.4	PA2G4	PA2G4	novel_not_in_catalog	YES	96.88	75.41	62.0
PB.8712.5	Protein_PB.8712.5	PA2G4	PA2G4	novel_in_catalog	YES	257.08	341.19	322.23
PB.8713.1	Protein_PB.8713.1	ERBB3	ERBB3	full-splice_match	YES	9.8	13.24	35.2
PB.8713.2	Protein_PB.8713.2	ERBB3	ERBB3	novel_not_in_catalog	YES	188.87	185.66	155.42
PB.8713.4	Protein_PB.8713.4	ERBB3	ERBB3	novel_not_in_catalog	YES	148.11	122.3	142.26
PB.8714.1	Protein_PB.8714.1	RPS26	RPS26	full-splice_match	YES	2402.34	2455.31	3057.58
PB.8715.6	Protein_PB.8715.6	IKZF4	IKZF4	full-splice_match	YES	23.14	22.79	34.61
PB.8716.3	Protein_PB.8716.3	SUOX_RAB5B	SUOX_RAB5B	fusion	YES	219.91	189.11	107.15
PB.8716.6	Protein_PB.8716.6	SUOX_RAB5B	SUOX_RAB5B	full-splice_match	YES	385.17	430.27	477.58
PB.8717.2	Protein_PB.8717.2	CDK2	CDK2	full-splice_match	YES	18.64	11.26	15.18
PB.8719.1	Protein_PB.8719.1	LOC113256454	LOC113256454	full-splice_match	YES	15.42	5.83	22.74
PB.8719.2	Protein_PB.8719.2	LOC113256454	LOC113256454	full-splice_match	YES	22.74	32.59	5.24
PB.8719.5	Protein_PB.8719.5	LOC113256454	LOC113256454	novel_not_in_catalog	YES	20.94	27.19	24.22
PB.872.1	Protein_PB.872.1	FAM131A	FAM131A	full-splice_match	YES	29.66	68.83	36.35
PB.872.2	Protein_PB.872.2	FAM131A	FAM131A	full-splice_match	YES	30.16	10.5	33.09
PB.872.3	Protein_PB.872.3	FAM131A	FAM131A	full-splice_match	YES	21.34	34.92	16.37
PB.872.5	Protein_PB.872.5	FAM131A	FAM131A	novel_in_catalog	YES	64.58	93.96	73.21
PB.8721.1	Protein_PB.8721.1	GDF11	GDF11	full-splice_match	YES	112.83	243.59	179.13
PB.8722.1	Protein_PB.8722.1	RDH5	RDH5	full-splice_match	YES	17.24	18.14	12.47
PB.8723.1	Protein_PB.8723.1	BLOC1S1	BLOC1S1	novel_not_in_catalog	YES	16.4	19.68	60.7
PB.8723.3	Protein_PB.8723.3	BLOC1S1	BLOC1S1	full-splice_match	YES	1293.53	1421.22	1017.78
PB.873.1	Protein_PB.873.1	EIF4G1	EIF4G1	full-splice_match	YES	463.71	541.83	323.71
PB.873.16	Protein_PB.873.16	EIF4G1	EIF4G1	novel_not_in_catalog	YES	1187.83	1369.78	1006.92
PB.873.2	Protein_PB.873.2	EIF4G1	EIF4G1	full-splice_match	YES	201.13	124.46	326.9
PB.873.20	Protein_PB.873.20	EIF4G1	EIF4G1	novel_not_in_catalog	YES	486.86	368.53	365.67
PB.873.21	Protein_PB.873.21	EIF4G1	EIF4G1	novel_not_in_catalog	YES	289.12	339.43	119.88
PB.873.22	Protein_PB.873.22	EIF4G1	EIF4G1	novel_in_catalog	YES	282.43	257.28	367.09
PB.873.23	Protein_PB.873.23	EIF4G1	EIF4G1	incomplete-splice_match	YES	254.09	252.18	190.99
PB.873.26	Protein_PB.873.26	EIF4G1	EIF4G1	novel_in_catalog	YES	117.33	83.4	109.42
PB.873.31	Protein_PB.873.31	EIF4G1	EIF4G1	novel_not_in_catalog	YES	34.4	34.39	12.82
PB.873.9	Protein_PB.873.9	EIF4G1	EIF4G1	novel_in_catalog	YES	345.59	406.46	376.68
PB.8753.1	Protein_PB.8753.1	TPM4	TPM4	full-splice_match	YES	99.34	43.02	77.51
PB.8753.4	Protein_PB.8753.4	TPM4	TPM4	full-splice_match	YES	616.46	353.48	423.56
PB.8754.1	Protein_PB.8754.1	RAB8A	RAB8A	full-splice_match	YES	90.6	75.11	104.68
PB.8756.1	Protein_PB.8756.1	FAM32A	FAM32A	full-splice_match	YES	324.07	342.88	348.26
PB.8757.2	Protein_PB.8757.2	AP1M1	AP1M1	full-splice_match	YES	149.78	142.13	146.87
PB.8758.1	Protein_PB.8758.1	KLF2	KLF2	full-splice_match	YES	63.55	53.76	125.09
PB.8759.3	Protein_PB.8759.3	CUNH19orf44	CUNH19orf44	novel_in_catalog	YES	18.12	18.59	9.84
PB.876.1	Protein_PB.876.1	PSMD2	PSMD2	full-splice_match	YES	2882.29	3465.07	2990.29
PB.876.4	Protein_PB.876.4	PSMD2	PSMD2	novel_in_catalog	YES	17.97	17.97	17.82
PB.8760.1		LOC113256656	LOC113256656	full-splice_match	NO	11.82	10.73	22.52
PB.8761.1	Protein_PB.8761.1	TMEM38A	TMEM38A	full-splice_match	YES	336.96	333.25	415.18
PB.8761.10	Protein_PB.8761.10	TMEM38A	TMEM38A	novel_not_in_catalog	YES	2322.79	2311.92	1711.63
PB.8761.2	Protein_PB.8761.2	TMEM38A	TMEM38A	novel_in_catalog	YES	346.99	406.18	193.7
PB.8761.4	Protein_PB.8761.4	TMEM38A	TMEM38A	novel_in_catalog	YES	36.11	25.46	37.21
PB.8761.5	Protein_PB.8761.5	TMEM38A	TMEM38A	novel_not_in_catalog	YES	169.44	183.3	105.37
PB.8761.6	Protein_PB.8761.6	TMEM38A	TMEM38A	novel_not_in_catalog	YES	208.77	211.18	252.91
PB.8761.8	Protein_PB.8761.8	TMEM38A	TMEM38A	novel_not_in_catalog	YES	1083.67	1168.9	683.51
PB.8762.1	Protein_PB.8762.1	NWD1	NWD1	novel_in_catalog	YES	13.11	10.53	59.01
PB.8763.1	Protein_PB.8763.1	SIN3B	SIN3B	full-splice_match	YES	260.36	265.02	329.61
PB.8765.2	Protein_PB.8765.2	MYO9B	MYO9B	full-splice_match	YES	52.23	34.67	110.64
PB.8765.3	Protein_PB.8765.3	MYO9B	MYO9B	full-splice_match	YES	18.07	28.59	15.14
PB.8765.6	Protein_PB.8765.6	MYO9B	MYO9B	full-splice_match	YES	21.41	10.59	0.0
PB.8766.1	Protein_PB.8766.1	USE1	USE1	full-splice_match	YES	196.19	182.76	155.5
PB.8767.1	Protein_PB.8767.1	OCEL1	OCEL1	full-splice_match	YES	73.09	58.45	72.7
PB.8768.1	Protein_PB.8768.1	BABAM1	BABAM1	full-splice_match	YES	26.47	21.83	14.5
PB.8768.10	Protein_PB.8768.10	BABAM1	BABAM1	novel_in_catalog	YES	59.87	62.11	36.46
PB.8768.2	Protein_PB.8768.2	BABAM1	BABAM1	full-splice_match	YES	385.09	447.46	235.92
PB.8768.4	Protein_PB.8768.4	BABAM1	BABAM1	full-splice_match	YES	19.35	19.27	34.17
PB.8768.6	Protein_PB.8768.6	BABAM1	BABAM1	novel_in_catalog	YES	308.41	260.85	242.9
PB.8768.8	Protein_PB.8768.8	BABAM1	BABAM1	novel_in_catalog	YES	27.79	21.2	45.02
PB.8770.1		MRPL34	MRPL34	full-splice_match	NO	292.22	313.21	159.68
PB.8771.2	Protein_PB.8771.2	DDA1	DDA1	full-splice_match	YES	83.76	80.66	85.01
PB.8773.2	Protein_PB.8773.2	MVB12A	MVB12A	novel_in_catalog	YES	47.67	52.58	37.02
PB.8773.3	Protein_PB.8773.3	MVB12A	MVB12A	full-splice_match	YES	18.86	20.04	25.38
PB.8773.4	Protein_PB.8773.4	MVB12A	MVB12A	full-splice_match	YES	95.71	107.46	116.58
PB.8774.1	Protein_PB.8774.1	SLC27A1	SLC27A1	novel_not_in_catalog	YES	79.2	73.93	51.96
PB.8774.10	Protein_PB.8774.10	SLC27A1	SLC27A1	novel_not_in_catalog	YES	21.26	14.13	12.05
PB.8774.11	Protein_PB.8774.11	SLC27A1	SLC27A1	novel_not_in_catalog	YES	20.71	48.91	59.73
PB.8774.12	Protein_PB.8774.12	SLC27A1	SLC27A1	novel_in_catalog	YES	35.6	22.09	38.4
PB.8774.2	Protein_PB.8774.2	SLC27A1	SLC27A1	novel_in_catalog	YES	28.51	42.72	42.46
PB.8774.4	Protein_PB.8774.4	SLC27A1	SLC27A1	full-splice_match	YES	386.5	430.2	432.19
PB.8774.8	Protein_PB.8774.8	SLC27A1	SLC27A1	novel_not_in_catalog	YES	42.74	26.8	31.73
PB.8775.1	Protein_PB.8775.1	PGLS	PGLS	full-splice_match	YES	88.01	90.57	72.38
PB.8776.2	Protein_PB.8776.2	FAM129C	FAM129C	incomplete-splice_match	YES	19.85	12.4	9.67
PB.8777.1	Protein_PB.8777.1	COLGALT1	COLGALT1	full-splice_match	YES	128.53	94.58	120.5
PB.8778.1	Protein_PB.8778.1	MAP1S	MAP1S	full-splice_match	YES	26.42	19.35	29.38
PB.8778.2	Protein_PB.8778.2	MAP1S	MAP1S	novel_not_in_catalog	YES	50.63	46.66	56.6
PB.8782.1	Protein_PB.8782.1	RPL18A	RPL18A	full-splice_match	YES	3442.91	3387.25	4802.75
PB.8784.1	Protein_PB.8784.1	CCDC124	CCDC124	full-splice_match	YES	166.0	161.47	176.2
PB.8785.5	Protein_PB.8785.5	KCNN1	KCNN1	full-splice_match	YES	34.73	44.03	18.94
PB.8786.1	Protein_PB.8786.1	ARRDC2	ARRDC2	full-splice_match	YES	502.1	374.96	296.9
PB.8786.2	Protein_PB.8786.2	ARRDC2	ARRDC2	full-splice_match	YES	106.7	91.38	79.48
PB.8789.1	Protein_PB.8789.1	PIK3R2	PIK3R2	full-splice_match	YES	47.39	37.11	60.62
PB.879.1	Protein_PB.879.1	ABCF3	ABCF3	full-splice_match	YES	631.39	628.74	568.23
PB.879.13	Protein_PB.879.13	ABCF3	ABCF3	novel_not_in_catalog	YES	56.19	85.06	33.61
PB.879.4	Protein_PB.879.4	ABCF3	ABCF3	novel_not_in_catalog	YES	2.26	3.5	28.2
PB.8790.3	Protein_PB.8790.3	IFI30	IFI30	full-splice_match	YES	27.9	14.47	21.33
PB.8791.7	Protein_PB.8791.7	MPV17L2	MPV17L2	full-splice_match	YES	48.39	46.93	55.13
PB.8793.1	Protein_PB.8793.1	PGPEP1	PGPEP1	novel_in_catalog	YES	100.63	147.12	162.75
PB.8793.2	Protein_PB.8793.2	PGPEP1	PGPEP1	full-splice_match	YES	435.43	382.02	386.26
PB.8793.3	Protein_PB.8793.3	PGPEP1	PGPEP1	novel_not_in_catalog	YES	98.01	68.05	81.7
PB.8793.4	Protein_PB.8793.4	PGPEP1	PGPEP1	full-splice_match	YES	52.08	38.27	15.24
PB.8795.1	Protein_PB.8795.1	SSBP4	SSBP4	full-splice_match	YES	8.44	19.95	3.06
PB.8795.4	Protein_PB.8795.4	SSBP4	SSBP4	full-splice_match	YES	25.24	23.52	14.91
PB.8795.5	Protein_PB.8795.5	SSBP4	SSBP4	full-splice_match	YES	85.0	113.19	57.08
PB.8796.1	Protein_PB.8796.1	KXD1	KXD1	full-splice_match	YES	147.19	166.31	147.32
PB.8796.5	Protein_PB.8796.5	KXD1	KXD1	novel_in_catalog	YES	206.04	242.27	200.24
PB.8797.1	Protein_PB.8797.1	UBA52	UBA52	full-splice_match	YES	3960.63	4865.35	8724.15
PB.8797.2	Protein_PB.8797.2	UBA52	UBA52	full-splice_match	YES	1497.12	1697.83	2618.0
PB.8798.1	Protein_PB.8798.1	REX1BD	REX1BD	full-splice_match	YES	170.29	189.71	204.19
PB.8798.2	Protein_PB.8798.2	REX1BD	REX1BD	full-splice_match	YES	13.88	19.34	47.53
PB.880.1	Protein_PB.880.1	AP2M1	AP2M1	full-splice_match	YES	397.89	408.3	411.2
PB.8800.1	Protein_PB.8800.1	KLHL26	KLHL26	full-splice_match	YES	33.91	28.64	44.14
PB.8801.4	Protein_PB.8801.4	CRTC1	CRTC1	full-splice_match	YES	19.52	35.56	62.89
PB.8803.1	Protein_PB.8803.1	UPF1	UPF1	full-splice_match	YES	60.52	67.58	57.02
PB.8803.2	Protein_PB.8803.2	UPF1	UPF1	full-splice_match	YES	290.24	255.82	247.72
PB.8804.1	Protein_PB.8804.1	DDX49	DDX49	full-splice_match	YES	42.22	38.89	26.74
PB.8804.2	Protein_PB.8804.2	DDX49	DDX49	full-splice_match	YES	79.55	81.89	85.84
PB.8806.1	Protein_PB.8806.1	ARMC6	ARMC6	full-splice_match	YES	26.16	36.59	26.07
PB.8807.3	Protein_PB.8807.3	SLC25A42	SLC25A42	full-splice_match	YES	77.98	100.71	107.17
PB.8808.4	Protein_PB.8808.4	RFXANK	RFXANK	full-splice_match	YES	32.93	20.79	12.24
PB.881.2	Protein_PB.881.2	DVL3	DVL3	full-splice_match	YES	34.47	46.79	68.57
PB.881.3	Protein_PB.881.3	DVL3	DVL3	full-splice_match	YES	75.88	55.64	72.56
PB.8810.1	Protein_PB.8810.1	MAU2	MAU2	full-splice_match	YES	33.56	30.87	46.4
PB.8810.2	Protein_PB.8810.2	MAU2	MAU2	full-splice_match	YES	195.96	181.99	212.95
PB.8810.3	Protein_PB.8810.3	MAU2	MAU2	novel_in_catalog	YES	182.18	179.83	213.21
PB.8811.3	Protein_PB.8811.3	GATAD2A	GATAD2A	full-splice_match	YES	12.89	5.71	23.85
PB.8811.5	Protein_PB.8811.5	GATAD2A	GATAD2A	full-splice_match	YES	102.79	92.34	121.91
PB.8811.6	Protein_PB.8811.6	GATAD2A	GATAD2A	full-splice_match	YES	29.73	33.69	12.2
PB.8812.1	Protein_PB.8812.1	NDUFA13	NDUFA13	full-splice_match	YES	2167.24	2590.38	1531.83
PB.8812.3	Protein_PB.8812.3	NDUFA13	NDUFA13	novel_in_catalog	YES	62.33	73.82	34.63
PB.8812.4	Protein_PB.8812.4	NDUFA13_YJEFN3	NDUFA13_YJEFN3	fusion	YES	36.19	34.73	53.41
PB.8814.1	Protein_PB.8814.1	LOC113256764	LOC113256764	incomplete-splice_match	YES	33.96	37.1	25.58
PB.8816.1	Protein_PB.8816.1	TMEM42	TMEM42	full-splice_match	YES	19.96	19.76	17.5
PB.8818.1	Protein_PB.8818.1	EXOSC7	EXOSC7	full-splice_match	YES	42.83	38.86	48.18
PB.8819.2	Protein_PB.8819.2	CLEC3B	CLEC3B	full-splice_match	YES	215.46	120.13	166.59
PB.882.1	Protein_PB.882.1	EIF2B5	EIF2B5	full-splice_match	YES	633.55	630.94	782.72
PB.8820.1	Protein_PB.8820.1	LARS2	LARS2	full-splice_match	YES	350.16	416.81	294.67
PB.8821.1	Protein_PB.8821.1	LIMD1	LIMD1	full-splice_match	YES	349.28	361.37	329.66
PB.8822.1	Protein_PB.8822.1	SACM1L	SACM1L	full-splice_match	YES	53.18	46.42	48.43
PB.8837.1	Protein_PB.8837.1	NBEAL2	NBEAL2	full-splice_match	YES	39.53	33.24	49.76
PB.8840.4	Protein_PB.8840.4	LOC113256813	LOC113256813	full-splice_match	YES	23.03	10.49	30.62
PB.8840.5		LOC113256813	LOC113256813	novel_in_catalog	NO	20.18	33.61	34.11
PB.8842.2	Protein_PB.8842.2	KLHL18	KLHL18	full-splice_match	YES	37.3	37.85	17.83
PB.8843.1	Protein_PB.8843.1	PTPN23	PTPN23	full-splice_match	YES	94.31	67.71	97.0
PB.8845.1	Protein_PB.8845.1	DHX30	DHX30	full-splice_match	YES	69.97	36.31	22.51
PB.8845.2	Protein_PB.8845.2	DHX30	DHX30	full-splice_match	YES	32.48	23.22	50.59
PB.8845.3	Protein_PB.8845.3	DHX30	DHX30	full-splice_match	YES	1.9	26.51	15.41
PB.8845.6	Protein_PB.8845.6	DHX30	DHX30	novel_in_catalog	YES	236.16	251.39	132.47
PB.8845.9	Protein_PB.8845.9	DHX30	DHX30	novel_in_catalog	YES	30.78	43.94	31.49
PB.8849.1	Protein_PB.8849.1	FBXW12	FBXW12	novel_not_in_catalog	YES	52.5	51.55	50.75
PB.8849.18	Protein_PB.8849.18	FBXW12	FBXW12	full-splice_match	YES	7.93	8.25	27.33
PB.8849.6	Protein_PB.8849.6	FBXW12	FBXW12	novel_not_in_catalog	YES	6.25	12.56	26.62
PB.8849.8	Protein_PB.8849.8	FBXW12	FBXW12	novel_not_in_catalog	YES	62.7	47.55	56.73
PB.8850.1		LOC113256835	LOC113256835	full-splice_match	NO	405.36	499.71	405.35
PB.8851.10	Protein_PB.8851.10	TREX1	TREX1	full-splice_match	YES	49.37	56.25	38.28
PB.8851.3	Protein_PB.8851.3	ATRIP	ATRIP	novel_in_catalog	YES	35.18	46.73	35.6
PB.8851.7	Protein_PB.8851.7	ATRIP	ATRIP	full-splice_match	YES	22.86	17.47	19.83
PB.8851.8	Protein_PB.8851.8	ATRIP	ATRIP	full-splice_match	YES	258.34	288.04	212.46
PB.8851.9	Protein_PB.8851.9	ATRIP	ATRIP	novel_not_in_catalog	YES	4.34	10.6	19.54
PB.8852.10	Protein_PB.8852.10	ARIH2	ARIH2	full-splice_match	YES	64.29	56.17	63.2
PB.8852.2	Protein_PB.8852.2	ARIH2	ARIH2	novel_not_in_catalog	YES	520.24	617.36	602.06
PB.8852.8	Protein_PB.8852.8	ARIH2	ARIH2	full-splice_match	YES	317.8	380.84	357.61
PB.8853.1	Protein_PB.8853.1	P4HTM	P4HTM	full-splice_match	YES	11.89	11.49	18.22
PB.8853.2	Protein_PB.8853.2	P4HTM	P4HTM	full-splice_match	YES	90.24	110.61	86.85
PB.8854.1	Protein_PB.8854.1	WDR6	WDR6	full-splice_match	YES	30.8	14.44	50.07
PB.8854.3	Protein_PB.8854.3	WDR6	WDR6	novel_not_in_catalog	YES	13.14	22.43	14.86
PB.8854.4	Protein_PB.8854.4	WDR6	WDR6	incomplete-splice_match	YES	23.1	23.91	13.07
PB.8855.1	Protein_PB.8855.1	NDUFAF3	NDUFAF3	novel_in_catalog	YES	381.36	443.64	369.05
PB.8855.3	Protein_PB.8855.3	NDUFAF3	NDUFAF3	full-splice_match	YES	100.46	104.16	104.49
PB.8856.1	Protein_PB.8856.1	KLHDC8B	KLHDC8B	full-splice_match	YES	19.46	6.2	2.89
PB.8856.2	Protein_PB.8856.2	KLHDC8B	KLHDC8B	full-splice_match	YES	35.9	48.64	66.45
PB.8858.3	Protein_PB.8858.3	TCTA	TCTA	full-splice_match	YES	6.06	3.08	21.64
PB.8858.4	Protein_PB.8858.4	TCTA	TCTA	full-splice_match	YES	218.18	197.98	247.58
PB.8858.5	Protein_PB.8858.5	TCTA	TCTA	novel_in_catalog	YES	43.52	52.92	34.08
PB.8859.1	Protein_PB.8859.1	DAG1	DAG1	novel_not_in_catalog	YES	64.36	51.32	54.72
PB.8859.3	Protein_PB.8859.3	DAG1	DAG1	full-splice_match	YES	92.86	77.89	113.57
PB.8859.4	Protein_PB.8859.4	DAG1	DAG1	full-splice_match	YES	92.21	141.99	180.83
PB.8859.5	Protein_PB.8859.5	DAG1	DAG1	full-splice_match	YES	363.2	461.69	463.29
PB.8859.7	Protein_PB.8859.7	DAG1	DAG1	full-splice_match	YES	106.14	99.84	203.24
PB.8859.8	Protein_PB.8859.8	DAG1	DAG1	full-splice_match	YES	374.07	221.22	247.44
PB.8861.1	Protein_PB.8861.1	APEH	APEH	full-splice_match	YES	411.56	410.86	271.91
PB.8861.13	Protein_PB.8861.13	APEH	APEH	novel_in_catalog	YES	70.42	62.81	141.11
PB.8861.14	Protein_PB.8861.14	APEH	APEH	novel_not_in_catalog	YES	53.94	84.35	88.49
PB.8862.16	Protein_PB.8862.16	RNF123	RNF123	full-splice_match	YES	278.61	294.1	279.53
PB.8862.17	Protein_PB.8862.17	RNF123	RNF123	full-splice_match	YES	769.3	714.03	527.1
PB.8862.23	Protein_PB.8862.23	RNF123	RNF123	incomplete-splice_match	YES	22.06	24.61	31.74
PB.8862.24	Protein_PB.8862.24	RNF123	RNF123	novel_in_catalog	YES	8.01	3.79	21.34
PB.8862.29	Protein_PB.8862.29	RNF123	RNF123	novel_in_catalog	YES	21.73	9.72	15.14
PB.8862.34	Protein_PB.8862.34	RNF123	RNF123	novel_not_in_catalog	YES	8.9	39.46	12.92
PB.8862.37	Protein_PB.8862.37	RNF123	RNF123	novel_not_in_catalog	YES	12.1	15.76	48.29
PB.8862.38	Protein_PB.8862.38	RNF123	RNF123	novel_in_catalog	YES	13.39	20.64	11.66
PB.8863.1	Protein_PB.8863.1	INKA1	INKA1	full-splice_match	YES	29.84	17.41	24.3
PB.8865.1	Protein_PB.8865.1	RBM6	RBM6	novel_in_catalog	YES	23.19	16.88	34.55
PB.8865.11	Protein_PB.8865.11	RBM6	RBM6	full-splice_match	YES	42.41	31.07	50.95
PB.8865.4	Protein_PB.8865.4	RBM6	RBM6	full-splice_match	YES	52.03	50.95	23.55
PB.8865.9	Protein_PB.8865.9	RBM6	RBM6	incomplete-splice_match	YES	90.12	93.56	105.94
PB.8866.1	Protein_PB.8866.1	RBM5	RBM5	full-splice_match	YES	152.98	192.41	101.36
PB.8866.11	Protein_PB.8866.11	RBM5	RBM5	novel_in_catalog	YES	25.36	10.91	19.68
PB.8866.15	Protein_PB.8866.15	RBM5	RBM5	novel_in_catalog	YES	47.47	8.15	47.47
PB.8866.17	Protein_PB.8866.17	RBM5	RBM5	novel_in_catalog	YES	33.74	33.46	28.91
PB.8866.2	Protein_PB.8866.2	RBM5	RBM5	full-splice_match	YES	21.51	9.08	12.89
PB.8866.21	Protein_PB.8866.21	RBM5	RBM5	novel_in_catalog	YES	18.17	10.84	18.95
PB.8867.1	Protein_PB.8867.1	SEMA3F	SEMA3F	full-splice_match	YES	52.75	25.6	57.14
PB.8867.2	Protein_PB.8867.2	SEMA3F	SEMA3F	full-splice_match	YES	12.43	26.94	4.31
PB.8869.13	Protein_PB.8869.13	SLC38A3	SLC38A3	novel_not_in_catalog	YES	20.59	42.58	10.04
PB.8869.28	Protein_PB.8869.28	SLC38A3	SLC38A3	novel_in_catalog	YES	24.51	23.51	17.39
PB.8869.31	Protein_PB.8869.31	SLC38A3	SLC38A3	incomplete-splice_match	YES	7.82	28.4	8.64
PB.887.2	Protein_PB.887.2	YEATS2	YEATS2	full-splice_match	YES	122.82	83.28	120.3
PB.8870.1	Protein_PB.8870.1	GNAI2	GNAI2	full-splice_match	YES	337.01	215.68	274.83
PB.8871.1	Protein_PB.8871.1	SEMA3B	SEMA3B	novel_not_in_catalog	YES	14.49	11.22	18.74
PB.8871.4	Protein_PB.8871.4	SEMA3B	SEMA3B	novel_not_in_catalog	YES	17.13	13.07	22.78
PB.8872.3		LSMEM2	LSMEM2	novel_not_in_catalog	NO	15.38	15.56	24.92
PB.8872.4	Protein_PB.8872.4	LSMEM2	LSMEM2	novel_in_catalog	YES	85.27	80.53	97.32
PB.8872.6	Protein_PB.8872.6	LSMEM2	LSMEM2	full-splice_match	YES	13.01	11.79	18.78
PB.8875.1	Protein_PB.8875.1	HEMK1	HEMK1	full-splice_match	YES	19.85	12.34	4.69
PB.8876.1	Protein_PB.8876.1	MAPKAPK3	MAPKAPK3	full-splice_match	YES	245.57	228.86	225.89
PB.8876.10	Protein_PB.8876.10	MAPKAPK3	MAPKAPK3	full-splice_match	YES	30.58	21.71	7.29
PB.8876.2	Protein_PB.8876.2	MAPKAPK3	MAPKAPK3	full-splice_match	YES	290.77	371.07	256.48
PB.8876.6	Protein_PB.8876.6	MAPKAPK3	MAPKAPK3	novel_not_in_catalog	YES	100.88	64.71	73.87
PB.8876.8	Protein_PB.8876.8	MAPKAPK3	MAPKAPK3	full-splice_match	YES	22.25	19.53	7.04
PB.8877.1	Protein_PB.8877.1	DOCK3	DOCK3	full-splice_match	YES	30.48	85.21	262.36
PB.8877.3	Protein_PB.8877.3	MANF	MANF	full-splice_match	YES	92.53	94.27	97.22
PB.8879.1	Protein_PB.8879.1	RBM15B	RBM15B	full-splice_match	YES	86.96	79.58	105.16
PB.888.1	Protein_PB.888.1	KLHL24	KLHL24	full-splice_match	YES	95.33	97.25	40.98
PB.888.12	Protein_PB.888.12	KLHL24	KLHL24	full-splice_match	YES	1172.14	1135.98	528.69
PB.888.15	Protein_PB.888.15	KLHL24	KLHL24	novel_not_in_catalog	YES	9.11	4.1	20.07
PB.888.17	Protein_PB.888.17	KLHL24	KLHL24	novel_in_catalog	YES	71.11	120.66	80.09
PB.888.18	Protein_PB.888.18	KLHL24	KLHL24	full-splice_match	YES	18.91	15.72	10.54
PB.888.19	Protein_PB.888.19	KLHL24	KLHL24	full-splice_match	YES	1078.93	1111.35	992.43
PB.888.20	Protein_PB.888.20	KLHL24	KLHL24	novel_not_in_catalog	YES	265.18	285.29	196.88
PB.888.21	Protein_PB.888.21	KLHL24	KLHL24	novel_in_catalog	YES	228.12	226.71	404.48
PB.888.3	Protein_PB.888.3	KLHL24	KLHL24	novel_not_in_catalog	YES	47.75	36.03	35.82
PB.888.5	Protein_PB.888.5	KLHL24	KLHL24	full-splice_match	YES	122.67	136.28	221.6
PB.888.8	Protein_PB.888.8	KLHL24	KLHL24	full-splice_match	YES	152.44	61.23	84.37
PB.888.9	Protein_PB.888.9	KLHL24	KLHL24	full-splice_match	YES	263.41	305.08	746.72
PB.8880.2	Protein_PB.8880.2	RAD54L2	RAD54L2	full-splice_match	YES	104.15	92.53	135.34
PB.8881.1	Protein_PB.8881.1	TEX264	TEX264	full-splice_match	YES	172.44	159.23	173.37
PB.8881.5	Protein_PB.8881.5	TEX264	TEX264	full-splice_match	YES	14.5	46.05	23.09
PB.8889.1	Protein_PB.8889.1	PARP3	PARP3	full-splice_match	YES	133.1	110.91	121.46
PB.8889.13	Protein_PB.8889.13	PARP3	PARP3	novel_in_catalog	YES	182.26	181.57	240.02
PB.8889.15	Protein_PB.8889.15	PARP3	PARP3	incomplete-splice_match	YES	133.88	174.95	93.95
PB.8889.5	Protein_PB.8889.5	PARP3	PARP3	full-splice_match	YES	38.23	109.28	59.46
PB.8889.7	Protein_PB.8889.7	PARP3	PARP3	full-splice_match	YES	132.3	133.3	77.29
PB.8891.1	Protein_PB.8891.1	LOC113256935	LOC113256935	full-splice_match	YES	118.51	137.95	100.54
PB.8891.3	Protein_PB.8891.3	ABHD14A	ABHD14A	full-splice_match	YES	47.71	41.28	44.98
PB.8891.5	Protein_PB.8891.5	LOC113256935	LOC113256935	full-splice_match	YES	173.24	210.31	127.78
PB.8892.1	Protein_PB.8892.1	ALAS1	ALAS1	full-splice_match	YES	1725.47	1891.06	877.09
PB.8892.11	Protein_PB.8892.11	ALAS1	ALAS1	novel_in_catalog	YES	33.14	28.67	29.66
PB.8893.1	Protein_PB.8893.1	PPM1M	PPM1M	full-splice_match	YES	23.56	25.46	39.12
PB.8897.1	Protein_PB.8897.1	NISCH	NISCH	full-splice_match	YES	66.2	43.1	96.44
PB.8897.2	Protein_PB.8897.2	NISCH	NISCH	full-splice_match	YES	12.15	25.83	24.15
PB.8897.3	Protein_PB.8897.3	NISCH	NISCH	full-splice_match	YES	37.05	44.7	41.83
PB.8897.6	Protein_PB.8897.6	NISCH	NISCH	incomplete-splice_match	YES	63.78	55.76	74.95
PB.8898.2	Protein_PB.8898.2	STAB1	STAB1	full-splice_match	YES	132.33	58.89	62.84
PB.8899.1		SMIM4	SMIM4	full-splice_match	NO	397.43	469.21	214.12
PB.8899.2	Protein_PB.8899.2	SMIM4	SMIM4	novel_not_in_catalog	YES	60.53	83.36	87.82
PB.8900.3	Protein_PB.8900.3	GNL3	GNL3	novel_in_catalog	YES	16.53	31.64	20.7
PB.8900.7	Protein_PB.8900.7	GNL3	GNL3	full-splice_match	YES	24.92	26.56	33.72
PB.8900.8	Protein_PB.8900.8	GNL3	GNL3	novel_not_in_catalog	YES	78.85	68.66	86.66
PB.8902.1	Protein_PB.8902.1	SPCS1	SPCS1	full-splice_match	YES	440.14	502.0	431.29
PB.8902.3	Protein_PB.8902.3	SPCS1	SPCS1	incomplete-splice_match	YES	27.0	29.81	34.51
PB.8906.3	Protein_PB.8906.3	PRKCD	PRKCD	incomplete-splice_match	YES	12.69	7.01	19.71
PB.8911.3	Protein_PB.8911.3	CACNA2D3	CACNA2D3	full-splice_match	YES	316.71	491.62	464.43
PB.8911.5	Protein_PB.8911.5	CACNA2D3	CACNA2D3	full-splice_match	YES	99.32	114.44	288.99
PB.8912.10	Protein_PB.8912.10	CCDC66	CCDC66	incomplete-splice_match	YES	31.89	24.72	21.37
PB.8912.2	Protein_PB.8912.2	CCDC66	CCDC66	novel_in_catalog	YES	48.58	78.47	51.39
PB.8912.3	Protein_PB.8912.3	CCDC66	CCDC66	novel_not_in_catalog	YES	18.15	11.52	16.12
PB.8912.4	Protein_PB.8912.4	CCDC66	CCDC66	full-splice_match	YES	23.72	13.7	22.99
PB.8912.6	Protein_PB.8912.6	CCDC66	CCDC66	full-splice_match	YES	16.11	20.94	17.45
PB.8912.9	Protein_PB.8912.9	CCDC66	CCDC66	novel_not_in_catalog	YES	19.73	14.29	17.84
PB.8915.10	Protein_PB.8915.10	APPL1	APPL1	full-splice_match	YES	167.48	193.89	270.61
PB.8915.11	Protein_PB.8915.11	APPL1	APPL1	novel_not_in_catalog	YES	149.39	103.77	154.88
PB.8915.12	Protein_PB.8915.12	APPL1	APPL1	novel_not_in_catalog	YES	29.73	22.53	79.68
PB.8915.13	Protein_PB.8915.13	APPL1	APPL1	novel_not_in_catalog	YES	222.72	313.7	202.22
PB.8915.15	Protein_PB.8915.15	APPL1	APPL1	novel_not_in_catalog	YES	21.64	24.0	12.88
PB.8915.16	Protein_PB.8915.16	APPL1	APPL1	incomplete-splice_match	YES	353.91	346.56	260.82
PB.8915.4	Protein_PB.8915.4	APPL1	APPL1	incomplete-splice_match	YES	193.45	180.23	222.57
PB.8915.6	Protein_PB.8915.6	APPL1	APPL1	full-splice_match	YES	24.8	18.72	24.94
PB.8915.7	Protein_PB.8915.7	APPL1	APPL1	novel_not_in_catalog	YES	29.99	41.25	13.71
PB.8917.1	Protein_PB.8917.1	PDE12	PDE12	full-splice_match	YES	124.89	132.2	113.41
PB.8919.10	Protein_PB.8919.10	SLMAP	SLMAP	novel_not_in_catalog	YES	40.24	27.72	32.68
PB.8919.11	Protein_PB.8919.11	SLMAP	SLMAP	novel_not_in_catalog	YES	74.37	111.32	75.34
PB.8919.14	Protein_PB.8919.14	SLMAP	SLMAP	full-splice_match	YES	97.72	141.68	121.19
PB.8919.15	Protein_PB.8919.15	SLMAP	SLMAP	full-splice_match	YES	93.14	84.48	127.14
PB.8919.16	Protein_PB.8919.16	SLMAP	SLMAP	full-splice_match	YES	20.68	30.34	15.42
PB.8919.3	Protein_PB.8919.3	SLMAP	SLMAP	novel_not_in_catalog	YES	27.48	9.18	7.31
PB.8919.30	Protein_PB.8919.30	SLMAP	SLMAP	novel_in_catalog	YES	74.97	68.69	75.35
PB.8919.31	Protein_PB.8919.31	SLMAP	SLMAP	incomplete-splice_match	YES	106.05	129.57	208.56
PB.8919.32	Protein_PB.8919.32	SLMAP	SLMAP	incomplete-splice_match	YES	62.88	0.0	3.96
PB.8919.34	Protein_PB.8919.34	SLMAP	SLMAP	novel_not_in_catalog	YES	266.17	308.99	324.84
PB.8919.4	Protein_PB.8919.4	SLMAP	SLMAP	novel_not_in_catalog	YES	36.29	35.66	48.47
PB.8919.5	Protein_PB.8919.5	SLMAP	SLMAP	novel_not_in_catalog	YES	19.98	26.44	32.71
PB.8919.8	Protein_PB.8919.8	SLMAP	SLMAP	novel_not_in_catalog	YES	365.48	370.7	294.68
PB.8919.9	Protein_PB.8919.9	SLMAP	SLMAP	novel_not_in_catalog	YES	252.24	286.75	182.17
PB.8922.3	Protein_PB.8922.3	FLNB	FLNB	full-splice_match	YES	293.08	200.39	168.11
PB.8922.5	Protein_PB.8922.5	FLNB	FLNB	incomplete-splice_match	YES	30.04	20.46	41.47
PB.8923.1	Protein_PB.8923.1	ABHD6	ABHD6	novel_not_in_catalog	YES	53.8	70.34	50.68
PB.8923.3	Protein_PB.8923.3	ABHD6	ABHD6	full-splice_match	YES	3.75	18.39	1.61
PB.8924.10	Protein_PB.8924.10	HTD2	HTD2	full-splice_match	YES	40.64	28.95	40.03
PB.8924.3	Protein_PB.8924.3	HTD2_RPP14	HTD2_RPP14	full-splice_match	YES	22.79	23.57	22.42
PB.8924.7	Protein_PB.8924.7	HTD2_RPP14	HTD2_RPP14	full-splice_match	YES	143.18	153.84	135.85
PB.8924.8	Protein_PB.8924.8	HTD2_RPP14	HTD2_RPP14	fusion	YES	11.55	25.35	35.7
PB.8924.9	Protein_PB.8924.9	HTD2_RPP14	HTD2_RPP14	fusion	YES	54.6	36.0	27.41
PB.8925.10	Protein_PB.8925.10	PXK	PXK	incomplete-splice_match	YES	37.03	44.31	27.82
PB.8925.2	Protein_PB.8925.2	PXK	PXK	novel_in_catalog	YES	24.01	7.03	7.97
PB.8925.3	Protein_PB.8925.3	PXK	PXK	full-splice_match	YES	18.95	8.74	15.51
PB.8925.4	Protein_PB.8925.4	PXK	PXK	full-splice_match	YES	19.59	9.83	10.03
PB.8925.5	Protein_PB.8925.5	PXK	PXK	full-splice_match	YES	16.89	23.5	11.64
PB.8927.2	Protein_PB.8927.2	KCTD6	KCTD6	novel_not_in_catalog	YES	16.08	19.12	15.13
PB.893.1	Protein_PB.893.1	LOC113254515	LOC113254515	full-splice_match	YES	8.2	9.92	22.33
PB.893.3		LOC113254515	LOC113254515	full-splice_match	NO	107.74	160.25	117.61
PB.893.9		LOC113254515	LOC113254515	full-splice_match	NO	13.35	16.81	23.1
PB.8934.2	Protein_PB.8934.2	PTPRG	PTPRG	full-splice_match	YES	144.77	103.95	80.08
PB.8934.6	Protein_PB.8934.6	PTPRG	PTPRG	incomplete-splice_match	YES	39.88	15.47	24.71
PB.8938.3	Protein_PB.8938.3	SYNPR	SYNPR	novel_not_in_catalog	YES	33.89	33.32	62.19
PB.8941.10	Protein_PB.8941.10	ATXN7	ATXN7	novel_not_in_catalog	YES	149.17	126.49	155.82
PB.8941.3	Protein_PB.8941.3	ATXN7	ATXN7	full-splice_match	YES	20.21	22.42	14.32
PB.8941.4	Protein_PB.8941.4	ATXN7	ATXN7	full-splice_match	YES	22.16	18.81	16.47
PB.8946.4		LOC113257049	LOC113257049	full-splice_match	NO	5.79	8.46	34.93
PB.8950.1	Protein_PB.8950.1	SLC25A26	SLC25A26	full-splice_match	YES	7.2	15.44	23.94
PB.8950.2	Protein_PB.8950.2	SLC25A26	SLC25A26	full-splice_match	YES	107.07	142.55	118.38
PB.8950.3	Protein_PB.8950.3	SLC25A26	SLC25A26	full-splice_match	YES	79.94	127.19	139.15
PB.8952.1	Protein_PB.8952.1	KBTBD8	KBTBD8	full-splice_match	YES	120.06	94.76	98.84
PB.8956.1	Protein_PB.8956.1	ARL6IP5	ARL6IP5	novel_not_in_catalog	YES	327.22	290.57	260.43
PB.8956.4	Protein_PB.8956.4	ARL6IP5	ARL6IP5	full-splice_match	YES	33.05	11.62	27.88
PB.8956.5	Protein_PB.8956.5	ARL6IP5	ARL6IP5	novel_not_in_catalog	YES	276.49	295.0	323.18
PB.8956.6	Protein_PB.8956.6	ARL6IP5	ARL6IP5	novel_not_in_catalog	YES	89.47	90.64	110.03
PB.8958.2	Protein_PB.8958.2	MITF	MITF	full-splice_match	YES	140.25	112.15	124.8
PB.8958.4	Protein_PB.8958.4	MITF	MITF	full-splice_match	YES	546.51	747.58	680.2
PB.8958.5	Protein_PB.8958.5	MITF	MITF	full-splice_match	YES	45.26	46.02	43.21
PB.8958.9	Protein_PB.8958.9	MITF	MITF	novel_not_in_catalog	YES	74.63	69.98	90.23
PB.8962.1	Protein_PB.8962.1	GXYLT2	GXYLT2	novel_not_in_catalog	YES	85.12	48.01	72.74
PB.8964.1	Protein_PB.8964.1	PPP4R2	PPP4R2	full-splice_match	YES	125.48	92.45	75.8
PB.8964.2	Protein_PB.8964.2	PPP4R2	PPP4R2	novel_not_in_catalog	YES	208.6	206.73	205.23
PB.8964.4	Protein_PB.8964.4	PPP4R2	PPP4R2	novel_in_catalog	YES	57.2	55.33	66.57
PB.8967.1	Protein_PB.8967.1	LOC113256559	LOC113256559	full-splice_match	YES	116.23	105.48	193.57
PB.897.4	Protein_PB.897.4	ATP11B	ATP11B	full-splice_match	YES	222.16	174.64	211.19
PB.897.5	Protein_PB.897.5	ATP11B	ATP11B	novel_not_in_catalog	YES	20.27	10.49	19.07
PB.897.7	Protein_PB.897.7	ATP11B	ATP11B	novel_in_catalog	YES	219.57	252.36	227.49
PB.897.8	Protein_PB.897.8	ATP11B	ATP11B	full-splice_match	YES	87.04	95.57	82.02
PB.897.9	Protein_PB.897.9	ATP11B	ATP11B	novel_in_catalog	YES	90.1	71.63	68.91
PB.8974.3	Protein_PB.8974.3	CNTN4	CNTN4	full-splice_match	YES	22.44	21.79	17.42
PB.8977.1	Protein_PB.8977.1	TRNT1	TRNT1	full-splice_match	YES	28.5	39.61	23.96
PB.8977.2	Protein_PB.8977.2	TRNT1	TRNT1	novel_in_catalog	YES	20.6	17.75	19.86
PB.8977.5	Protein_PB.8977.5	TRNT1	TRNT1	novel_not_in_catalog	YES	72.48	76.51	59.41
PB.8980.1	Protein_PB.8980.1	LRRN1	LRRN1	full-splice_match	YES	345.32	350.06	605.62
PB.8981.1	Protein_PB.8981.1	LOC113257110	LOC113257110	novel_in_catalog	YES	26.51	24.12	28.23
PB.8982.2	Protein_PB.8982.2	ITPR1	ITPR1	full-splice_match	YES	92.4	41.73	122.76
PB.8982.3	Protein_PB.8982.3	ITPR1	ITPR1	incomplete-splice_match	YES	38.3	25.58	23.65
PB.8982.4	Protein_PB.8982.4	ITPR1	ITPR1	full-splice_match	YES	68.36	72.3	54.57
PB.8982.5	Protein_PB.8982.5	ITPR1	ITPR1	full-splice_match	YES	81.11	41.24	47.98
PB.8983.1	Protein_PB.8983.1	BHLHE40	BHLHE40	novel_not_in_catalog	YES	755.27	660.56	794.2
PB.8983.2	Protein_PB.8983.2	BHLHE40	BHLHE40	full-splice_match	YES	71.54	72.17	93.05
PB.8983.3	Protein_PB.8983.3	BHLHE40	BHLHE40	novel_in_catalog	YES	34.37	11.13	33.23
PB.8983.4	Protein_PB.8983.4	BHLHE40	BHLHE40	incomplete-splice_match	YES	24.41	14.31	22.23
PB.8983.5	Protein_PB.8983.5	BHLHE40	BHLHE40	novel_in_catalog	YES	15.34	34.9	19.76
PB.8986.1	Protein_PB.8986.1	ARL8B	ARL8B	novel_in_catalog	YES	144.28	136.69	160.36
PB.8986.2	Protein_PB.8986.2	ARL8B	ARL8B	full-splice_match	YES	149.51	180.17	174.02
PB.8987.1	Protein_PB.8987.1	EDEM1	EDEM1	full-splice_match	YES	183.89	158.64	177.24
PB.8992.1	Protein_PB.8992.1	LMCD1	LMCD1	full-splice_match	YES	1873.11	2261.03	2178.59
PB.8992.2	Protein_PB.8992.2	LMCD1	LMCD1	incomplete-splice_match	YES	1203.1	1426.68	1333.37
PB.8992.3	Protein_PB.8992.3	LMCD1	LMCD1	full-splice_match	YES	53.86	52.84	62.46
PB.8994.1	Protein_PB.8994.1	CAV3	CAV3	full-splice_match	YES	1229.0	1050.66	1653.55
PB.8997.5	Protein_PB.8997.5	THUMPD3	THUMPD3	full-splice_match	YES	28.84	35.86	55.34
PB.8997.7	Protein_PB.8997.7	THUMPD3	THUMPD3	full-splice_match	YES	172.16	164.61	153.1
PB.8998.18	Protein_PB.8998.18	SETD5	SETD5	full-splice_match	YES	12.77	4.37	28.43
PB.8998.2	Protein_PB.8998.2	SETD5	SETD5	full-splice_match	YES	18.52	9.36	12.9
PB.8998.4	Protein_PB.8998.4	SETD5	SETD5	full-splice_match	YES	49.69	52.1	68.97
PB.8998.6	Protein_PB.8998.6	SETD5	SETD5	full-splice_match	YES	20.36	11.74	22.84
PB.8999.3	Protein_PB.8999.3	MTMR14	MTMR14	full-splice_match	YES	34.95	61.0	67.09
PB.8999.5	Protein_PB.8999.5	MTMR14	MTMR14	full-splice_match	YES	145.65	169.85	78.38
PB.8999.6	Protein_PB.8999.6	MTMR14	MTMR14	full-splice_match	YES	8.2	3.96	17.81
PB.8999.7	Protein_PB.8999.7	MTMR14	MTMR14	incomplete-splice_match	YES	70.1	75.48	85.71
PB.9001.7	Protein_PB.9001.7	BRPF1	BRPF1	full-splice_match	YES	29.23	14.62	29.79
PB.9001.8	Protein_PB.9001.8	BRPF1	BRPF1	incomplete-splice_match	YES	25.32	11.85	16.75
PB.9003.1	Protein_PB.9003.1	ARPC4	ARPC4	incomplete-splice_match	YES	9.6	10.19	19.38
PB.9003.3	Protein_PB.9003.3	ARPC4	ARPC4	full-splice_match	YES	186.08	167.63	182.4
PB.9005.1	Protein_PB.9005.1	JAGN1	JAGN1	full-splice_match	YES	64.18	73.32	62.97
PB.9007.37	Protein_PB.9007.37	IL17RC	IL17RC	novel_in_catalog	YES	6.12	6.39	17.17
PB.9007.46	Protein_PB.9007.46	IL17RC_CRELD1	IL17RC_CRELD1	fusion	YES	120.77	160.51	133.16
PB.9009.1		BRK1	BRK1	full-splice_match	NO	352.77	342.8	410.71
PB.9010.1	Protein_PB.9010.1	VHL	VHL	full-splice_match	YES	30.76	27.84	29.63
PB.9010.10	Protein_PB.9010.10	IRAK2	IRAK2	full-splice_match	YES	20.25	14.53	22.18
PB.9011.1	Protein_PB.9011.1	TATDN2	TATDN2	novel_not_in_catalog	YES	27.35	40.11	44.5
PB.9011.3	Protein_PB.9011.3	TATDN2	TATDN2	full-splice_match	YES	72.32	62.05	73.95
PB.9014.1		novelGene_ATP2B2_AS	novelGene_ATP2B2_AS	antisense	NO	16.68	14.66	36.38
PB.9014.4		novelGene_ATP2B2_AS	novelGene_ATP2B2_AS	antisense	NO	46.83	19.96	54.76
PB.9014.5	Protein_PB.9014.5	novelGene_ATP2B2_AS	novelGene_ATP2B2_AS	antisense	YES	28.92	8.13	14.06
PB.9018.5	Protein_PB.9018.5	ATG7	ATG7	novel_in_catalog	YES	37.5	33.19	46.78
PB.9018.9	Protein_PB.9018.9	ATG7	ATG7	novel_in_catalog	YES	3.28	18.7	13.56
PB.9020.3	Protein_PB.9020.3	PPARG	PPARG	full-splice_match	YES	24.36	20.92	6.97
PB.9022.1	Protein_PB.9022.1	MKRN2	MKRN2	incomplete-splice_match	YES	68.4	65.92	75.06
PB.9022.2	Protein_PB.9022.2	MKRN2	MKRN2	novel_in_catalog	YES	148.18	146.76	163.34
PB.9022.3	Protein_PB.9022.3	MKRN2	MKRN2	novel_in_catalog	YES	10.45	7.16	19.15
PB.9022.4	Protein_PB.9022.4	MKRN2	MKRN2	novel_not_in_catalog	YES	96.54	115.74	174.04
PB.9022.5	Protein_PB.9022.5	MKRN2	MKRN2	full-splice_match	YES	91.02	87.5	59.58
PB.9023.2	Protein_PB.9023.2	CAND2	CAND2	full-splice_match	YES	1051.19	973.6	1225.37
PB.903.10	Protein_PB.903.10	FXR1	FXR1	novel_in_catalog	YES	46.64	36.34	100.38
PB.903.12	Protein_PB.903.12	FXR1	FXR1	novel_in_catalog	YES	3014.2	3069.35	3060.7
PB.903.13	Protein_PB.903.13	FXR1	FXR1	novel_in_catalog	YES	19.03	11.03	14.61
PB.903.15	Protein_PB.903.15	FXR1	FXR1	novel_in_catalog	YES	19.21	16.13	15.47
PB.903.16	Protein_PB.903.16	FXR1	FXR1	novel_not_in_catalog	YES	3319.36	3436.65	4107.78
PB.903.3	Protein_PB.903.3	FXR1	FXR1	novel_in_catalog	YES	94.87	47.76	122.4
PB.903.4	Protein_PB.903.4	FXR1	FXR1	novel_not_in_catalog	YES	56.08	48.08	53.13
PB.903.5	Protein_PB.903.5	FXR1	FXR1	full-splice_match	YES	510.92	623.98	334.19
PB.903.6	Protein_PB.903.6	FXR1	FXR1	full-splice_match	YES	869.71	562.9	132.03
PB.903.9	Protein_PB.903.9	FXR1	FXR1	novel_in_catalog	YES	344.77	432.34	1066.59
PB.9031.1	Protein_PB.9031.1	TRH	TRH	full-splice_match	YES	23.85	25.52	8.28
PB.9032.2	Protein_PB.9032.2	RBSN	RBSN	full-splice_match	YES	296.04	309.95	370.96
PB.9033.1	Protein_PB.9033.1	MRPS25	MRPS25	full-splice_match	YES	446.26	422.63	358.31
PB.9035.1	Protein_PB.9035.1	LOC113257211	LOC113257211	full-splice_match	YES	12.41	7.58	21.73
PB.9039.2	Protein_PB.9039.2	GRIP2	GRIP2	full-splice_match	YES	61.31	64.9	98.18
PB.9042.1	Protein_PB.9042.1	XPC	XPC	full-splice_match	YES	71.26	58.28	105.86
PB.9043.1	Protein_PB.9043.1	CHCHD4	CHCHD4	full-splice_match	YES	98.88	101.75	98.09
PB.9048.1	Protein_PB.9048.1	NUP210	NUP210	full-splice_match	YES	78.09	60.47	52.0
PB.905.3	Protein_PB.905.3	TTC14	TTC14	novel_not_in_catalog	YES	29.03	18.8	18.93
PB.905.7	Protein_PB.905.7	TTC14	TTC14	novel_not_in_catalog	YES	22.98	19.58	25.68
PB.9050.2	Protein_PB.9050.2	IQSEC1	IQSEC1	full-splice_match	YES	8.76	17.55	19.1
PB.9050.5	Protein_PB.9050.5	IQSEC1	IQSEC1	full-splice_match	YES	79.48	69.35	63.75
PB.9050.6	Protein_PB.9050.6	IQSEC1	IQSEC1	full-splice_match	YES	36.91	1.03	14.02
PB.9050.9	Protein_PB.9050.9	IQSEC1	IQSEC1	full-splice_match	YES	41.83	25.27	20.29
PB.9051.1	Protein_PB.9051.1	ACAD9	ACAD9	full-splice_match	YES	244.19	230.15	133.09
PB.9051.13	Protein_PB.9051.13	ACAD9	ACAD9	full-splice_match	YES	254.33	311.48	140.16
PB.9052.1	Protein_PB.9052.1	EFCC1	EFCC1	full-splice_match	YES	17.82	8.99	10.04
PB.9054.1	Protein_PB.9054.1	COPG1	COPG1	full-splice_match	YES	737.71	736.51	717.89
PB.9054.10	Protein_PB.9054.10	COPG1	COPG1	incomplete-splice_match	YES	77.35	52.34	44.97
PB.9054.5	Protein_PB.9054.5	COPG1	COPG1	novel_in_catalog	YES	23.86	14.08	28.07
PB.9056.1	Protein_PB.9056.1	HMCES	HMCES	full-splice_match	YES	85.74	102.46	83.32
PB.9056.2	Protein_PB.9056.2	HMCES	HMCES	full-splice_match	YES	49.45	54.61	63.86
PB.9057.3	Protein_PB.9057.3	LOC113257252	LOC113257252	full-splice_match	YES	23.97	19.95	46.74
PB.9059.1	Protein_PB.9059.1	RPN1	RPN1	novel_not_in_catalog	YES	13.35	18.04	35.77
PB.9059.3	Protein_PB.9059.3	RPN1	RPN1	full-splice_match	YES	783.05	748.74	892.23
PB.9060.2	Protein_PB.9060.2	GATA2	GATA2	full-splice_match	YES	37.44	29.61	35.32
PB.9062.3	Protein_PB.9062.3	RUVBL1	RUVBL1	full-splice_match	YES	333.74	337.12	318.07
PB.9064.1	Protein_PB.9064.1	MGLL	MGLL	full-splice_match	YES	647.11	526.98	479.3
PB.9064.12	Protein_PB.9064.12	MGLL	MGLL	novel_not_in_catalog	YES	205.8	142.41	103.11
PB.9064.8	Protein_PB.9064.8	MGLL	MGLL	novel_not_in_catalog	YES	110.98	87.45	77.13
PB.9064.9	Protein_PB.9064.9	MGLL	MGLL	full-splice_match	YES	37.77	14.51	21.95
PB.9065.1	Protein_PB.9065.1	TPRA1	TPRA1	full-splice_match	YES	45.36	54.0	18.3
PB.9065.4	Protein_PB.9065.4	TPRA1	TPRA1	full-splice_match	YES	89.85	119.34	72.4
PB.9069.1	Protein_PB.9069.1	TXNRD3	TXNRD3	full-splice_match	YES	16.44	7.27	16.92
PB.907.1	Protein_PB.907.1	USP13	USP13	novel_not_in_catalog	YES	2635.47	3471.26	3271.71
PB.907.2		USP13	USP13	novel_not_in_catalog	NO	1520.86	2063.53	1722.59
PB.907.3	Protein_PB.907.3	USP13	USP13	full-splice_match	YES	4941.75	7108.66	5855.09
PB.9072.1	Protein_PB.9072.1	ZXDC	ZXDC	full-splice_match	YES	525.98	638.13	860.61
PB.9073.5	Protein_PB.9073.5	KLF15	KLF15	full-splice_match	YES	247.95	394.81	69.52
PB.9074.14	Protein_PB.9074.14	ALDH1L1	ALDH1L1	novel_not_in_catalog	YES	449.24	430.85	37.74
PB.9074.17	Protein_PB.9074.17	ALDH1L1	ALDH1L1	novel_not_in_catalog	YES	154.28	103.21	9.54
PB.9074.20	Protein_PB.9074.20	ALDH1L1	ALDH1L1	novel_in_catalog	YES	128.48	147.75	28.22
PB.9074.31	Protein_PB.9074.31	ALDH1L1	ALDH1L1	novel_not_in_catalog	YES	31.26	28.77	22.86
PB.9074.32	Protein_PB.9074.32	ALDH1L1	ALDH1L1	incomplete-splice_match	YES	65.85	79.11	2.53
PB.9074.5	Protein_PB.9074.5	ALDH1L1	ALDH1L1	novel_in_catalog	YES	34.69	16.77	4.63
PB.9074.6	Protein_PB.9074.6	ALDH1L1	ALDH1L1	novel_in_catalog	YES	287.29	330.6	22.94
PB.9075.1	Protein_PB.9075.1	SLC41A3	SLC41A3	novel_not_in_catalog	YES	115.15	53.69	53.44
PB.9077.2	Protein_PB.9077.2	LOC113257289	LOC113257289	novel_in_catalog	YES	23.18	38.52	33.03
PB.9077.8	Protein_PB.9077.8	LOC113257289	LOC113257289	novel_in_catalog	YES	11.26	16.19	26.0
PB.9077.9	Protein_PB.9077.9	LOC113257289	LOC113257289	novel_in_catalog	YES	37.23	25.78	14.2
PB.9078.1	Protein_PB.9078.1	ZNF35	ZNF35	full-splice_match	YES	23.37	13.34	36.45
PB.9078.2	Protein_PB.9078.2	ZNF35	ZNF35	full-splice_match	YES	28.28	36.69	37.04
PB.908.1	Protein_PB.908.1	NDUFB5	NDUFB5	full-splice_match	YES	564.56	698.52	419.34
PB.908.2	Protein_PB.908.2	NDUFB5	NDUFB5	full-splice_match	YES	957.79	1200.97	644.56
PB.908.3	Protein_PB.908.3	NDUFB5	NDUFB5	full-splice_match	YES	12.87	14.1	34.72
PB.9088.10	Protein_PB.9088.10	EPS15L1	EPS15L1	full-splice_match	YES	23.96	24.69	6.87
PB.9088.11	Protein_PB.9088.11	EPS15L1	EPS15L1	full-splice_match	YES	12.87	17.81	41.53
PB.9088.4	Protein_PB.9088.4	EPS15L1	EPS15L1	full-splice_match	YES	92.41	134.89	84.2
PB.9088.5	Protein_PB.9088.5	EPS15L1	EPS15L1	full-splice_match	YES	41.52	27.35	28.92
PB.909.5	Protein_PB.909.5	ACTL6A	ACTL6A	novel_in_catalog	YES	23.27	23.6	30.65
PB.909.7	Protein_PB.909.7	ACTL6A	ACTL6A	novel_not_in_catalog	YES	48.88	62.12	49.65
PB.9091.1	Protein_PB.9091.1	CHERP	CHERP	novel_in_catalog	YES	45.55	43.62	58.03
PB.9092.1	Protein_PB.9092.1	SLC35E1	SLC35E1	full-splice_match	YES	344.26	371.35	349.46
PB.9093.1	Protein_PB.9093.1	MED26	MED26	full-splice_match	YES	32.45	19.63	25.24
PB.9093.2	Protein_PB.9093.2	MED26	MED26	novel_not_in_catalog	YES	29.82	70.19	67.15
PB.9094.1	Protein_PB.9094.1	SMIM7	SMIM7	full-splice_match	YES	54.0	56.24	39.24
PB.9094.2		SMIM7	SMIM7	novel_in_catalog	NO	34.43	46.2	35.05
PB.9094.3		SMIM7	SMIM7	full-splice_match	NO	127.3	148.61	95.52
PB.9094.4	Protein_PB.9094.4	SMIM7	SMIM7	novel_in_catalog	YES	19.57	17.83	12.18
PB.9094.5		SMIM7	SMIM7	novel_in_catalog	NO	196.04	211.04	159.83
PB.9097.1	Protein_PB.9097.1	novelGene_MYO9B_AS	novelGene_MYO9B_AS	antisense	YES	308.67	320.46	285.56
PB.9098.1	Protein_PB.9098.1	NR2F6	NR2F6	full-splice_match	YES	196.46	194.41	229.27
PB.9098.2	Protein_PB.9098.2	NR2F6	NR2F6	full-splice_match	YES	9.89	12.56	29.88
PB.9099.1	Protein_PB.9099.1	USHBP1	USHBP1	novel_in_catalog	YES	37.32	19.36	27.86
PB.91.2	Protein_PB.91.2	ATP5PO	ATP5PO	full-splice_match	YES	5185.22	6061.33	3948.02
PB.91.7	Protein_PB.91.7	ATP5PO	ATP5PO	novel_not_in_catalog	YES	13.76	18.04	32.59
PB.910.1	Protein_PB.910.1	MFN1	MFN1	full-splice_match	YES	170.79	200.18	149.74
PB.910.2	Protein_PB.910.2	MFN1	MFN1	full-splice_match	YES	531.68	597.26	455.69
PB.9100.1	Protein_PB.9100.1	ABHD8	ABHD8	full-splice_match	YES	141.27	137.16	96.18
PB.9101.1	Protein_PB.9101.1	ANO8	ANO8	novel_in_catalog	YES	88.25	66.08	44.22
PB.9102.1	Protein_PB.9102.1	PLVAP	PLVAP	full-splice_match	YES	16.82	4.94	6.77
PB.911.1	Protein_PB.911.1	ZNF639	ZNF639	full-splice_match	YES	108.5	108.33	119.88
PB.911.2	Protein_PB.911.2	ZNF639	ZNF639	full-splice_match	YES	133.74	142.01	147.3
PB.9116.1	Protein_PB.9116.1	RAB3A	RAB3A	full-splice_match	YES	156.1	149.24	139.44
PB.9117.1	Protein_PB.9117.1	PDE4C	PDE4C	full-splice_match	YES	75.96	38.06	82.99
PB.9118.3	Protein_PB.9118.3	LSM4	LSM4	full-splice_match	YES	230.65	263.35	215.44
PB.912.2	Protein_PB.912.2	PIK3CA	PIK3CA	full-splice_match	YES	512.87	517.36	516.79
PB.9120.2	Protein_PB.9120.2	ISYNA1	ISYNA1	full-splice_match	YES	16.42	11.47	17.45
PB.9121.1	Protein_PB.9121.1	ELL	ELL	full-splice_match	YES	154.43	133.64	176.33
PB.9122.1	Protein_PB.9122.1	FKBP8	FKBP8	full-splice_match	YES	130.23	124.7	128.7
PB.9122.2	Protein_PB.9122.2	FKBP8	FKBP8	full-splice_match	YES	292.78	335.04	351.35
PB.9123.1	Protein_PB.9123.1	CRLF1	CRLF1	full-splice_match	YES	23.88	17.41	12.74
PB.9125.1	Protein_PB.9125.1	GDF1	GDF1	full-splice_match	YES	17.69	15.98	23.88
PB.9126.1	Protein_PB.9126.1	CERS1	CERS1	full-splice_match	YES	42.98	38.67	53.68
PB.9127.3	Protein_PB.9127.3	COPE	COPE	full-splice_match	YES	508.5	546.42	578.4
PB.9128.1	Protein_PB.9128.1	HOMER3	HOMER3	full-splice_match	YES	74.07	31.45	38.05
PB.9128.2	Protein_PB.9128.2	HOMER3	HOMER3	full-splice_match	YES	336.33	336.94	421.96
PB.9129.11	Protein_PB.9129.11	SUGP2	SUGP2	novel_in_catalog	YES	17.4	0.0	0.0
PB.9129.18	Protein_PB.9129.18	SUGP2	SUGP2	full-splice_match	YES	61.38	83.98	102.89
PB.9129.4	Protein_PB.9129.4	SUGP2	SUGP2	full-splice_match	YES	82.88	118.8	136.97
PB.9129.6	Protein_PB.9129.6	SUGP2	SUGP2	full-splice_match	YES	94.65	66.77	76.83
PB.9129.7	Protein_PB.9129.7	SUGP2	SUGP2	full-splice_match	YES	103.87	67.93	60.06
PB.9130.1	Protein_PB.9130.1	TMEM161A	TMEM161A	full-splice_match	YES	204.79	227.02	207.63
PB.9131.14	Protein_PB.9131.14	BORCS8	BORCS8	full-splice_match	YES	24.94	25.98	20.16
PB.9131.8	Protein_PB.9131.8	BORCS8	BORCS8	full-splice_match	YES	12.07	16.91	2.38
PB.9135.5	Protein_PB.9135.5	SUGP1	SUGP1	full-splice_match	YES	113.47	111.39	92.93
PB.9140.1	Protein_PB.9140.1	ATP13A1	ATP13A1	full-splice_match	YES	98.07	97.86	126.74
PB.9141.1		LOC113256763	LOC113256763	full-splice_match	NO	16.84	18.7	23.01
PB.9142.1	Protein_PB.9142.1	KIAA1143	KIAA1143	full-splice_match	YES	135.66	135.32	146.91
PB.9144.3	Protein_PB.9144.3	ZDHHC3	ZDHHC3	full-splice_match	YES	23.69	26.21	28.74
PB.9144.4	Protein_PB.9144.4	ZDHHC3	ZDHHC3	full-splice_match	YES	70.95	68.47	58.88
PB.9148.2	Protein_PB.9148.2	LZTFL1	LZTFL1	full-splice_match	YES	90.88	93.97	80.13
PB.9149.1	Protein_PB.9149.1	FYCO1	FYCO1	full-splice_match	YES	1158.83	1126.63	1181.43
PB.9149.2	Protein_PB.9149.2	FYCO1	FYCO1	full-splice_match	YES	152.22	165.88	186.81
PB.9149.3	Protein_PB.9149.3	FYCO1	FYCO1	novel_not_in_catalog	YES	1807.18	2134.04	2116.64
PB.9149.4	Protein_PB.9149.4	FYCO1	FYCO1	novel_not_in_catalog	YES	112.18	80.46	108.48
PB.9156.1	Protein_PB.9156.1	LRRC2	LRRC2	novel_not_in_catalog	YES	112.31	120.1	120.8
PB.9156.11	Protein_PB.9156.11	LRRC2	LRRC2	novel_not_in_catalog	YES	122.94	171.43	91.37
PB.9156.12	Protein_PB.9156.12	LRRC2	LRRC2	novel_not_in_catalog	YES	950.92	1318.92	1204.52
PB.9156.13	Protein_PB.9156.13	LRRC2	LRRC2	novel_not_in_catalog	YES	17.91	24.61	17.54
PB.9156.14	Protein_PB.9156.14	LRRC2	LRRC2	novel_not_in_catalog	YES	184.71	134.13	153.46
PB.9156.16	Protein_PB.9156.16	LRRC2	LRRC2	novel_not_in_catalog	YES	529.63	602.16	372.25
PB.9156.17	Protein_PB.9156.17	LRRC2	LRRC2	novel_not_in_catalog	YES	79.98	88.34	49.14
PB.9156.19	Protein_PB.9156.19	LRRC2	LRRC2	novel_not_in_catalog	YES	27.45	25.36	37.81
PB.9156.20	Protein_PB.9156.20	LRRC2	LRRC2	novel_not_in_catalog	YES	41.06	71.27	44.81
PB.9156.21	Protein_PB.9156.21	LRRC2	LRRC2	novel_not_in_catalog	YES	6.11	21.73	21.74
PB.9156.23	Protein_PB.9156.23	LRRC2	LRRC2	novel_not_in_catalog	YES	17.85	19.6	23.0
PB.9156.24	Protein_PB.9156.24	LRRC2	LRRC2	novel_not_in_catalog	YES	88.21	93.25	84.28
PB.9156.5	Protein_PB.9156.5	LRRC2	LRRC2	novel_not_in_catalog	YES	1099.38	1171.35	796.3
PB.9156.7	Protein_PB.9156.7	LRRC2	LRRC2	novel_not_in_catalog	YES	54.99	55.05	273.96
PB.9156.9	Protein_PB.9156.9	LRRC2	LRRC2	novel_not_in_catalog	YES	501.35	607.6	421.91
PB.9157.2	Protein_PB.9157.2	ALS2CL	ALS2CL	full-splice_match	YES	24.37	19.32	19.01
PB.9163.1	Protein_PB.9163.1	MYL3	MYL3	novel_in_catalog	YES	51.01	81.05	58.15
PB.9163.12	Protein_PB.9163.12	MYL3	MYL3	full-splice_match	YES	6.46	17.07	11.12
PB.9163.14	Protein_PB.9163.14	MYL3	MYL3	full-splice_match	YES	23.52	39.86	18.58
PB.9163.3	Protein_PB.9163.3	MYL3	MYL3	novel_in_catalog	YES	238.8	343.64	233.76
PB.9163.7	Protein_PB.9163.7	MYL3	MYL3	incomplete-splice_match	YES	34330.36	52133.73	33437.77
PB.9163.9	Protein_PB.9163.9	MYL3	MYL3	full-splice_match	YES	4.21	17.11	2.91
PB.9164.2	Protein_PB.9164.2	CCDC12	CCDC12	incomplete-splice_match	YES	169.44	158.53	221.45
PB.9164.3	Protein_PB.9164.3	CCDC12	CCDC12	novel_not_in_catalog	YES	48.33	69.72	59.3
PB.9165.1	Protein_PB.9165.1	SETD2	SETD2	full-splice_match	YES	483.06	369.84	468.15
PB.9165.4	Protein_PB.9165.4	SETD2	SETD2	full-splice_match	YES	39.48	96.08	55.11
PB.9165.6	Protein_PB.9165.6	SETD2	SETD2	full-splice_match	YES	36.32	48.61	63.4
PB.9168.1	Protein_PB.9168.1	SCAP	SCAP	full-splice_match	YES	177.43	181.37	173.73
PB.9169.1	Protein_PB.9169.1	ELP6	ELP6	full-splice_match	YES	16.26	16.92	13.68
PB.9171.1	Protein_PB.9171.1	SMARCC1	SMARCC1	full-splice_match	YES	234.35	201.96	371.34
PB.9171.2	Protein_PB.9171.2	SMARCC1	SMARCC1	novel_not_in_catalog	YES	49.05	47.45	103.19
PB.9173.11	Protein_PB.9173.11	MAP4	MAP4	novel_not_in_catalog	YES	753.07	936.87	1698.13
PB.9173.13	Protein_PB.9173.13	MAP4	MAP4	novel_not_in_catalog	YES	476.4	586.4	1858.15
PB.9173.16	Protein_PB.9173.16	MAP4	MAP4	full-splice_match	YES	25.93	18.96	22.22
PB.9173.2	Protein_PB.9173.2	MAP4	MAP4	novel_not_in_catalog	YES	1680.02	1884.4	1673.93
PB.9173.23	Protein_PB.9173.23	MAP4	MAP4	novel_not_in_catalog	YES	37.35	12.86	7.83
PB.9173.24	Protein_PB.9173.24	MAP4	MAP4	novel_not_in_catalog	YES	575.75	509.64	582.69
PB.9173.25	Protein_PB.9173.25	MAP4	MAP4	novel_not_in_catalog	YES	11.77	21.59	74.16
PB.9173.26	Protein_PB.9173.26	MAP4	MAP4	novel_not_in_catalog	YES	264.53	210.81	368.54
PB.9173.28	Protein_PB.9173.28	MAP4	MAP4	novel_not_in_catalog	YES	2677.86	2366.09	3597.44
PB.9173.3	Protein_PB.9173.3	MAP4	MAP4	novel_not_in_catalog	YES	320.8	239.07	185.18
PB.9173.4	Protein_PB.9173.4	MAP4	MAP4	novel_not_in_catalog	YES	1149.98	624.63	1439.58
PB.9176.1	Protein_PB.9176.1	NME6	NME6	full-splice_match	YES	76.9	85.66	79.58
PB.9176.5	Protein_PB.9176.5	NME6	NME6	full-splice_match	YES	34.26	47.19	22.57
PB.9179.12	Protein_PB.9179.12	SHISA5	SHISA5	novel_not_in_catalog	YES	22.5	16.3	18.1
PB.9179.13	Protein_PB.9179.13	SHISA5	SHISA5	full-splice_match	YES	192.06	162.68	137.91
PB.9179.15	Protein_PB.9179.15	SHISA5	SHISA5	full-splice_match	YES	18.22	18.93	20.7
PB.9179.4	Protein_PB.9179.4	CCDC51	CCDC51	full-splice_match	YES	83.07	46.93	60.95
PB.9179.9	Protein_PB.9179.9	CCDC51	CCDC51	full-splice_match	YES	54.69	111.5	38.79
PB.9180.1	Protein_PB.9180.1	PFKFB4	PFKFB4	full-splice_match	YES	47.67	31.09	24.72
PB.9180.5	Protein_PB.9180.5	PFKFB4	PFKFB4	full-splice_match	YES	13.33	15.03	16.9
PB.9183.1	Protein_PB.9183.1	LOC113256842	LOC113256842	full-splice_match	YES	4551.52	5225.45	3548.73
PB.9183.2	Protein_PB.9183.2	LOC113256842	LOC113256842	full-splice_match	YES	2274.52	2691.81	1414.62
PB.9183.7	Protein_PB.9183.7	LOC113256842	LOC113256842	novel_in_catalog	YES	37.25	41.73	47.85
PB.9185.2	Protein_PB.9185.2	SLC26A6	SLC26A6	full-splice_match	YES	7.43	19.81	18.97
PB.9185.7	Protein_PB.9185.7	SLC26A6	SLC26A6	novel_in_catalog	YES	50.61	29.38	19.41
PB.9188.10		IP6K2	IP6K2	novel_not_in_catalog	NO	19.52	21.56	27.1
PB.9188.11		IP6K2	IP6K2	novel_not_in_catalog	NO	15.38	44.88	15.2
PB.9188.12		IP6K2	IP6K2	novel_not_in_catalog	NO	64.84	47.96	43.11
PB.9188.13		IP6K2	IP6K2	novel_not_in_catalog	NO	35.2	33.97	25.99
PB.9188.2	Protein_PB.9188.2	IP6K2	IP6K2	full-splice_match	YES	15.12	18.57	32.59
PB.9188.9		IP6K2	IP6K2	novel_in_catalog	NO	18.41	13.6	25.52
PB.9189.1	Protein_PB.9189.1	PRKAR2A	PRKAR2A	full-splice_match	YES	4550.57	6332.04	8101.1
PB.919.3	Protein_PB.919.3	NAALADL2	NAALADL2	full-splice_match	YES	11.4	12.43	17.89
PB.9190.1	Protein_PB.9190.1	SLC25A20	SLC25A20	full-splice_match	YES	397.3	571.58	866.57
PB.9192.1	Protein_PB.9192.1	DALRD3	DALRD3	full-splice_match	YES	24.27	15.31	19.91
PB.9192.2	Protein_PB.9192.2	DALRD3	DALRD3	full-splice_match	YES	79.5	109.55	102.13
PB.9193.1	Protein_PB.9193.1	IMPDH2	IMPDH2	full-splice_match	YES	843.38	891.36	2097.94
PB.9193.2	Protein_PB.9193.2	IMPDH2	IMPDH2	full-splice_match	YES	2951.94	2914.03	5729.85
PB.9193.22	Protein_PB.9193.22	QRICH1	QRICH1	novel_not_in_catalog	YES	196.45	280.36	204.92
PB.9193.23	Protein_PB.9193.23	QRICH1	QRICH1	full-splice_match	YES	162.59	120.02	201.24
PB.9193.24	Protein_PB.9193.24	QRICH1	QRICH1	full-splice_match	YES	24.46	16.07	15.23
PB.9193.25	Protein_PB.9193.25	QRICH1	QRICH1	novel_not_in_catalog	YES	25.28	4.87	23.76
PB.9193.26	Protein_PB.9193.26	QRICH1	QRICH1	novel_not_in_catalog	YES	48.94	80.12	44.8
PB.9193.4	Protein_PB.9193.4	IMPDH2	IMPDH2	novel_not_in_catalog	YES	21.14	35.8	119.49
PB.9194.1	Protein_PB.9194.1	QARS	QARS	full-splice_match	YES	936.7	981.65	1169.68
PB.9195.1	Protein_PB.9195.1	USP19	USP19	novel_not_in_catalog	YES	42.25	9.44	52.54
PB.9195.17	Protein_PB.9195.17	USP19	USP19	novel_in_catalog	YES	77.63	32.19	93.05
PB.9195.3	Protein_PB.9195.3	USP19	USP19	novel_in_catalog	YES	187.05	264.94	217.63
PB.9195.4	Protein_PB.9195.4	USP19	USP19	full-splice_match	YES	75.17	39.31	74.75
PB.9195.9	Protein_PB.9195.9	USP19	USP19	novel_in_catalog	YES	137.43	121.2	194.12
PB.9196.1	Protein_PB.9196.1	LAMB2	LAMB2	full-splice_match	YES	571.86	359.22	371.87
PB.9196.10	Protein_PB.9196.10	LAMB2	LAMB2	novel_not_in_catalog	YES	54.53	29.5	17.19
PB.9196.2	Protein_PB.9196.2	LAMB2	LAMB2	full-splice_match	YES	695.61	570.42	508.29
PB.9196.4	Protein_PB.9196.4	LAMB2	LAMB2	incomplete-splice_match	YES	49.0	31.63	37.1
PB.9196.6	Protein_PB.9196.6	LAMB2	LAMB2	novel_in_catalog	YES	91.83	68.72	64.47
PB.9196.7	Protein_PB.9196.7	LAMB2	LAMB2	novel_in_catalog	YES	31.4	19.49	34.26
PB.9198.1	Protein_PB.9198.1	CCDC71	CCDC71	full-splice_match	YES	44.08	37.93	37.72
PB.92.1	Protein_PB.92.1	CRYZL1	CRYZL1	full-splice_match	YES	12.95	17.89	17.95
PB.92.2	Protein_PB.92.2	CRYZL1	CRYZL1	full-splice_match	YES	54.02	45.51	54.44
PB.92.3	Protein_PB.92.3	CRYZL1	CRYZL1	full-splice_match	YES	63.06	65.43	55.0
PB.9202.18	Protein_PB.9202.18	USP4	USP4	incomplete-splice_match	YES	53.97	84.12	79.88
PB.9202.2	Protein_PB.9202.2	USP4_CUNH3orf62	USP4_CUNH3orf62	fusion	YES	23.37	8.47	12.14
PB.9202.3	Protein_PB.9202.3	USP4	USP4	full-splice_match	YES	475.51	475.77	623.23
PB.9202.4	Protein_PB.9202.4	USP4	USP4	full-splice_match	YES	69.97	85.27	107.77
PB.9202.7	Protein_PB.9202.7	USP4	USP4	novel_not_in_catalog	YES	15.9	32.11	91.73
PB.9202.8	Protein_PB.9202.8	USP4	USP4	novel_not_in_catalog	YES	5.17	16.86	38.01
PB.9203.1	Protein_PB.9203.1	GPX1	GPX1	full-splice_match	YES	883.44	871.15	605.63
PB.9204.1	Protein_PB.9204.1	RHOA	RHOA	full-splice_match	YES	90.34	86.76	72.63
PB.9204.3	Protein_PB.9204.3	RHOA	RHOA	full-splice_match	YES	456.0	387.56	485.92
PB.9205.46	Protein_PB.9205.46	NICN1_AMT	NICN1_AMT	full-splice_match	YES	161.0	155.46	172.16
PB.9207.3	Protein_PB.9207.3	GMPPB_AMIGO3	GMPPB_AMIGO3	full-splice_match	YES	53.35	46.04	42.51
PB.9208.1	Protein_PB.9208.1	IP6K1	IP6K1	full-splice_match	YES	29.77	48.18	79.33
PB.9208.2	Protein_PB.9208.2	IP6K1	IP6K1	full-splice_match	YES	153.04	100.15	84.97
PB.9210.5	Protein_PB.9210.5	UBA7	UBA7	full-splice_match	YES	33.02	24.47	26.5
PB.9215.1	Protein_PB.9215.1	MON1A	MON1A	incomplete-splice_match	YES	151.42	144.29	119.45
PB.9216.1	Protein_PB.9216.1	IFRD2	IFRD2	full-splice_match	YES	278.55	215.84	136.23
PB.9216.12	Protein_PB.9216.12	IFRD2	IFRD2	full-splice_match	YES	13.89	44.37	25.22
PB.9216.13	Protein_PB.9216.13	IFRD2	IFRD2	novel_in_catalog	YES	60.07	55.37	97.32
PB.9216.2	Protein_PB.9216.2	IFRD2	IFRD2	novel_in_catalog	YES	116.33	73.69	96.25
PB.9216.3	Protein_PB.9216.3	IFRD2	IFRD2	novel_in_catalog	YES	46.61	76.97	40.21
PB.9216.4	Protein_PB.9216.4	IFRD2	IFRD2	novel_in_catalog	YES	88.4	74.61	80.27
PB.9218.6	Protein_PB.9218.6	HYAL2	HYAL2	full-splice_match	YES	76.6	57.76	64.28
PB.9218.8	Protein_PB.9218.8	HYAL2	HYAL2	full-splice_match	YES	37.28	43.79	42.97
PB.9219.1	Protein_PB.9219.1	TUSC2	TUSC2	full-splice_match	YES	450.83	485.35	437.08
PB.9221.9	Protein_PB.9221.9	NPRL2	NPRL2	full-splice_match	YES	154.82	162.92	118.36
PB.9222.1	Protein_PB.9222.1	TMEM115	TMEM115	full-splice_match	YES	167.31	156.06	170.38
PB.9225.1	Protein_PB.9225.1	CISH	CISH	full-splice_match	YES	565.34	408.47	352.12
PB.9228.1	Protein_PB.9228.1	DCAF1	DCAF1	full-splice_match	YES	228.7	196.14	274.27
PB.9228.2	Protein_PB.9228.2	DCAF1	DCAF1	full-splice_match	YES	58.07	102.56	78.16
PB.9232.1	Protein_PB.9232.1	RRP9	RRP9	full-splice_match	YES	73.6	73.58	66.26
PB.9233.3	Protein_PB.9233.3	PCBP4_ABHD14B	PCBP4_ABHD14B	fusion	YES	21.53	24.81	33.49
PB.9233.4	Protein_PB.9233.4	PCBP4	PCBP4	full-splice_match	YES	38.53	49.63	45.63
PB.9233.6	Protein_PB.9233.6	PCBP4	PCBP4	full-splice_match	YES	479.4	572.73	731.8
PB.9234.1	Protein_PB.9234.1	RPL29	RPL29	full-splice_match	YES	3806.75	3708.6	5602.21
PB.9235.1	Protein_PB.9235.1	DUSP7	DUSP7	full-splice_match	YES	195.75	199.12	230.26
PB.9237.1	Protein_PB.9237.1	TLR9	TLR9	full-splice_match	YES	57.33	53.48	130.72
PB.9238.1	Protein_PB.9238.1	TWF2	TWF2	full-splice_match	YES	1529.43	2219.55	1685.32
PB.9238.10	Protein_PB.9238.10	TWF2	TWF2	novel_in_catalog	YES	23.8	36.03	34.91
PB.9238.11	Protein_PB.9238.11	TWF2	TWF2	novel_in_catalog	YES	1410.9	2129.1	1661.32
PB.9238.5	Protein_PB.9238.5	TWF2	TWF2	novel_in_catalog	YES	15.98	17.44	33.62
PB.9238.9	Protein_PB.9238.9	TWF2	TWF2	novel_not_in_catalog	YES	141.86	226.08	160.38
PB.9239.1	Protein_PB.9239.1	WDR82	WDR82	full-splice_match	YES	518.07	493.27	489.43
PB.9241.1	Protein_PB.9241.1	BAP1	BAP1	novel_in_catalog	YES	458.72	544.25	411.33
PB.9242.1	Protein_PB.9242.1	SEMA3G	SEMA3G	full-splice_match	YES	176.7	132.45	127.08
PB.9243.1	Protein_PB.9243.1	TNNC1	TNNC1	full-splice_match	YES	4467.2	6741.93	6200.74
PB.9243.2	Protein_PB.9243.2	TNNC1	TNNC1	novel_not_in_catalog	YES	249.63	397.74	787.94
PB.9243.3	Protein_PB.9243.3	TNNC1	TNNC1	novel_not_in_catalog	YES	88635.43	122340.33	105288.47
PB.9244.2	Protein_PB.9244.2	NT5DC2	NT5DC2	full-splice_match	YES	75.36	75.29	79.33
PB.9245.12	Protein_PB.9245.12	PBRM1	PBRM1	full-splice_match	YES	34.99	23.73	42.85
PB.9245.14	Protein_PB.9245.14	PBRM1	PBRM1	incomplete-splice_match	YES	60.71	54.89	49.18
PB.9245.6	Protein_PB.9245.6	PBRM1	PBRM1	full-splice_match	YES	167.95	176.79	170.6
PB.9245.9	Protein_PB.9245.9	PBRM1	PBRM1	full-splice_match	YES	56.89	61.73	22.59
PB.9247.4	Protein_PB.9247.4	GLT8D1	GLT8D1	novel_not_in_catalog	YES	99.02	92.3	119.7
PB.9248.1	Protein_PB.9248.1	NEK4	NEK4	full-splice_match	YES	33.15	26.13	15.04
PB.9248.5	Protein_PB.9248.5	NEK4	NEK4	full-splice_match	YES	20.87	14.98	38.26
PB.9248.6	Protein_PB.9248.6	NEK4	NEK4	incomplete-splice_match	YES	70.46	79.27	44.44
PB.9248.7	Protein_PB.9248.7	NEK4	NEK4	incomplete-splice_match	YES	28.75	34.29	14.73
PB.9250.1		MUSTN1	MUSTN1	full-splice_match	NO	3147.04	2890.29	4053.53
PB.9251.1	Protein_PB.9251.1	LOC113256970	LOC113256970	full-splice_match	YES	122.57	116.2	100.34
PB.9252.11	Protein_PB.9252.11	SFMBT1	SFMBT1	full-splice_match	YES	16.93	22.24	5.34
PB.9252.12	Protein_PB.9252.12	SFMBT1	SFMBT1	full-splice_match	YES	67.89	38.35	60.53
PB.9252.15	Protein_PB.9252.15	SFMBT1	SFMBT1	incomplete-splice_match	YES	30.66	46.49	47.62
PB.9252.9	Protein_PB.9252.9	SFMBT1	SFMBT1	full-splice_match	YES	21.13	85.59	76.26
PB.9254.1	Protein_PB.9254.1	TKT	TKT	full-splice_match	YES	173.98	101.96	96.72
PB.9256.1	Protein_PB.9256.1	DCP1A	DCP1A	full-splice_match	YES	109.46	91.98	127.36
PB.9256.9	Protein_PB.9256.9	DCP1A	DCP1A	incomplete-splice_match	YES	20.97	17.4	16.51
PB.9258.1	Protein_PB.9258.1	CHDH	CHDH	full-splice_match	YES	196.45	128.46	91.8
PB.9258.2	Protein_PB.9258.2	CHDH	CHDH	novel_not_in_catalog	YES	175.46	147.3	131.11
PB.9259.1	Protein_PB.9259.1	ACTR8	ACTR8	full-splice_match	YES	65.58	80.62	68.93
PB.9259.2	Protein_PB.9259.2	ACTR8	ACTR8	novel_not_in_catalog	YES	169.15	195.18	182.41
PB.9259.3	Protein_PB.9259.3	ACTR8	ACTR8	full-splice_match	YES	165.13	205.2	203.75
PB.9259.5	Protein_PB.9259.5	ACTR8	ACTR8	novel_in_catalog	YES	18.64	10.39	10.15
PB.926.2	Protein_PB.926.2	FNDC3B	FNDC3B	full-splice_match	YES	248.9	187.13	254.12
PB.926.4	Protein_PB.926.4	FNDC3B	FNDC3B	full-splice_match	YES	103.95	93.04	72.51
PB.9260.2	Protein_PB.9260.2	SELENOK	SELENOK	novel_not_in_catalog	YES	455.92	773.78	518.57
PB.9260.4	Protein_PB.9260.4	SELENOK	SELENOK	full-splice_match	YES	45.81	85.22	64.81
PB.9262.1	Protein_PB.9262.1	WNT5A	WNT5A	full-splice_match	YES	39.41	32.26	47.48
PB.9264.1		FAM208A	FAM208A	novel_not_in_catalog	NO	20.24	22.45	26.98
PB.9264.2	Protein_PB.9264.2	FAM208A	FAM208A	full-splice_match	YES	38.44	10.07	57.27
PB.9264.3	Protein_PB.9264.3	FAM208A	FAM208A	incomplete-splice_match	YES	43.52	37.92	40.43
PB.9264.4	Protein_PB.9264.4	FAM208A	FAM208A	incomplete-splice_match	YES	38.83	44.89	48.39
PB.9264.7	Protein_PB.9264.7	FAM208A	FAM208A	full-splice_match	YES	233.71	252.89	208.33
PB.9265.10	Protein_PB.9265.10	ARHGEF3	ARHGEF3	full-splice_match	YES	24.51	19.06	39.17
PB.9267.2	Protein_PB.9267.2	IL17RD	IL17RD	full-splice_match	YES	46.59	20.29	43.04
PB.9270.1	Protein_PB.9270.1	ASB14	ASB14	novel_not_in_catalog	YES	30.77	34.25	38.18
PB.9270.3	Protein_PB.9270.3	ASB14	ASB14	novel_not_in_catalog	YES	131.09	185.76	184.23
PB.9270.4	Protein_PB.9270.4	ASB14	ASB14	full-splice_match	YES	47.82	59.75	59.8
PB.9270.5	Protein_PB.9270.5	ASB14	ASB14	novel_not_in_catalog	YES	51.89	52.75	49.87
PB.9270.7	Protein_PB.9270.7	ASB14	ASB14	novel_not_in_catalog	YES	210.04	232.73	234.61
PB.9273.1	Protein_PB.9273.1	ARF4	ARF4	full-splice_match	YES	274.04	308.67	302.24
PB.9273.2	Protein_PB.9273.2	ARF4	ARF4	novel_not_in_catalog	YES	25.11	16.53	18.85
PB.9273.3	Protein_PB.9273.3	ARF4	ARF4	novel_not_in_catalog	YES	115.93	94.93	89.57
PB.9275.1	Protein_PB.9275.1	DENND6A	DENND6A	full-splice_match	YES	88.65	73.38	96.18
PB.9278.1	Protein_PB.9278.1	PDHB	PDHB	full-splice_match	YES	2814.43	3050.32	2164.59
PB.9280.1	Protein_PB.9280.1	FAM107A	FAM107A	full-splice_match	YES	246.56	216.28	191.55
PB.9292.2	Protein_PB.9292.2	THOC7	THOC7	full-splice_match	YES	213.73	245.74	152.3
PB.9293.1	Protein_PB.9293.1	PSMD6	PSMD6	full-splice_match	YES	505.6	601.17	594.67
PB.9295.2	Protein_PB.9295.2	PRICKLE2	PRICKLE2	full-splice_match	YES	31.45	13.04	48.93
PB.9295.3	Protein_PB.9295.3	PRICKLE2	PRICKLE2	full-splice_match	YES	30.49	21.71	8.82
PB.9296.2	Protein_PB.9296.2	ADAMTS9	ADAMTS9	incomplete-splice_match	YES	32.45	21.62	8.58
PB.9297.1	Protein_PB.9297.1	MAGI1	MAGI1	full-splice_match	YES	30.99	16.61	5.59
PB.9297.10	Protein_PB.9297.10	MAGI1	MAGI1	full-splice_match	YES	3.83	6.07	19.47
PB.9297.11	Protein_PB.9297.11	MAGI1	MAGI1	full-splice_match	YES	8.15	20.42	12.94
PB.9297.3	Protein_PB.9297.3	MAGI1	MAGI1	full-splice_match	YES	41.27	36.26	44.57
PB.9297.7	Protein_PB.9297.7	MAGI1	MAGI1	full-splice_match	YES	18.49	3.13	16.38
PB.9298.1	Protein_PB.9298.1	LRIG1	LRIG1	full-splice_match	YES	507.98	468.94	568.62
PB.93.4	Protein_PB.93.4	DONSON	DONSON	full-splice_match	YES	62.06	65.92	60.91
PB.9301.1	Protein_PB.9301.1	SUCLG2	SUCLG2	full-splice_match	YES	1217.82	1176.59	876.75
PB.9301.3	Protein_PB.9301.3	SUCLG2	SUCLG2	novel_not_in_catalog	YES	15.59	13.56	19.46
PB.9303.4	Protein_PB.9303.4	EOGT	EOGT	novel_in_catalog	YES	46.87	36.99	31.63
PB.9304.1	Protein_PB.9304.1	TMF1	TMF1	novel_in_catalog	YES	40.64	41.36	38.83
PB.9304.2	Protein_PB.9304.2	TMF1	TMF1	full-splice_match	YES	105.86	112.09	120.06
PB.9304.3	Protein_PB.9304.3	TMF1	TMF1	incomplete-splice_match	YES	127.48	158.29	144.04
PB.9304.7	Protein_PB.9304.7	TMF1	TMF1	novel_not_in_catalog	YES	22.79	52.09	91.09
PB.9304.9	Protein_PB.9304.9	TMF1	TMF1	incomplete-splice_match	YES	55.54	59.76	92.6
PB.9305.1	Protein_PB.9305.1	UBA3	UBA3	full-splice_match	YES	129.47	173.4	203.9
PB.9305.3	Protein_PB.9305.3	UBA3	UBA3	full-splice_match	YES	371.46	409.62	249.21
PB.9305.7	Protein_PB.9305.7	UBA3	UBA3	novel_in_catalog	YES	13.75	19.63	44.69
PB.9306.1	Protein_PB.9306.1	LMOD3	LMOD3	novel_not_in_catalog	YES	760.7	676.43	748.06
PB.9306.3	Protein_PB.9306.3	LMOD3	LMOD3	novel_not_in_catalog	YES	4564.92	4537.16	3615.59
PB.9306.4	Protein_PB.9306.4	LMOD3	LMOD3	novel_not_in_catalog	YES	17.85	19.72	18.33
PB.9308.2	Protein_PB.9308.2	FRMD4B	FRMD4B	novel_not_in_catalog	YES	41.36	27.01	24.56
PB.9308.5	Protein_PB.9308.5	FRMD4B	FRMD4B	full-splice_match	YES	62.67	48.69	26.47
PB.9308.7	Protein_PB.9308.7	FRMD4B	FRMD4B	full-splice_match	YES	29.13	10.14	22.05
PB.9312.4	Protein_PB.9312.4	FOXP1	FOXP1	full-splice_match	YES	21.31	16.7	52.73
PB.9312.6	Protein_PB.9312.6	FOXP1	FOXP1	full-splice_match	YES	41.66	48.14	40.06
PB.9312.8	Protein_PB.9312.8	FOXP1	FOXP1	full-splice_match	YES	71.48	37.35	52.34
PB.9313.1	Protein_PB.9313.1	EIF4E3	EIF4E3	full-splice_match	YES	16.13	27.6	26.13
PB.9313.2	Protein_PB.9313.2	EIF4E3	EIF4E3	novel_not_in_catalog	YES	271.66	270.54	298.58
PB.9317.1	Protein_PB.9317.1	RYBP	RYBP	full-splice_match	YES	109.27	85.89	107.74
PB.9320.4	Protein_PB.9320.4	SHQ1	SHQ1	full-splice_match	YES	31.83	22.79	16.95
PB.9322.1	Protein_PB.9322.1	PDZRN3	PDZRN3	full-splice_match	YES	308.88	285.56	349.44
PB.9322.2	Protein_PB.9322.2	PDZRN3	PDZRN3	full-splice_match	YES	590.11	558.72	680.89
PB.933.2	Protein_PB.933.2	SKIL	SKIL	full-splice_match	YES	69.26	23.05	56.35
PB.933.3	Protein_PB.933.3	SKIL	SKIL	full-splice_match	YES	86.05	142.89	54.33
PB.933.4	Protein_PB.933.4	SKIL	SKIL	novel_not_in_catalog	YES	44.49	8.54	39.8
PB.933.5	Protein_PB.933.5	SKIL	SKIL	incomplete-splice_match	YES	87.07	66.95	53.1
PB.9330.14	Protein_PB.9330.14	CRBN	CRBN	full-splice_match	YES	24.34	24.07	17.31
PB.9330.17	Protein_PB.9330.17	CRBN	CRBN	novel_in_catalog	YES	292.8	345.72	308.16
PB.9330.9	Protein_PB.9330.9	CRBN	CRBN	full-splice_match	YES	309.1	338.52	337.41
PB.9335.1	Protein_PB.9335.1	SUMF1	SUMF1	full-splice_match	YES	100.08	78.39	88.98
PB.9335.2	Protein_PB.9335.2	SUMF1	SUMF1	full-splice_match	YES	31.06	31.0	16.51
PB.9335.4	Protein_PB.9335.4	SUMF1	SUMF1	novel_not_in_catalog	YES	57.15	75.98	47.04
PB.9336.10	Protein_PB.9336.10	LOC113257115	LOC113257115	novel_not_in_catalog	YES	12.75	19.12	32.55
PB.9336.16		LOC113257115	LOC113257115	novel_not_in_catalog	NO	13.28	6.93	27.7
PB.9336.17	Protein_PB.9336.17	LOC113257115	LOC113257115	novel_not_in_catalog	YES	22.58	18.1	40.54
PB.9336.18	Protein_PB.9336.18	LOC113257115	LOC113257115	novel_not_in_catalog	YES	5.16	17.99	13.11
PB.934.1	Protein_PB.934.1	PRKCI	PRKCI	full-splice_match	YES	108.62	97.92	92.72
PB.9344.1	Protein_PB.9344.1	SRGAP3	SRGAP3	full-splice_match	YES	13.01	10.16	19.32
PB.9349.2	Protein_PB.9349.2	CAMK1	CAMK1	full-splice_match	YES	81.41	66.27	77.33
PB.9350.2	Protein_PB.9350.2	TADA3	TADA3	full-splice_match	YES	74.07	94.8	66.21
PB.9350.3	Protein_PB.9350.3	TADA3	TADA3	full-splice_match	YES	38.07	21.79	51.28
PB.9351.2	Protein_PB.9351.2	RPUSD3	RPUSD3	full-splice_match	YES	62.84	59.69	50.73
PB.9352.11	Protein_PB.9352.11	CIDEC	CIDEC	novel_not_in_catalog	YES	18.83	16.13	11.6
PB.9355.1	Protein_PB.9355.1	EMC3	EMC3	full-splice_match	YES	660.75	757.98	646.17
PB.9355.6	Protein_PB.9355.6	EMC3	EMC3	novel_not_in_catalog	YES	66.75	48.02	97.44
PB.9355.8	Protein_PB.9355.8	EMC3	EMC3	full-splice_match	YES	24.12	23.23	40.5
PB.9358.2	Protein_PB.9358.2	SEC13	SEC13	full-splice_match	YES	394.03	398.97	396.6
PB.9359.2	Protein_PB.9359.2	ATP2B2	ATP2B2	full-splice_match	YES	146.58	86.67	177.76
PB.9362.2	Protein_PB.9362.2	VGLL4	VGLL4	full-splice_match	YES	56.51	32.21	59.05
PB.9362.8	Protein_PB.9362.8	VGLL4	VGLL4	novel_in_catalog	YES	29.77	28.3	27.61
PB.9364.2	Protein_PB.9364.2	TAMM41	TAMM41	full-splice_match	YES	49.51	50.6	24.23
PB.9365.5	Protein_PB.9365.5	TIMP4	TIMP4	novel_not_in_catalog	YES	141.64	109.12	54.74
PB.9365.6	Protein_PB.9365.6	TIMP4	TIMP4	novel_not_in_catalog	YES	226.32	114.29	106.85
PB.9365.8	Protein_PB.9365.8	TIMP4	TIMP4	full-splice_match	YES	100.95	68.84	57.08
PB.9369.1	Protein_PB.9369.1	RAF1	RAF1	novel_not_in_catalog	YES	31.87	30.2	51.85
PB.9369.10	Protein_PB.9369.10	RAF1	RAF1	novel_not_in_catalog	YES	11.96	25.56	48.15
PB.9369.3	Protein_PB.9369.3	RAF1	RAF1	full-splice_match	YES	269.45	232.64	295.1
PB.9369.4	Protein_PB.9369.4	RAF1	RAF1	novel_in_catalog	YES	19.15	10.54	23.61
PB.9369.5	Protein_PB.9369.5	RAF1	RAF1	full-splice_match	YES	1181.07	1340.48	1528.49
PB.9369.7	Protein_PB.9369.7	RAF1	RAF1	novel_not_in_catalog	YES	405.43	400.71	300.71
PB.9369.8	Protein_PB.9369.8	RAF1	RAF1	novel_not_in_catalog	YES	15.72	48.68	79.62
PB.9369.9	Protein_PB.9369.9	RAF1	RAF1	novel_not_in_catalog	YES	61.79	67.32	121.08
PB.937.1	Protein_PB.937.1	SEC62	SEC62	full-splice_match	YES	34.27	32.93	28.69
PB.937.2	Protein_PB.937.2	SEC62	SEC62	novel_in_catalog	YES	202.76	184.11	180.13
PB.937.4	Protein_PB.937.4	SEC62	SEC62	novel_not_in_catalog	YES	209.72	194.55	181.07
PB.9371.1	Protein_PB.9371.1	RPL32	RPL32	full-splice_match	YES	129.65	154.5	244.46
PB.9371.2	Protein_PB.9371.2	RPL32	RPL32	full-splice_match	YES	3112.5	3405.67	2904.44
PB.9374.1	Protein_PB.9374.1	MBD4	MBD4	full-splice_match	YES	83.38	112.93	50.47
PB.9374.4	Protein_PB.9374.4	MBD4	MBD4	novel_not_in_catalog	YES	24.45	25.71	35.16
PB.9376.1	Protein_PB.9376.1	PLXND1	PLXND1	full-splice_match	YES	300.58	201.88	199.2
PB.9377.2	Protein_PB.9377.2	TMCC1	TMCC1	full-splice_match	YES	13.82	106.29	5.77
PB.9377.4	Protein_PB.9377.4	TMCC1	TMCC1	full-splice_match	YES	41.41	44.45	16.39
PB.9377.5	Protein_PB.9377.5	TMCC1	TMCC1	full-splice_match	YES	119.66	108.15	62.95
PB.9377.6	Protein_PB.9377.6	TMCC1	TMCC1	novel_not_in_catalog	YES	111.42	154.35	168.85
PB.9377.7	Protein_PB.9377.7	TMCC1	TMCC1	novel_not_in_catalog	YES	98.9	109.52	54.21
PB.9378.1	Protein_PB.9378.1	NR2C2	NR2C2	full-splice_match	YES	81.25	33.18	19.56
PB.9378.2	Protein_PB.9378.2	NR2C2	NR2C2	full-splice_match	YES	126.19	139.22	152.46
PB.9378.3	Protein_PB.9378.3	NR2C2	NR2C2	incomplete-splice_match	YES	28.52	18.32	75.02
PB.9379.1	Protein_PB.9379.1	FGD5	FGD5	novel_not_in_catalog	YES	36.71	61.58	43.92
PB.9379.2	Protein_PB.9379.2	FGD5	FGD5	full-splice_match	YES	116.01	86.24	105.43
PB.9379.3	Protein_PB.9379.3	FGD5	FGD5	full-splice_match	YES	62.99	40.27	39.21
PB.9379.4	Protein_PB.9379.4	FGD5	FGD5	novel_in_catalog	YES	18.95	9.58	13.15
PB.9379.5	Protein_PB.9379.5	FGD5	FGD5	novel_not_in_catalog	YES	44.34	45.7	20.59
PB.9381.1	Protein_PB.9381.1	CCDC174	CCDC174	full-splice_match	YES	77.84	65.26	77.88
PB.9382.1	Protein_PB.9382.1	SLC6A6	SLC6A6	full-splice_match	YES	45.01	43.82	81.16
PB.9382.2	Protein_PB.9382.2	SLC6A6	SLC6A6	full-splice_match	YES	71.83	56.28	35.06
PB.9382.3	Protein_PB.9382.3	SLC6A6	SLC6A6	novel_in_catalog	YES	44.94	23.23	11.69
PB.9384.1	Protein_PB.9384.1	LSM3	LSM3	full-splice_match	YES	192.89	218.53	207.15
PB.9385.3	Protein_PB.9385.3	TMEM43	TMEM43	full-splice_match	YES	175.3	146.38	199.25
PB.9385.4	Protein_PB.9385.4	TMEM43	TMEM43	novel_not_in_catalog	YES	10.4	14.09	22.36
PB.9385.6	Protein_PB.9385.6	TMEM43	TMEM43	novel_not_in_catalog	YES	43.56	38.97	68.32
PB.9385.9	Protein_PB.9385.9	TMEM43	TMEM43	novel_not_in_catalog	YES	106.07	109.84	152.59
PB.9386.1	Protein_PB.9386.1	FBLN2	FBLN2	novel_not_in_catalog	YES	432.96	267.4	279.45
PB.9386.2	Protein_PB.9386.2	FBLN2	FBLN2	full-splice_match	YES	363.72	210.34	239.96
PB.9386.3	Protein_PB.9386.3	FBLN2	FBLN2	full-splice_match	YES	47.63	28.98	9.45
PB.9386.5	Protein_PB.9386.5	FBLN2	FBLN2	full-splice_match	YES	84.0	16.78	24.7
PB.9387.1	Protein_PB.9387.1	HDAC11	HDAC11	full-splice_match	YES	257.62	282.78	304.89
PB.9392.4	Protein_PB.9392.4	RAB43	RAB43	full-splice_match	YES	38.93	26.5	54.88
PB.9393.3	Protein_PB.9393.3	ISY1	ISY1	full-splice_match	YES	151.66	140.38	158.23
PB.9394.1	Protein_PB.9394.1	CNBP	CNBP	full-splice_match	YES	272.95	244.42	165.54
PB.9394.10	Protein_PB.9394.10	CNBP	CNBP	novel_not_in_catalog	YES	2151.12	2183.47	2058.22
PB.9394.11		CNBP	CNBP	novel_in_catalog	NO	736.41	856.21	886.43
PB.9394.13	Protein_PB.9394.13	CNBP	CNBP	full-splice_match	YES	315.72	382.3	591.33
PB.9394.14	Protein_PB.9394.14	CNBP	CNBP	novel_not_in_catalog	YES	110.17	110.51	82.19
PB.9394.16	Protein_PB.9394.16	CNBP	CNBP	novel_not_in_catalog	YES	32.95	62.9	67.93
PB.9394.17	Protein_PB.9394.17	CNBP	CNBP	novel_not_in_catalog	YES	550.58	531.55	239.37
PB.9394.18	Protein_PB.9394.18	CNBP	CNBP	novel_not_in_catalog	YES	363.85	297.32	466.54
PB.9394.2	Protein_PB.9394.2	CNBP	CNBP	full-splice_match	YES	66.1	107.98	107.38
PB.9394.4	Protein_PB.9394.4	CNBP	CNBP	full-splice_match	YES	320.8	369.65	402.93
PB.9394.5	Protein_PB.9394.5	CNBP	CNBP	novel_in_catalog	YES	122.77	109.94	151.8
PB.9394.7	Protein_PB.9394.7	CNBP	CNBP	novel_not_in_catalog	YES	2412.43	2748.16	2464.0
PB.9394.9		CNBP	CNBP	novel_in_catalog	NO	447.19	417.4	413.81
PB.9395.1	Protein_PB.9395.1	LOC113257253	LOC113257253	full-splice_match	YES	77.75	61.25	76.24
PB.9396.1	Protein_PB.9396.1	RAB7A	RAB7A	full-splice_match	YES	667.37	631.66	573.85
PB.9396.2	Protein_PB.9396.2	RAB7A	RAB7A	full-splice_match	YES	116.57	91.99	125.09
PB.940.1	Protein_PB.940.1	MYNN	MYNN	full-splice_match	YES	26.85	63.57	16.34
PB.940.3	Protein_PB.940.3	MYNN	MYNN	full-splice_match	YES	162.67	147.19	158.4
PB.940.6	Protein_PB.940.6	MYNN	MYNN	full-splice_match	YES	33.95	36.52	39.36
PB.940.7	Protein_PB.940.7	MYNN	MYNN	novel_in_catalog	YES	17.56	17.78	24.42
PB.9400.1	Protein_PB.9400.1	EEFSEC	EEFSEC	full-splice_match	YES	94.14	109.24	67.44
PB.9402.2	Protein_PB.9402.2	SEC61A1	SEC61A1	full-splice_match	YES	253.1	180.06	221.58
PB.9403.1	Protein_PB.9403.1	KBTBD12	KBTBD12	novel_not_in_catalog	YES	13.08	8.68	19.19
PB.9403.10	Protein_PB.9403.10	KBTBD12	KBTBD12	novel_not_in_catalog	YES	34.77	35.78	11.1
PB.9403.11	Protein_PB.9403.11	KBTBD12	KBTBD12	novel_not_in_catalog	YES	63.52	87.3	28.47
PB.9403.13	Protein_PB.9403.13	KBTBD12	KBTBD12	novel_not_in_catalog	YES	87.13	66.21	18.9
PB.9403.15	Protein_PB.9403.15	KBTBD12	KBTBD12	novel_not_in_catalog	YES	204.3	96.45	198.31
PB.9403.16	Protein_PB.9403.16	KBTBD12	KBTBD12	novel_not_in_catalog	YES	731.9	830.17	284.04
PB.9403.17	Protein_PB.9403.17	KBTBD12	KBTBD12	full-splice_match	YES	13.17	73.4	57.07
PB.9403.18	Protein_PB.9403.18	KBTBD12	KBTBD12	full-splice_match	YES	26.95	12.03	11.47
PB.9403.3	Protein_PB.9403.3	KBTBD12	KBTBD12	novel_not_in_catalog	YES	22.25	27.64	37.77
PB.9403.4	Protein_PB.9403.4	KBTBD12	KBTBD12	novel_not_in_catalog	YES	662.73	683.04	942.58
PB.9403.5	Protein_PB.9403.5	KBTBD12	KBTBD12	novel_not_in_catalog	YES	123.78	78.95	49.94
PB.9403.6	Protein_PB.9403.6	KBTBD12	KBTBD12	novel_not_in_catalog	YES	66.09	43.25	53.68
PB.9403.7	Protein_PB.9403.7	KBTBD12	KBTBD12	novel_not_in_catalog	YES	60.11	51.49	31.19
PB.9403.9	Protein_PB.9403.9	KBTBD12	KBTBD12	novel_not_in_catalog	YES	51.2	60.23	60.72
PB.9406.12	Protein_PB.9406.12	ABTB1	ABTB1	novel_in_catalog	YES	13.06	30.46	38.77
PB.9406.13	Protein_PB.9406.13	ABTB1	ABTB1	full-splice_match	YES	113.4	130.97	86.55
PB.9409.1	Protein_PB.9409.1	PLXNA1	PLXNA1	full-splice_match	YES	164.22	128.73	170.7
PB.9425.1	Protein_PB.9425.1	PPP1R1A	PPP1R1A	full-splice_match	YES	5601.31	6459.48	5122.25
PB.9428.1	Protein_PB.9428.1	ITGA5	ITGA5	full-splice_match	YES	16.64	17.79	10.95
PB.9428.2	Protein_PB.9428.2	ITGA5	ITGA5	full-splice_match	YES	50.78	29.73	29.66
PB.9428.5	Protein_PB.9428.5	ITGA5	ITGA5	novel_in_catalog	YES	11.72	17.67	25.15
PB.9428.6	Protein_PB.9428.6	ITGA5	ITGA5	novel_in_catalog	YES	41.11	11.91	17.99
PB.9428.7	Protein_PB.9428.7	ITGA5	ITGA5	incomplete-splice_match	YES	53.03	34.38	45.54
PB.9432.1	Protein_PB.9432.1	CBX5	CBX5	full-splice_match	YES	39.18	34.77	33.1
PB.9432.2	Protein_PB.9432.2	CBX5	CBX5	full-splice_match	YES	349.05	337.51	552.69
PB.9432.3	Protein_PB.9432.3	CBX5	CBX5	novel_not_in_catalog	YES	59.28	49.22	37.51
PB.9432.4	Protein_PB.9432.4	CBX5	CBX5	full-splice_match	YES	67.06	34.25	50.25
PB.9433.11	Protein_PB.9433.11	SMUG1	SMUG1	full-splice_match	YES	26.05	22.36	27.43
PB.9433.13	Protein_PB.9433.13	SMUG1	SMUG1	novel_not_in_catalog	YES	6.72	5.32	16.03
PB.9433.14	Protein_PB.9433.14	SMUG1	SMUG1	novel_not_in_catalog	YES	19.43	6.84	10.48
PB.9433.2	Protein_PB.9433.2	SMUG1	SMUG1	novel_in_catalog	YES	35.56	68.93	43.21
PB.9443.1	Protein_PB.9443.1	CALCOCO1	CALCOCO1	full-splice_match	YES	446.54	513.6	522.46
PB.9443.2	Protein_PB.9443.2	CALCOCO1	CALCOCO1	full-splice_match	YES	30.68	46.33	73.57
PB.9444.1	Protein_PB.9444.1	ATP5MC2	ATP5MC2	full-splice_match	YES	1481.83	1456.65	1312.6
PB.9444.2	Protein_PB.9444.2	ATP5MC2	ATP5MC2	full-splice_match	YES	826.15	851.23	1233.44
PB.9445.1	Protein_PB.9445.1	ATF7	ATF7	full-splice_match	YES	21.22	15.92	19.11
PB.9445.3	Protein_PB.9445.3	ATF7	ATF7	full-splice_match	YES	14.8	5.63	31.49
PB.9445.6	Protein_PB.9445.6	ATF7	ATF7	incomplete-splice_match	YES	24.93	17.4	13.92
PB.9447.2	Protein_PB.9447.2	MAP3K12	MAP3K12	novel_in_catalog	YES	15.08	11.49	16.7
PB.9449.3	Protein_PB.9449.3	AAAS	AAAS	full-splice_match	YES	27.96	20.05	8.97
PB.9449.6	Protein_PB.9449.6	AAAS	AAAS	full-splice_match	YES	26.32	30.01	50.19
PB.9451.4	Protein_PB.9451.4	ITGB7	ITGB7	incomplete-splice_match	YES	43.91	43.9	14.34
PB.9453.5	Protein_PB.9453.5	SPRYD3	SPRYD3	novel_not_in_catalog	YES	63.96	66.97	48.38
PB.9454.1	Protein_PB.9454.1	novelGene_EIF4B_AS	novelGene_EIF4B_AS	antisense	YES	15.62	28.91	29.61
PB.9483.1		novelGene_1090	novelGene_1090	intergenic	NO	23.06	29.51	25.88
PB.949.1	Protein_PB.949.1	VOPP1	VOPP1	novel_in_catalog	YES	6.98	34.68	33.39
PB.949.2	Protein_PB.949.2	VOPP1	VOPP1	full-splice_match	YES	78.16	84.61	63.63
PB.9491.2		SMAGP	SMAGP	novel_not_in_catalog	NO	17.52	9.2	11.82
PB.9492.3	Protein_PB.9492.3	POU6F1	POU6F1	full-splice_match	YES	35.61	47.86	69.83
PB.9492.4	Protein_PB.9492.4	POU6F1	POU6F1	incomplete-splice_match	YES	25.29	15.19	34.5
PB.9493.1	Protein_PB.9493.1	TFCP2	TFCP2	novel_not_in_catalog	YES	10.31	22.94	20.63
PB.9493.3	Protein_PB.9493.3	TFCP2	TFCP2	full-splice_match	YES	80.0	85.92	40.43
PB.9493.6	Protein_PB.9493.6	TFCP2	TFCP2	full-splice_match	YES	28.33	13.38	62.46
PB.9493.8	Protein_PB.9493.8	TFCP2	TFCP2	novel_not_in_catalog	YES	78.13	92.33	78.72
PB.9494.1	Protein_PB.9494.1	CSRNP2	CSRNP2	full-splice_match	YES	32.25	38.69	41.72
PB.9495.10	Protein_PB.9495.10	SLC11A2	SLC11A2	novel_not_in_catalog	YES	32.82	38.78	15.88
PB.9495.26	Protein_PB.9495.26	SLC11A2	SLC11A2	full-splice_match	YES	36.16	30.47	27.04
PB.9499.1	Protein_PB.9499.1	LIMA1	LIMA1	full-splice_match	YES	43.83	32.32	40.76
PB.9499.10	Protein_PB.9499.10	LIMA1	LIMA1	incomplete-splice_match	YES	165.88	63.65	113.65
PB.95.11	Protein_PB.95.11	GART	GART	novel_not_in_catalog	YES	123.35	186.38	149.68
PB.95.12	Protein_PB.95.12	GART	GART	novel_not_in_catalog	YES	23.2	21.7	22.55
PB.95.17	Protein_PB.95.17	GART	GART	incomplete-splice_match	YES	39.97	78.5	50.21
PB.95.4	Protein_PB.95.4	GART	GART	novel_in_catalog	YES	62.55	40.16	56.05
PB.95.5	Protein_PB.95.5	GART	GART	incomplete-splice_match	YES	42.85	75.51	60.98
PB.95.6	Protein_PB.95.6	GART	GART	full-splice_match	YES	68.9	60.86	58.96
PB.95.9	Protein_PB.95.9	GART	GART	novel_not_in_catalog	YES	139.4	112.97	103.19
PB.9500.1	Protein_PB.9500.1	CERS5	CERS5	full-splice_match	YES	12.75	18.01	21.7
PB.9500.14	Protein_PB.9500.14	CERS5	CERS5	novel_not_in_catalog	YES	103.64	123.22	149.58
PB.9500.4	Protein_PB.9500.4	CERS5	CERS5	full-splice_match	YES	18.24	19.97	10.48
PB.9503.1	Protein_PB.9503.1	BCDIN3D	BCDIN3D	full-splice_match	YES	41.75	44.79	48.7
PB.9503.2	Protein_PB.9503.2	BCDIN3D	BCDIN3D	full-splice_match	YES	22.97	22.34	33.6
PB.9504.2	Protein_PB.9504.2	NCKAP5L	NCKAP5L	full-splice_match	YES	36.71	24.01	45.54
PB.9505.6	Protein_PB.9505.6	FMNL3	FMNL3	incomplete-splice_match	YES	52.04	25.19	24.15
PB.9507.23	Protein_PB.9507.23	MCRS1	MCRS1	novel_not_in_catalog	YES	41.36	56.86	20.29
PB.9507.9	Protein_PB.9507.9	MCRS1	MCRS1	full-splice_match	YES	119.1	138.45	171.99
PB.9510.1	Protein_PB.9510.1	LOC113257653	LOC113257653	full-splice_match	YES	615.14	405.34	702.8
PB.9511.1	Protein_PB.9511.1	LOC113257657	LOC113257657	novel_not_in_catalog	YES	230.38	184.17	468.41
PB.9511.3	Protein_PB.9511.3	LOC113257657	LOC113257657	incomplete-splice_match	YES	674.65	607.07	1221.41
PB.9512.1	Protein_PB.9512.1	LMBR1L	LMBR1L	full-splice_match	YES	12.68	27.03	26.79
PB.9515.1	Protein_PB.9515.1	KMT2D	KMT2D	full-splice_match	YES	272.48	185.23	296.28
PB.9515.2	Protein_PB.9515.2	PRKAG1	PRKAG1	full-splice_match	YES	141.47	246.89	129.08
PB.9515.3	Protein_PB.9515.3	PRKAG1	PRKAG1	novel_in_catalog	YES	144.32	163.97	88.35
PB.9515.4	Protein_PB.9515.4	PRKAG1	PRKAG1	novel_not_in_catalog	YES	26.3	11.95	38.91
PB.9518.1	Protein_PB.9518.1	ARF3	ARF3	full-splice_match	YES	64.76	47.57	41.0
PB.9518.3	Protein_PB.9518.3	ARF3	ARF3	novel_not_in_catalog	YES	39.08	53.48	56.4
PB.952.1		SEC61G	SEC61G	full-splice_match	NO	190.08	207.33	202.97
PB.9520.1	Protein_PB.9520.1	DDX23	DDX23	full-splice_match	YES	328.04	338.72	457.02
PB.9521.3	Protein_PB.9521.3	ADCY6	ADCY6	full-splice_match	YES	23.01	5.14	33.55
PB.9521.4	Protein_PB.9521.4	ADCY6	ADCY6	full-splice_match	YES	29.67	42.85	18.02
PB.9521.5	Protein_PB.9521.5	ADCY6	ADCY6	incomplete-splice_match	YES	23.93	1.97	9.57
PB.9522.1	Protein_PB.9522.1	CCNT1	CCNT1	full-splice_match	YES	323.09	319.77	377.13
PB.9523.11	Protein_PB.9523.11	KANSL2	KANSL2	novel_in_catalog	YES	47.26	45.58	41.49
PB.9523.13	Protein_PB.9523.13	KANSL2	KANSL2	novel_not_in_catalog	YES	14.01	21.65	19.44
PB.9523.3	Protein_PB.9523.3	KANSL2	KANSL2	full-splice_match	YES	55.91	35.79	85.53
PB.9537.1	Protein_PB.9537.1	ZNF641	ZNF641	full-splice_match	YES	1263.93	910.77	903.3
PB.9537.2	Protein_PB.9537.2	ZNF641	ZNF641	full-splice_match	YES	16.94	8.86	22.6
PB.9537.3	Protein_PB.9537.3	ZNF641	ZNF641	full-splice_match	YES	696.8	510.64	449.24
PB.9540.1	Protein_PB.9540.1	ASB8	ASB8	full-splice_match	YES	63.98	69.71	48.11
PB.9540.2	Protein_PB.9540.2	ASB8	ASB8	full-splice_match	YES	57.67	58.39	47.31
PB.9540.4	Protein_PB.9540.4	ASB8	ASB8	full-splice_match	YES	456.77	467.89	334.07
PB.9540.7	Protein_PB.9540.7	ASB8	ASB8	novel_not_in_catalog	YES	52.16	63.38	50.72
PB.9541.1	Protein_PB.9541.1	SENP1	SENP1	full-splice_match	YES	42.36	35.06	50.33
PB.9545.1	Protein_PB.9545.1	HDAC7	HDAC7	full-splice_match	YES	48.31	21.01	31.15
PB.9545.3	Protein_PB.9545.3	HDAC7	HDAC7	full-splice_match	YES	21.98	26.26	34.65
PB.9545.4	Protein_PB.9545.4	HDAC7	HDAC7	incomplete-splice_match	YES	21.13	23.5	19.74
PB.9546.3	Protein_PB.9546.3	RAPGEF3	RAPGEF3	full-splice_match	YES	12.82	17.78	4.06
PB.9546.7	Protein_PB.9546.7	RAPGEF3	RAPGEF3	novel_not_in_catalog	YES	7.54	17.56	3.94
PB.9548.2	Protein_PB.9548.2	RPAP3	RPAP3	novel_in_catalog	YES	24.33	33.45	37.34
PB.9548.3	Protein_PB.9548.3	RPAP3	RPAP3	full-splice_match	YES	36.3	34.44	44.41
PB.9548.4	Protein_PB.9548.4	RPAP3_LOC113257690	RPAP3_LOC113257690	fusion	YES	195.28	181.36	173.64
PB.9552.12	Protein_PB.9552.12	SLC38A4	SLC38A4	novel_not_in_catalog	YES	55.77	55.82	62.14
PB.9552.2	Protein_PB.9552.2	SLC38A4	SLC38A4	novel_not_in_catalog	YES	244.44	180.28	31.61
PB.9552.3	Protein_PB.9552.3	SLC38A4	SLC38A4	novel_not_in_catalog	YES	14.36	12.92	26.48
PB.9552.4	Protein_PB.9552.4	SLC38A4	SLC38A4	novel_not_in_catalog	YES	29.17	61.83	54.4
PB.9552.6	Protein_PB.9552.6	SLC38A4	SLC38A4	novel_not_in_catalog	YES	23.14	20.15	25.18
PB.9553.11	Protein_PB.9553.11	SLC38A2	SLC38A2	novel_in_catalog	YES	19.19	6.43	24.5
PB.9553.12	Protein_PB.9553.12	SLC38A2	SLC38A2	incomplete-splice_match	YES	181.96	93.59	162.23
PB.9553.2	Protein_PB.9553.2	SLC38A2	SLC38A2	full-splice_match	YES	1330.78	1227.5	1648.92
PB.9553.4	Protein_PB.9553.4	SLC38A2	SLC38A2	novel_in_catalog	YES	10.12	0.0	31.39
PB.9553.6	Protein_PB.9553.6	SLC38A2	SLC38A2	incomplete-splice_match	YES	36.07	14.82	41.35
PB.9553.9	Protein_PB.9553.9	SLC38A2	SLC38A2	novel_in_catalog	YES	25.56	23.22	15.67
PB.9554.1	Protein_PB.9554.1	SLC38A1	SLC38A1	full-splice_match	YES	6.25	5.61	18.61
PB.9554.5	Protein_PB.9554.5	SLC38A1	SLC38A1	full-splice_match	YES	21.94	8.71	19.19
PB.9554.6	Protein_PB.9554.6	SLC38A1	SLC38A1	novel_not_in_catalog	YES	14.36	35.57	26.41
PB.9556.1	Protein_PB.9556.1	SCAF11	SCAF11	full-splice_match	YES	23.86	16.53	2.66
PB.9556.13	Protein_PB.9556.13	SCAF11	SCAF11	incomplete-splice_match	YES	35.42	35.99	16.01
PB.9556.2	Protein_PB.9556.2	SCAF11	SCAF11	full-splice_match	YES	38.61	22.42	40.06
PB.9556.3	Protein_PB.9556.3	SCAF11	SCAF11	full-splice_match	YES	17.16	17.4	65.45
PB.9556.4	Protein_PB.9556.4	SCAF11	SCAF11	full-splice_match	YES	34.37	41.18	19.23
PB.9556.5	Protein_PB.9556.5	SCAF11	SCAF11	incomplete-splice_match	YES	222.87	145.5	197.83
PB.9556.6	Protein_PB.9556.6	SCAF11	SCAF11	novel_not_in_catalog	YES	191.74	199.03	255.78
PB.9556.9	Protein_PB.9556.9	SCAF11	SCAF11	incomplete-splice_match	YES	103.91	172.14	172.12
PB.9560.1	Protein_PB.9560.1	DBX2	DBX2	full-splice_match	YES	100.83	135.49	97.02
PB.9561.1	Protein_PB.9561.1	NELL2	NELL2	full-splice_match	YES	25.4	16.91	29.57
PB.9562.1	Protein_PB.9562.1	TWF1	TWF1	full-splice_match	YES	79.49	62.79	80.69
PB.9563.1	Protein_PB.9563.1	PUS7L	PUS7L	full-splice_match	YES	26.24	38.41	26.71
PB.9563.3	Protein_PB.9563.3	PUS7L	PUS7L	novel_in_catalog	YES	21.29	20.57	9.53
PB.9564.1	Protein_PB.9564.1	ADAMTS20	ADAMTS20	full-splice_match	YES	249.18	156.43	224.57
PB.9567.1	Protein_PB.9567.1	PRICKLE1	PRICKLE1	novel_not_in_catalog	YES	17.54	9.41	12.75
PB.9567.2	Protein_PB.9567.2	PRICKLE1	PRICKLE1	full-splice_match	YES	38.88	24.52	27.69
PB.9568.2	Protein_PB.9568.2	ZCRB1	ZCRB1	full-splice_match	YES	57.17	54.49	53.34
PB.9568.3	Protein_PB.9568.3	ZCRB1	ZCRB1	full-splice_match	YES	44.92	44.92	46.78
PB.9569.1	Protein_PB.9569.1	YAF2	YAF2	full-splice_match	YES	23.07	25.39	14.88
PB.9569.9	Protein_PB.9569.9	YAF2	YAF2	incomplete-splice_match	YES	29.18	33.46	32.75
PB.9570.1	Protein_PB.9570.1	GXYLT1	GXYLT1	full-splice_match	YES	84.13	56.83	77.68
PB.9574.1	Protein_PB.9574.1	SLC2A13	SLC2A13	full-splice_match	YES	21.48	12.57	24.28
PB.9576.2	Protein_PB.9576.2	ABCD2	ABCD2	full-splice_match	YES	35.53	27.0	4.53
PB.9577.1	Protein_PB.9577.1	KIF21A	KIF21A	full-splice_match	YES	16.8	27.74	41.35
PB.9577.15	Protein_PB.9577.15	KIF21A	KIF21A	incomplete-splice_match	YES	17.42	27.24	9.03
PB.9577.7	Protein_PB.9577.7	KIF21A	KIF21A	full-splice_match	YES	94.43	85.76	72.21
PB.9577.8	Protein_PB.9577.8	KIF21A	KIF21A	full-splice_match	YES	46.68	47.25	19.82
PB.9579.1	Protein_PB.9579.1	CPNE8	CPNE8	full-splice_match	YES	46.27	36.68	43.82
PB.9585.1	Protein_PB.9585.1	YARS2	YARS2	full-splice_match	YES	40.71	48.24	56.06
PB.9585.2	Protein_PB.9585.2	YARS2	YARS2	full-splice_match	YES	131.37	130.2	132.19
PB.9588.3	Protein_PB.9588.3	AMN1	AMN1	full-splice_match	YES	89.66	99.43	117.02
PB.9589.1	Protein_PB.9589.1	DENND5B	DENND5B	full-splice_match	YES	63.68	35.43	56.01
PB.9589.3	Protein_PB.9589.3	DENND5B	DENND5B	full-splice_match	YES	103.67	98.36	185.06
PB.959.1	Protein_PB.959.1	COBL	COBL	full-splice_match	YES	44.96	40.18	33.59
PB.959.17		novelGene_123	novelGene_123	intergenic	NO	22.87	21.2	8.97
PB.959.2	Protein_PB.959.2	COBL	COBL	novel_not_in_catalog	YES	497.73	411.35	369.93
PB.959.3	Protein_PB.959.3	COBL	COBL	novel_not_in_catalog	YES	62.04	110.31	101.2
PB.959.5	Protein_PB.959.5	COBL	COBL	novel_not_in_catalog	YES	145.91	115.02	74.09
PB.959.7	Protein_PB.959.7	COBL	COBL	novel_not_in_catalog	YES	24.69	16.06	18.78
PB.9593.1	Protein_PB.9593.1	IPO8	IPO8	full-splice_match	YES	79.93	89.13	94.28
PB.9593.8	Protein_PB.9593.8	IPO8	IPO8	incomplete-splice_match	YES	32.82	35.88	36.78
PB.9594.1	Protein_PB.9594.1	TMTC1	TMTC1	full-splice_match	YES	86.78	77.45	73.35
PB.9594.2	Protein_PB.9594.2	TMTC1	TMTC1	incomplete-splice_match	YES	93.26	60.55	81.48
PB.9597.1	Protein_PB.9597.1	ERGIC2	ERGIC2	novel_not_in_catalog	YES	282.17	329.26	254.81
PB.9597.2	Protein_PB.9597.2	ERGIC2	ERGIC2	full-splice_match	YES	26.0	24.32	40.69
PB.96.1	Protein_PB.96.1	DNAJC28	DNAJC28	full-splice_match	YES	343.93	384.23	341.5
PB.96.3	Protein_PB.96.3	TMEM50B	TMEM50B	full-splice_match	YES	75.53	85.77	50.2
PB.9606.18	Protein_PB.9606.18	TM7SF3	TM7SF3	incomplete-splice_match	YES	12.36	20.59	13.04
PB.9606.7	Protein_PB.9606.7	TM7SF3	TM7SF3	novel_not_in_catalog	YES	58.37	69.88	37.74
PB.9607.1	Protein_PB.9607.1	INTS13	INTS13	novel_not_in_catalog	YES	55.57	48.33	44.72
PB.9607.5	Protein_PB.9607.5	INTS13	INTS13	novel_not_in_catalog	YES	29.69	61.36	21.29
PB.9607.7	Protein_PB.9607.7	INTS13	INTS13	novel_in_catalog	YES	65.39	42.64	54.25
PB.9607.8	Protein_PB.9607.8	INTS13	INTS13	incomplete-splice_match	YES	24.22	35.11	41.43
PB.961.1	Protein_PB.961.1	GRB10	GRB10	novel_not_in_catalog	YES	618.11	537.62	778.93
PB.961.2	Protein_PB.961.2	GRB10	GRB10	novel_not_in_catalog	YES	51.96	25.94	145.73
PB.961.3	Protein_PB.961.3	GRB10	GRB10	full-splice_match	YES	97.19	68.77	136.58
PB.961.5	Protein_PB.961.5	GRB10	GRB10	novel_not_in_catalog	YES	139.4	94.09	172.25
PB.961.6	Protein_PB.961.6	GRB10	GRB10	novel_not_in_catalog	YES	91.7	83.97	47.07
PB.9610.1	Protein_PB.9610.1	ITPR2	ITPR2	full-splice_match	YES	150.51	137.55	170.3
PB.9610.3	Protein_PB.9610.3	ITPR2	ITPR2	incomplete-splice_match	YES	84.78	99.52	114.09
PB.9610.4	Protein_PB.9610.4	ITPR2	ITPR2	incomplete-splice_match	YES	53.24	55.98	57.64
PB.9611.1	Protein_PB.9611.1	BHLHE41	BHLHE41	full-splice_match	YES	8.62	19.88	30.17
PB.9611.2	Protein_PB.9611.2	BHLHE41	BHLHE41	full-splice_match	YES	456.45	441.29	478.62
PB.9613.8	Protein_PB.9613.8	LMNTD1	LMNTD1	novel_not_in_catalog	YES	27.51	15.78	22.05
PB.9615.1	Protein_PB.9615.1	KRAS	KRAS	full-splice_match	YES	160.18	172.2	176.48
PB.9615.2	Protein_PB.9615.2	KRAS	KRAS	full-splice_match	YES	20.02	15.29	16.18
PB.9617.2	Protein_PB.9617.2	BCAT1	BCAT1	full-splice_match	YES	36.56	10.61	22.89
PB.9621.2	Protein_PB.9621.2	C2CD5	C2CD5	full-splice_match	YES	22.17	1.67	9.65
PB.9621.5	Protein_PB.9621.5	C2CD5	C2CD5	novel_not_in_catalog	YES	34.06	56.91	62.0
PB.9621.9	Protein_PB.9621.9	C2CD5	C2CD5	novel_not_in_catalog	YES	10.08	29.66	36.85
PB.9625.1	Protein_PB.9625.1	ABCC9	ABCC9	full-splice_match	YES	275.01	249.9	146.36
PB.9625.10	Protein_PB.9625.10	ABCC9	ABCC9	novel_not_in_catalog	YES	164.23	77.57	57.17
PB.9625.11	Protein_PB.9625.11	ABCC9	ABCC9	novel_not_in_catalog	YES	57.05	84.17	100.15
PB.9625.12	Protein_PB.9625.12	ABCC9	ABCC9	full-splice_match	YES	89.7	86.81	42.1
PB.9625.16	Protein_PB.9625.16	ABCC9	ABCC9	novel_not_in_catalog	YES	208.4	468.32	434.9
PB.9625.17	Protein_PB.9625.17	ABCC9	ABCC9	novel_in_catalog	YES	300.92	351.99	248.81
PB.9625.19	Protein_PB.9625.19	ABCC9	ABCC9	novel_in_catalog	YES	210.66	168.05	128.98
PB.9625.20	Protein_PB.9625.20	ABCC9	ABCC9	novel_in_catalog	YES	34.71	47.98	65.16
PB.9625.21	Protein_PB.9625.21	ABCC9	ABCC9	novel_not_in_catalog	YES	107.89	42.86	109.19
PB.9625.22	Protein_PB.9625.22	ABCC9	ABCC9	novel_in_catalog	YES	124.16	63.52	45.88
PB.9625.23	Protein_PB.9625.23	ABCC9	ABCC9	novel_in_catalog	YES	14.61	17.66	33.41
PB.9625.5	Protein_PB.9625.5	ABCC9	ABCC9	full-splice_match	YES	152.78	59.37	65.55
PB.9625.7	Protein_PB.9625.7	ABCC9	ABCC9	full-splice_match	YES	60.34	61.01	62.55
PB.9625.8	Protein_PB.9625.8	ABCC9	ABCC9	full-splice_match	YES	158.02	179.49	217.59
PB.9626.2	Protein_PB.9626.2	KCNJ8	KCNJ8	novel_not_in_catalog	YES	31.4	35.5	18.55
PB.9626.3	Protein_PB.9626.3	KCNJ8	KCNJ8	full-splice_match	YES	36.85	33.07	31.41
PB.9627.1	Protein_PB.9627.1	LDHB	LDHB	full-splice_match	YES	2502.57	4698.68	1922.56
PB.9629.3	Protein_PB.9629.3	RECQL	RECQL	full-splice_match	YES	30.91	19.85	21.98
PB.9652.1	Protein_PB.9652.1	RERGL	RERGL	full-splice_match	YES	42.46	27.78	58.1
PB.9655.2	Protein_PB.9655.2	EPS8	EPS8	full-splice_match	YES	52.38	26.89	26.99
PB.9655.3	Protein_PB.9655.3	EPS8	EPS8	novel_not_in_catalog	YES	16.73	17.0	16.07
PB.9655.5	Protein_PB.9655.5	EPS8	EPS8	novel_in_catalog	YES	55.69	97.99	41.52
PB.9655.6	Protein_PB.9655.6	EPS8	EPS8	novel_not_in_catalog	YES	97.5	68.97	76.03
PB.9655.7	Protein_PB.9655.7	EPS8	EPS8	novel_not_in_catalog	YES	56.68	14.17	9.93
PB.9656.1	Protein_PB.9656.1	RERG	RERG	full-splice_match	YES	20.55	16.3	31.58
PB.9657.1	Protein_PB.9657.1	ARHGDIB	ARHGDIB	full-splice_match	YES	58.85	38.41	64.35
PB.9659.1	Protein_PB.9659.1	MGP	MGP	full-splice_match	YES	307.85	126.92	157.12
PB.9661.1	Protein_PB.9661.1	ART4	ART4	full-splice_match	YES	17.73	10.39	19.18
PB.9662.4	Protein_PB.9662.4	WBP11	WBP11	incomplete-splice_match	YES	129.67	139.77	139.47
PB.9662.6	Protein_PB.9662.6	WBP11	WBP11	full-splice_match	YES	43.9	42.89	55.76
PB.9662.7	Protein_PB.9662.7	WBP11	WBP11	novel_in_catalog	YES	259.03	302.09	306.81
PB.9663.1	Protein_PB.9663.1	LOC113257856	LOC113257856	full-splice_match	YES	21.58	11.34	34.22
PB.9663.2	Protein_PB.9663.2	LOC113257856	LOC113257856	full-splice_match	YES	41.7	32.78	3.97
PB.9666.1	Protein_PB.9666.1	PLBD1	PLBD1	full-splice_match	YES	492.23	539.18	353.97
PB.9666.2	Protein_PB.9666.2	PLBD1	PLBD1	novel_not_in_catalog	YES	289.56	345.61	227.09
PB.9671.3	Protein_PB.9671.3	HEBP1	HEBP1	full-splice_match	YES	160.08	180.52	164.88
PB.9671.4	Protein_PB.9671.4	HEBP1	HEBP1	novel_not_in_catalog	YES	60.11	71.11	52.41
PB.9673.3	Protein_PB.9673.3	GPR19	GPR19	novel_not_in_catalog	YES	16.63	22.59	21.74
PB.9674.1	Protein_PB.9674.1	DUSP16	DUSP16	full-splice_match	YES	161.82	155.1	137.88
PB.9676.1	Protein_PB.9676.1	MANSC1	MANSC1	full-splice_match	YES	25.3	14.04	21.65
PB.9677.1	Protein_PB.9677.1	LRP6	LRP6	full-splice_match	YES	522.76	400.84	343.41
PB.9677.2	Protein_PB.9677.2	LRP6	LRP6	full-splice_match	YES	212.65	168.31	171.84
PB.9677.3	Protein_PB.9677.3	LRP6	LRP6	incomplete-splice_match	YES	13.62	8.78	20.22
PB.969.2	Protein_PB.969.2	HUS1	HUS1	novel_not_in_catalog	YES	105.67	149.99	130.3
PB.9690.1	Protein_PB.9690.1	YBX3	YBX3	full-splice_match	YES	8027.26	8800.41	7674.46
PB.9690.2	Protein_PB.9690.2	YBX3	YBX3	full-splice_match	YES	1071.04	999.39	415.27
PB.9690.3	Protein_PB.9690.3	YBX3	YBX3	novel_not_in_catalog	YES	73.81	95.17	90.21
PB.9690.4		YBX3	YBX3	novel_not_in_catalog	NO	37.48	29.34	25.38
PB.9690.5	Protein_PB.9690.5	YBX3	YBX3	novel_not_in_catalog	YES	584.57	722.77	975.52
PB.9690.6	Protein_PB.9690.6	YBX3	YBX3	incomplete-splice_match	YES	14652.06	15300.16	11643.18
PB.9690.7	Protein_PB.9690.7	YBX3	YBX3	incomplete-splice_match	YES	60.41	36.6	56.18
PB.9692.2	Protein_PB.9692.2	MAGOHB	MAGOHB	full-splice_match	YES	26.22	27.94	26.58
PB.9698.1	Protein_PB.9698.1	LOC113257418	LOC113257418	full-splice_match	YES	19.86	16.03	18.38
PB.9708.2	Protein_PB.9708.2	CLEC1A	CLEC1A	novel_not_in_catalog	YES	23.53	5.17	14.35
PB.972.3	Protein_PB.972.3	IGFBP3	IGFBP3	incomplete-splice_match	YES	98.64	57.47	64.16
PB.9722.5	Protein_PB.9722.5	LOC113257917	LOC113257917	full-splice_match	YES	50.56	43.26	34.66
PB.9723.1	Protein_PB.9723.1	M6PR	M6PR	full-splice_match	YES	310.33	322.31	357.0
PB.9723.2	Protein_PB.9723.2	M6PR	M6PR	novel_not_in_catalog	YES	12.18	18.98	6.7
PB.9725.1	Protein_PB.9725.1	MFAP5	MFAP5	full-splice_match	YES	610.44	443.05	492.61
PB.9725.2	Protein_PB.9725.2	MFAP5	MFAP5	full-splice_match	YES	110.99	58.46	67.12
PB.9730.1	Protein_PB.9730.1	FOXJ2	FOXJ2	full-splice_match	YES	129.8	133.63	174.75
PB.9730.3		FOXJ2	FOXJ2	incomplete-splice_match	NO	32.31	15.63	23.61
PB.9731.1	Protein_PB.9731.1	NECAP1	NECAP1	full-splice_match	YES	30.67	29.1	30.86
PB.9731.4	Protein_PB.9731.4	LOC113257933_NECAP1	LOC113257933_NECAP1	fusion	YES	4.68	19.77	17.69
PB.9731.7	Protein_PB.9731.7	LOC113257933_NECAP1	LOC113257933_NECAP1	fusion	YES	12.64	4.22	22.67
PB.9731.8	Protein_PB.9731.8	NECAP1	NECAP1	novel_in_catalog	YES	8.76	8.21	23.54
PB.9734.3	Protein_PB.9734.3	CD163	CD163	novel_not_in_catalog	YES	27.72	23.85	15.47
PB.9734.4	Protein_PB.9734.4	CD163	CD163	novel_not_in_catalog	YES	51.13	29.15	35.92
PB.9737.1	Protein_PB.9737.1	C1R	C1R	full-splice_match	YES	103.41	54.53	92.09
PB.9737.13	Protein_PB.9737.13	C1R	C1R	novel_not_in_catalog	YES	120.8	69.07	63.69
PB.9737.9	Protein_PB.9737.9	C1R	C1R	novel_not_in_catalog	YES	44.04	44.83	40.77
PB.9739.4	Protein_PB.9739.4	LPCAT3	LPCAT3	full-splice_match	YES	181.25	194.04	314.96
PB.974.1	Protein_PB.974.1	TBRG4	TBRG4	novel_in_catalog	YES	14.55	18.72	14.53
PB.974.17	Protein_PB.974.17	TBRG4	TBRG4	full-splice_match	YES	429.61	523.45	387.11
PB.974.20	Protein_PB.974.20	TBRG4	TBRG4	full-splice_match	YES	1148.72	1310.33	1260.26
PB.974.7	Protein_PB.974.7	TBRG4	TBRG4	novel_not_in_catalog	YES	18.85	11.98	31.52
PB.974.8	Protein_PB.974.8	TBRG4	TBRG4	full-splice_match	YES	113.11	146.27	93.66
PB.9740.1	Protein_PB.9740.1	PHB2	PHB2	full-splice_match	YES	1402.37	1608.22	1920.01
PB.9741.1		LOC113258141	LOC113258141	full-splice_match	NO	325.6	288.26	319.74
PB.9745.3	Protein_PB.9745.3	MLF2	MLF2	full-splice_match	YES	551.95	608.2	581.0
PB.9747.3	Protein_PB.9747.3	ZNF384	ZNF384	full-splice_match	YES	35.31	25.14	18.97
PB.9747.4	Protein_PB.9747.4	ZNF384	ZNF384	full-splice_match	YES	18.37	11.53	17.85
PB.9747.6	Protein_PB.9747.6	ZNF384	ZNF384	full-splice_match	YES	7.57	20.49	7.14
PB.9747.7	Protein_PB.9747.7	ZNF384	ZNF384	full-splice_match	YES	63.3	48.42	94.36
PB.9748.13	Protein_PB.9748.13	ING4	ING4	full-splice_match	YES	33.33	40.67	26.86
PB.9748.2	Protein_PB.9748.2	ING4	ING4	full-splice_match	YES	65.66	61.03	50.0
PB.9748.4	Protein_PB.9748.4	ING4	ING4	full-splice_match	YES	47.26	35.99	29.39
PB.9748.6	Protein_PB.9748.6	ING4	ING4	incomplete-splice_match	YES	48.06	47.61	43.25
PB.9751.1	Protein_PB.9751.1	CHD4	CHD4	novel_not_in_catalog	YES	348.42	190.78	454.57
PB.9751.2	Protein_PB.9751.2	CHD4	CHD4	novel_in_catalog	YES	456.53	539.99	506.39
PB.9751.3	Protein_PB.9751.3	CHD4	CHD4	novel_not_in_catalog	YES	28.4	20.69	16.6
PB.9751.5	Protein_PB.9751.5	CHD4	CHD4	novel_not_in_catalog	YES	23.29	50.44	25.05
PB.9751.7	Protein_PB.9751.7	CHD4	CHD4	novel_not_in_catalog	YES	40.08	24.92	19.43
PB.9753.13	Protein_PB.9753.13	NOP2	NOP2	incomplete-splice_match	YES	22.93	37.57	43.38
PB.9753.6	Protein_PB.9753.6	NOP2	NOP2	full-splice_match	YES	89.66	54.52	49.14
PB.9754.6	Protein_PB.9754.6	IFFO1	IFFO1	full-splice_match	YES	27.58	26.54	46.08
PB.9755.1	Protein_PB.9755.1	MRPL51	MRPL51	incomplete-splice_match	YES	571.29	677.83	588.41
PB.9755.2	Protein_PB.9755.2	MRPL51	MRPL51	full-splice_match	YES	680.34	835.98	659.61
PB.9759.1	Protein_PB.9759.1	TNFRSF1A	TNFRSF1A	full-splice_match	YES	49.0	30.03	40.99
PB.9761.10	Protein_PB.9761.10	VWF	VWF	incomplete-splice_match	YES	23.86	35.64	31.32
PB.9761.11	Protein_PB.9761.11	VWF	VWF	incomplete-splice_match	YES	35.74	41.78	20.11
PB.9761.2	Protein_PB.9761.2	VWF	VWF	novel_not_in_catalog	YES	70.3	31.64	52.05
PB.9761.3	Protein_PB.9761.3	VWF	VWF	novel_in_catalog	YES	19.22	17.66	31.8
PB.9761.5	Protein_PB.9761.5	VWF	VWF	incomplete-splice_match	YES	49.36	45.13	46.4
PB.9761.6	Protein_PB.9761.6	VWF	VWF	full-splice_match	YES	642.25	502.77	365.46
PB.9761.7	Protein_PB.9761.7	VWF	VWF	novel_not_in_catalog	YES	104.46	105.44	39.44
PB.9761.8	Protein_PB.9761.8	VWF	VWF	incomplete-splice_match	YES	31.77	10.34	55.53
PB.9762.2	Protein_PB.9762.2	ANO2	ANO2	full-splice_match	YES	38.73	45.04	65.18
PB.9762.3	Protein_PB.9762.3	ANO2	ANO2	novel_in_catalog	YES	126.63	217.09	147.03
PB.9766.3	Protein_PB.9766.3	CUNH12orf4	CUNH12orf4	full-splice_match	YES	111.46	133.07	112.96
PB.9766.4	Protein_PB.9766.4	CUNH12orf4	CUNH12orf4	novel_in_catalog	YES	6.64	13.55	33.82
PB.9767.1	Protein_PB.9767.1	FGF6	FGF6	full-splice_match	YES	174.58	56.36	143.54
PB.9769.1	Protein_PB.9769.1	PARP11	PARP11	full-splice_match	YES	18.91	18.99	26.82
PB.977.1		novelGene_130	novelGene_130	intergenic	NO	32.44	28.09	18.35
PB.9773.4	Protein_PB.9773.4	TSPAN11	TSPAN11	full-splice_match	YES	41.24	23.06	20.08
PB.9782.2	Protein_PB.9782.2	CCDC77	CCDC77	full-splice_match	YES	14.47	16.03	22.23
PB.9782.5	Protein_PB.9782.5	CCDC77	CCDC77	full-splice_match	YES	23.88	17.08	11.21
PB.9783.2	Protein_PB.9783.2	B4GALNT3	B4GALNT3	incomplete-splice_match	YES	23.72	31.62	29.55
PB.9783.3	Protein_PB.9783.3	B4GALNT3	B4GALNT3	novel_not_in_catalog	YES	31.98	44.38	69.35
PB.9784.1	Protein_PB.9784.1	WNK1	WNK1	full-splice_match	YES	63.03	63.89	186.78
PB.9784.12	Protein_PB.9784.12	WNK1	WNK1	incomplete-splice_match	YES	49.93	60.6	69.91
PB.9784.15	Protein_PB.9784.15	WNK1	WNK1	novel_not_in_catalog	YES	241.21	280.12	237.48
PB.9784.2	Protein_PB.9784.2	WNK1	WNK1	full-splice_match	YES	0.0	31.85	51.64
PB.9784.3	Protein_PB.9784.3	WNK1	WNK1	full-splice_match	YES	124.76	71.4	35.77
PB.9784.5	Protein_PB.9784.5	WNK1	WNK1	full-splice_match	YES	152.76	151.96	272.93
PB.9784.7	Protein_PB.9784.7	WNK1	WNK1	full-splice_match	YES	467.19	568.91	295.72
PB.9784.8	Protein_PB.9784.8	WNK1	WNK1	full-splice_match	YES	352.09	236.85	549.94
PB.9784.9	Protein_PB.9784.9	WNK1	WNK1	full-splice_match	YES	416.75	403.71	613.16
PB.9786.2	Protein_PB.9786.2	ERC1	ERC1	novel_in_catalog	YES	47.01	32.09	73.3
PB.9786.3	Protein_PB.9786.3	ERC1	ERC1	novel_in_catalog	YES	194.07	171.72	321.19
PB.9786.6	Protein_PB.9786.6	ERC1	ERC1	full-splice_match	YES	99.4	93.64	66.14
PB.979.1	Protein_PB.979.1	PURB	PURB	full-splice_match	YES	487.01	508.32	629.12
PB.9790.20	Protein_PB.9790.20	ADIPOR2	ADIPOR2	full-splice_match	YES	86.66	124.63	75.86
PB.9790.26	Protein_PB.9790.26	ADIPOR2	ADIPOR2	novel_not_in_catalog	YES	100.04	145.33	169.93
PB.9790.3	Protein_PB.9790.3	ADIPOR2	ADIPOR2	full-splice_match	YES	1375.32	1636.51	1359.97
PB.9792.1	Protein_PB.9792.1	CACNA1C	CACNA1C	full-splice_match	YES	40.35	26.82	34.87
PB.9794.1	Protein_PB.9794.1	IL17RA	IL17RA	full-splice_match	YES	30.28	20.32	33.23
PB.9798.1	Protein_PB.9798.1	LOC113258058	LOC113258058	full-splice_match	YES	41.0	29.99	23.23
PB.9798.2	Protein_PB.9798.2	LOC113258058	LOC113258058	full-splice_match	YES	8.37	17.31	13.05
PB.9798.3	Protein_PB.9798.3	LOC113258058	LOC113258058	full-splice_match	YES	142.45	187.49	202.45
PB.980.1	Protein_PB.980.1	LOC113257773	LOC113257773	full-splice_match	YES	164.27	177.23	145.49
PB.9800.1	Protein_PB.9800.1	BCL2L13	BCL2L13	novel_in_catalog	YES	35.99	17.3	28.64
PB.9800.10	Protein_PB.9800.10	BCL2L13	BCL2L13	novel_not_in_catalog	YES	12.24	6.95	28.24
PB.9800.11	Protein_PB.9800.11	BCL2L13	BCL2L13	novel_not_in_catalog	YES	93.3	110.73	231.32
PB.9800.12	Protein_PB.9800.12	BCL2L13	BCL2L13	novel_in_catalog	YES	25.38	10.68	46.8
PB.9800.2	Protein_PB.9800.2	BCL2L13	BCL2L13	novel_in_catalog	YES	86.09	115.37	47.77
PB.9800.3	Protein_PB.9800.3	BCL2L13	BCL2L13	novel_not_in_catalog	YES	350.41	385.93	359.6
PB.9800.4	Protein_PB.9800.4	BCL2L13	BCL2L13	novel_in_catalog	YES	88.66	56.63	93.03
PB.9800.5	Protein_PB.9800.5	BCL2L13	BCL2L13	novel_in_catalog	YES	100.18	85.15	175.24
PB.9800.6	Protein_PB.9800.6	BCL2L13	BCL2L13	novel_in_catalog	YES	210.12	249.76	112.58
PB.9800.7	Protein_PB.9800.7	BCL2L13	BCL2L13	full-splice_match	YES	470.81	562.92	520.4
PB.9801.14	Protein_PB.9801.14	PEX26	PEX26	novel_not_in_catalog	YES	7.02	7.56	19.59
PB.9801.15	Protein_PB.9801.15	PEX26	PEX26	novel_in_catalog	YES	36.67	35.19	36.31
PB.9801.20	Protein_PB.9801.20	TUBA8	TUBA8	full-splice_match	YES	1198.73	1113.46	2178.22
PB.9801.21	Protein_PB.9801.21	TUBA8	TUBA8	full-splice_match	YES	12.87	19.89	30.89
PB.9801.23	Protein_PB.9801.23	TUBA8	TUBA8	novel_in_catalog	YES	10.22	9.19	21.2
PB.9801.9	Protein_PB.9801.9	PEX26	PEX26	novel_in_catalog	YES	220.91	225.02	284.02
PB.981.1	Protein_PB.981.1	TMED4	TMED4	full-splice_match	YES	279.1	250.16	248.28
PB.982.3	Protein_PB.982.3	DDX56	DDX56	full-splice_match	YES	52.78	51.17	49.54
PB.982.6	Protein_PB.982.6	DDX56	DDX56	novel_not_in_catalog	YES	25.76	26.01	23.57
PB.9820.1	Protein_PB.9820.1	COPZ1	COPZ1	full-splice_match	YES	470.65	471.79	460.12
PB.9822.10	Protein_PB.9822.10	HNRNPA1	HNRNPA1	novel_in_catalog	YES	101.05	78.42	8.05
PB.9822.11	Protein_PB.9822.11	HNRNPA1	HNRNPA1	full-splice_match	YES	554.85	496.48	646.77
PB.9822.4	Protein_PB.9822.4	HNRNPA1	HNRNPA1	novel_in_catalog	YES	545.13	494.82	520.88
PB.9822.5	Protein_PB.9822.5	HNRNPA1	HNRNPA1	novel_in_catalog	YES	133.84	128.24	107.1
PB.9822.7	Protein_PB.9822.7	HNRNPA1	HNRNPA1	novel_in_catalog	YES	21.21	13.37	25.1
PB.9822.8	Protein_PB.9822.8	HNRNPA1	HNRNPA1	full-splice_match	YES	31.71	38.81	54.62
PB.9826.1	Protein_PB.9826.1	HOXC9	HOXC9	full-splice_match	YES	29.08	32.05	13.5
PB.9827.1	Protein_PB.9827.1	HOXC10	HOXC10	full-splice_match	YES	20.65	18.91	23.91
PB.9833.13	Protein_PB.9833.13	TARBP2	TARBP2	full-splice_match	YES	69.81	67.91	40.26
PB.9834.12	Protein_PB.9834.12	PCBP2	PCBP2	full-splice_match	YES	13.99	17.78	10.08
PB.9834.13	Protein_PB.9834.13	PCBP2	PCBP2	full-splice_match	YES	56.12	20.44	25.06
PB.9834.14	Protein_PB.9834.14	PCBP2	PCBP2	full-splice_match	YES	114.25	105.98	165.43
PB.9834.15	Protein_PB.9834.15	PCBP2	PCBP2	full-splice_match	YES	46.65	64.98	96.51
PB.9834.20	Protein_PB.9834.20	PCBP2	PCBP2	novel_not_in_catalog	YES	52.69	70.18	68.37
PB.9834.25		PCBP2	PCBP2	novel_not_in_catalog	NO	28.04	27.94	36.26
PB.9834.26	Protein_PB.9834.26	PCBP2	PCBP2	novel_in_catalog	YES	7.22	18.38	16.11
PB.9834.31	Protein_PB.9834.31	PCBP2	PCBP2	novel_not_in_catalog	YES	168.68	184.95	244.56
PB.9834.4	Protein_PB.9834.4	PCBP2	PCBP2	full-splice_match	YES	13.82	27.23	31.68
PB.9834.5	Protein_PB.9834.5	PCBP2	PCBP2	full-splice_match	YES	6.58	19.06	14.42
PB.9834.6	Protein_PB.9834.6	PCBP2	PCBP2	full-splice_match	YES	46.92	25.41	29.73
PB.9834.8	Protein_PB.9834.8	PCBP2	PCBP2	full-splice_match	YES	23.0	31.96	50.23
PB.9835.1	Protein_PB.9835.1	PRR13	PRR13	full-splice_match	YES	19.27	10.2	15.0
PB.9835.4	Protein_PB.9835.4	PRR13	PRR13	full-splice_match	YES	29.32	30.21	29.65
PB.9837.1	Protein_PB.9837.1	SP1	SP1	full-splice_match	YES	585.13	551.92	674.86
PB.9838.2	Protein_PB.9838.2	CUNH12orf10	CUNH12orf10	full-splice_match	YES	83.88	80.13	62.92
PB.9838.3	Protein_PB.9838.3	CUNH12orf10	CUNH12orf10	novel_in_catalog	YES	20.89	20.56	35.52
PB.9838.7	Protein_PB.9838.7	CUNH12orf10	CUNH12orf10	incomplete-splice_match	YES	8.99	13.04	18.86
PB.9839.1	Protein_PB.9839.1	PFDN5	PFDN5	full-splice_match	YES	1121.7	1113.76	1163.18
PB.984.1	Protein_PB.984.1	NUDCD3	NUDCD3	full-splice_match	YES	955.33	983.12	969.4
PB.9840.1	Protein_PB.9840.1	ESPL1	ESPL1	incomplete-splice_match	YES	20.63	16.44	17.08
PB.9841.1	Protein_PB.9841.1	MFSD5	MFSD5	full-splice_match	YES	40.01	39.58	44.21
PB.9843.1	Protein_PB.9843.1	ZNF740	ZNF740	full-splice_match	YES	166.06	159.36	191.16
PB.9845.1	Protein_PB.9845.1	IGFBP6	IGFBP6	full-splice_match	YES	493.1	226.33	404.33
PB.9846.3	Protein_PB.9846.3	TNS2	TNS2	full-splice_match	YES	63.29	69.56	95.67
PB.9846.5	Protein_PB.9846.5	TNS2	TNS2	novel_not_in_catalog	YES	28.5	27.65	14.71
PB.9846.6	Protein_PB.9846.6	TNS2	TNS2	novel_not_in_catalog	YES	128.79	79.1	126.01
PB.9847.2	Protein_PB.9847.2	EIF4B	EIF4B	novel_not_in_catalog	YES	64.41	109.3	208.1
PB.9847.3	Protein_PB.9847.3	EIF4B	EIF4B	full-splice_match	YES	2816.54	2901.9	4973.74
PB.9847.4	Protein_PB.9847.4	EIF4B	EIF4B	full-splice_match	YES	779.41	680.31	1348.08
PB.9847.6	Protein_PB.9847.6	EIF4B	EIF4B	full-splice_match	YES	1836.03	1426.05	3501.48
PB.985.1	Protein_PB.985.1	CAMK2B	CAMK2B	full-splice_match	YES	71.26	97.71	83.05
PB.985.10	Protein_PB.985.10	CAMK2B	CAMK2B	novel_not_in_catalog	YES	45.61	85.04	23.37
PB.985.2	Protein_PB.985.2	CAMK2B	CAMK2B	full-splice_match	YES	74.48	109.75	56.04
PB.985.3	Protein_PB.985.3	CAMK2B	CAMK2B	novel_in_catalog	YES	195.36	106.22	97.09
PB.985.9	Protein_PB.985.9	CAMK2B	CAMK2B	novel_in_catalog	YES	117.51	208.44	139.53
PB.9851.2	Protein_PB.9851.2	ATG101	ATG101	full-splice_match	YES	160.52	174.53	143.05
PB.9852.1	Protein_PB.9852.1	NR4A1	NR4A1	full-splice_match	YES	23.12	11.09	35.35
PB.9852.7	Protein_PB.9852.7	NR4A1	NR4A1	full-splice_match	YES	59.63	44.91	23.93
PB.9853.1	Protein_PB.9853.1	GRASP	GRASP	full-splice_match	YES	25.0	24.37	23.98
PB.9854.5	Protein_PB.9854.5	ACVR1B	ACVR1B	full-splice_match	YES	64.55	48.06	84.79
PB.9855.2	Protein_PB.9855.2	ACVRL1	ACVRL1	full-splice_match	YES	79.45	55.87	54.56
PB.9855.3	Protein_PB.9855.3	ACVRL1	ACVRL1	full-splice_match	YES	69.55	62.47	54.09
PB.9862.1	Protein_PB.9862.1	DAZAP2	DAZAP2	full-splice_match	YES	201.77	176.88	263.36
PB.9863.4	Protein_PB.9863.4	LETMD1	LETMD1	full-splice_match	YES	23.79	25.25	28.62
PB.9863.5	Protein_PB.9863.5	LETMD1	LETMD1	novel_in_catalog	YES	46.86	37.03	48.43
PB.9865.2	Protein_PB.9865.2	METTL7A	METTL7A	full-splice_match	YES	206.17	243.08	107.67
PB.9867.3	Protein_PB.9867.3	ATF1	ATF1	full-splice_match	YES	220.02	235.48	188.85
PB.9867.4	Protein_PB.9867.4	ATF1	ATF1	full-splice_match	YES	68.16	81.56	123.49
PB.9868.1	Protein_PB.9868.1	DIP2B	DIP2B	novel_not_in_catalog	YES	107.28	107.57	180.51
PB.9868.2	Protein_PB.9868.2	DIP2B	DIP2B	full-splice_match	YES	172.8	165.75	59.85
PB.9868.3	Protein_PB.9868.3	DIP2B	DIP2B	full-splice_match	YES	28.55	28.63	17.46
PB.9868.5	Protein_PB.9868.5	DIP2B	DIP2B	novel_in_catalog	YES	52.29	47.21	51.42
PB.9869.1	Protein_PB.9869.1	LARP4	LARP4	full-splice_match	YES	359.03	472.0	350.02
PB.9869.2	Protein_PB.9869.2	LARP4	LARP4	full-splice_match	YES	42.07	1.26	6.99
PB.9869.3	Protein_PB.9869.3	LARP4	LARP4	full-splice_match	YES	65.65	68.92	56.26
PB.9869.5	Protein_PB.9869.5	LARP4	LARP4	full-splice_match	YES	265.08	291.61	320.23
PB.9870.1		LOC113257633	LOC113257633	full-splice_match	NO	21.41	19.13	65.25
PB.9870.19	Protein_PB.9870.19	GPD1	GPD1	novel_not_in_catalog	YES	1214.48	1401.48	1114.68
PB.9870.2		LOC113257633	LOC113257633	full-splice_match	NO	313.3	366.34	259.05
PB.9870.23	Protein_PB.9870.23	GPD1	GPD1	novel_not_in_catalog	YES	212.04	363.85	206.17
PB.9870.25	Protein_PB.9870.25	GPD1	GPD1	novel_in_catalog	YES	123.01	252.23	139.31
PB.9870.26	Protein_PB.9870.26	GPD1	GPD1	novel_not_in_catalog	YES	30.8	64.87	34.66
PB.9870.3		LOC113257633	LOC113257633	full-splice_match	NO	172.89	191.28	152.55
PB.9870.33	Protein_PB.9870.33	GPD1	GPD1	novel_in_catalog	YES	9.64	70.46	131.59
PB.9870.37	Protein_PB.9870.37	GPD1	GPD1	novel_not_in_catalog	YES	174.58	142.69	237.1
PB.9870.38	Protein_PB.9870.38	GPD1	GPD1	novel_in_catalog	YES	38.54	17.16	24.69
PB.9870.39	Protein_PB.9870.39	GPD1	GPD1	novel_not_in_catalog	YES	22.63	49.04	16.62
PB.9870.4	Protein_PB.9870.4	GPD1_LOC113257633	GPD1_LOC113257633	fusion	YES	34.26	64.04	22.79
PB.9870.41	Protein_PB.9870.41	GPD1	GPD1	novel_not_in_catalog	YES	93.08	222.84	85.0
PB.9870.45	Protein_PB.9870.45	GPD1	GPD1	novel_not_in_catalog	YES	968.69	813.2	662.13
PB.9870.46	Protein_PB.9870.46	GPD1	GPD1	novel_not_in_catalog	YES	424.83	242.03	249.66
PB.9870.5	Protein_PB.9870.5	GPD1	GPD1	full-splice_match	YES	1848.23	2158.7	1354.71
PB.9870.54	Protein_PB.9870.54	GPD1	GPD1	novel_not_in_catalog	YES	296.19	175.45	267.59
PB.9870.6	Protein_PB.9870.6	GPD1	GPD1	novel_not_in_catalog	YES	189.47	102.18	68.83
PB.9871.1	Protein_PB.9871.1	SMARCD1	SMARCD1	full-splice_match	YES	32.45	27.57	40.1
PB.9871.2	Protein_PB.9871.2	SMARCD1	SMARCD1	novel_not_in_catalog	YES	33.4	21.6	42.45
PB.9876.2		LOC113257639	LOC113257639	full-splice_match	NO	21.53	22.24	19.14
PB.9877.3	Protein_PB.9877.3	TMBIM6	TMBIM6	full-splice_match	YES	1665.53	1568.85	1362.81
PB.9878.17	Protein_PB.9878.17	PRPF40B	PRPF40B	full-splice_match	YES	45.76	37.96	50.87
PB.9878.7	Protein_PB.9878.7	PRPF40B	PRPF40B	novel_in_catalog	YES	1.97	23.78	4.27
PB.988.2	Protein_PB.988.2	POLD2	POLD2	novel_not_in_catalog	YES	20.71	27.78	8.86
PB.988.3	Protein_PB.988.3	POLD2	POLD2	full-splice_match	YES	63.78	68.11	70.94
PB.988.4	Protein_PB.988.4	POLD2	POLD2	full-splice_match	YES	27.18	25.51	14.76
PB.9881.2	Protein_PB.9881.2	SPATS2	SPATS2	full-splice_match	YES	30.7	16.13	17.33
PB.9885.4	Protein_PB.9885.4	TUBA1C	TUBA1C	full-splice_match	YES	339.36	274.04	538.34
PB.989.1	Protein_PB.989.1	POLM	POLM	full-splice_match	YES	22.0	30.91	11.9
PB.989.3	Protein_PB.989.3	POLM	POLM	full-splice_match	YES	48.4	18.47	19.63
PB.990.1	Protein_PB.990.1	PGAM2	PGAM2	full-splice_match	YES	7796.14	5701.94	5336.72
PB.9907.1	Protein_PB.9907.1	PFKM	PFKM	novel_not_in_catalog	YES	45.2	34.58	24.28
PB.9907.12	Protein_PB.9907.12	PFKM	PFKM	novel_in_catalog	YES	46.75	21.26	36.43
PB.9907.13	Protein_PB.9907.13	PFKM	PFKM	novel_in_catalog	YES	489.11	357.74	227.07
PB.9907.14	Protein_PB.9907.14	PFKM	PFKM	novel_in_catalog	YES	223.22	186.26	128.75
PB.9907.16	Protein_PB.9907.16	PFKM	PFKM	novel_in_catalog	YES	106.51	114.21	84.89
PB.9907.2	Protein_PB.9907.2	PFKM	PFKM	full-splice_match	YES	2051.01	1141.55	864.24
PB.9907.3	Protein_PB.9907.3	PFKM	PFKM	full-splice_match	YES	5926.21	3572.65	2865.68
PB.9907.7	Protein_PB.9907.7	PFKM	PFKM	novel_in_catalog	YES	2732.1	1092.44	1297.85
PB.9907.9	Protein_PB.9907.9	PFKM	PFKM	novel_in_catalog	YES	81.73	24.56	45.75
PB.9908.6	Protein_PB.9908.6	TMEM106C	TMEM106C	full-splice_match	YES	28.21	24.74	44.11
PB.9909.1	Protein_PB.9909.1	SLC48A1	SLC48A1	full-splice_match	YES	324.47	334.59	297.0
PB.9910.1		LOC113257689	LOC113257689	full-splice_match	NO	14.54	17.01	19.67
PB.9918.1	Protein_PB.9918.1	ARID2	ARID2	full-splice_match	YES	12.95	55.85	19.83
PB.9918.2	Protein_PB.9918.2	ARID2	ARID2	full-splice_match	YES	254.09	236.96	255.52
PB.9920.2	Protein_PB.9920.2	ANO6	ANO6	full-splice_match	YES	688.29	679.85	694.58
PB.9920.3	Protein_PB.9920.3	ANO6	ANO6	full-splice_match	YES	139.62	126.68	159.7
PB.9920.4	Protein_PB.9920.4	ANO6	ANO6	novel_not_in_catalog	YES	186.82	204.17	225.73
PB.9920.5	Protein_PB.9920.5	ANO6	ANO6	novel_not_in_catalog	YES	10.52	10.65	29.87
PB.9922.1	Protein_PB.9922.1	TMEM117	TMEM117	full-splice_match	YES	126.36	97.22	104.82
PB.9922.2	Protein_PB.9922.2	TMEM117	TMEM117	full-splice_match	YES	19.69	24.29	7.09
PB.9922.3	Protein_PB.9922.3	TMEM117	TMEM117	full-splice_match	YES	29.76	26.08	25.35
PB.9925.5	Protein_PB.9925.5	IRAK4	IRAK4	full-splice_match	YES	29.57	11.13	14.97
PB.9927.11	Protein_PB.9927.11	PPHLN1	PPHLN1	novel_in_catalog	YES	47.9	84.41	47.78
PB.9927.15	Protein_PB.9927.15	PPHLN1	PPHLN1	novel_in_catalog	YES	17.51	2.86	17.91
PB.9927.17	Protein_PB.9927.17	PPHLN1	PPHLN1	novel_in_catalog	YES	17.54	16.79	8.05
PB.9927.7	Protein_PB.9927.7	PPHLN1	PPHLN1	full-splice_match	YES	82.0	62.41	68.31
PB.993.1	Protein_PB.993.1	LOC113257828	LOC113257828	full-splice_match	YES	140.49	169.21	158.09
PB.993.2	Protein_PB.993.2	LOC113257828	LOC113257828	full-splice_match	YES	61.38	17.83	39.51
PB.9930.1	Protein_PB.9930.1	CNTN1	CNTN1	full-splice_match	YES	30.96	18.23	30.13
PB.9930.3	Protein_PB.9930.3	CNTN1	CNTN1	novel_not_in_catalog	YES	48.16	31.47	25.5
PB.9934.1	Protein_PB.9934.1	LRRK2	LRRK2	full-splice_match	YES	227.58	223.37	279.17
PB.9934.4	Protein_PB.9934.4	LRRK2	LRRK2	full-splice_match	YES	45.65	30.78	37.13
PB.9934.6	Protein_PB.9934.6	LRRK2	LRRK2	incomplete-splice_match	YES	18.08	23.8	25.07
PB.994.1	Protein_PB.994.1	MRPS24	MRPS24	full-splice_match	YES	453.82	497.12	449.65
PB.9940.1	Protein_PB.9940.1	LOC113257737	LOC113257737	full-splice_match	YES	44.53	46.36	45.13
PB.9943.1	Protein_PB.9943.1	DNM1L	DNM1L	full-splice_match	YES	243.46	88.72	145.13
PB.9943.4	Protein_PB.9943.4	DNM1L	DNM1L	full-splice_match	YES	21.52	40.26	0.0
PB.9943.5	Protein_PB.9943.5	DNM1L	DNM1L	full-splice_match	YES	139.79	303.42	140.31
PB.9943.8	Protein_PB.9943.8	DNM1L	DNM1L	full-splice_match	YES	191.92	286.48	159.61
PB.9943.9	Protein_PB.9943.9	DNM1L	DNM1L	full-splice_match	YES	145.39	116.69	79.6
PB.9944.2	Protein_PB.9944.2	FGD4	FGD4	full-splice_match	YES	23.16	13.03	7.14
PB.9944.3	Protein_PB.9944.3	FGD4	FGD4	full-splice_match	YES	68.16	47.03	54.93
PB.9944.4	Protein_PB.9944.4	FGD4	FGD4	full-splice_match	YES	23.09	31.12	26.1
PB.9947.2	Protein_PB.9947.2	KIAA1551	KIAA1551	full-splice_match	YES	0.0	18.16	26.63
PB.9947.3	Protein_PB.9947.3	KIAA1551	KIAA1551	full-splice_match	YES	150.29	104.69	138.59
PB.9947.4	Protein_PB.9947.4	KIAA1551	KIAA1551	full-splice_match	YES	30.93	36.81	27.65
PB.9948.2	Protein_PB.9948.2	ETFBKMT	ETFBKMT	full-splice_match	YES	76.65	68.75	74.44
PB.995.1	Protein_PB.995.1	LOC113258015	LOC113258015	full-splice_match	YES	60.72	43.8	37.71
PB.995.2	Protein_PB.995.2	LOC113258015	LOC113258015	full-splice_match	YES	422.88	446.24	332.29
PB.9953.10	Protein_PB.9953.10	CCDC91	CCDC91	novel_in_catalog	YES	63.65	54.6	52.95
PB.9953.14	Protein_PB.9953.14	CCDC91	CCDC91	full-splice_match	YES	48.92	40.13	25.11
PB.9956.1	Protein_PB.9956.1	KLHL42	KLHL42	full-splice_match	YES	18.41	2.93	20.79
PB.9956.2	Protein_PB.9956.2	KLHL42	KLHL42	full-splice_match	YES	35.89	27.19	32.01
PB.9956.3	Protein_PB.9956.3	KLHL42	KLHL42	full-splice_match	YES	6.91	5.31	16.86
PB.9957.1	Protein_PB.9957.1	MRPS35	MRPS35	full-splice_match	YES	101.65	97.47	127.57
PB.9957.2	Protein_PB.9957.2	MRPS35	MRPS35	full-splice_match	YES	85.51	91.53	86.27
PB.9959.13	Protein_PB.9959.13	PPFIBP1	PPFIBP1	novel_in_catalog	YES	83.82	18.74	93.9
PB.9959.14	Protein_PB.9959.14	PPFIBP1	PPFIBP1	novel_not_in_catalog	YES	768.01	750.41	481.84
PB.9959.16	Protein_PB.9959.16	PPFIBP1	PPFIBP1	novel_not_in_catalog	YES	161.13	202.51	205.87
PB.9959.17	Protein_PB.9959.17	PPFIBP1	PPFIBP1	novel_in_catalog	YES	42.17	97.36	69.3
PB.9959.18	Protein_PB.9959.18	PPFIBP1	PPFIBP1	novel_not_in_catalog	YES	11.52	15.21	17.48
PB.9959.19	Protein_PB.9959.19	PPFIBP1	PPFIBP1	novel_in_catalog	YES	90.41	34.07	2.17
PB.9959.27	Protein_PB.9959.27	PPFIBP1	PPFIBP1	novel_in_catalog	YES	75.52	64.69	88.14
PB.9959.28	Protein_PB.9959.28	PPFIBP1	PPFIBP1	novel_not_in_catalog	YES	187.14	214.5	38.47
PB.9959.29	Protein_PB.9959.29	PPFIBP1	PPFIBP1	novel_not_in_catalog	YES	51.14	170.99	211.88
PB.9959.30	Protein_PB.9959.30	PPFIBP1	PPFIBP1	novel_not_in_catalog	YES	668.13	600.62	530.89
PB.9963.1	Protein_PB.9963.1	STK38L	STK38L	full-splice_match	YES	5.04	23.19	27.74
PB.9963.2	Protein_PB.9963.2	STK38L	STK38L	novel_not_in_catalog	YES	63.98	32.95	60.23
PB.9963.3	Protein_PB.9963.3	STK38L	STK38L	novel_in_catalog	YES	50.97	37.35	23.51
PB.9963.5	Protein_PB.9963.5	STK38L	STK38L	novel_not_in_catalog	YES	38.92	59.63	38.22
PB.9964.2	Protein_PB.9964.2	LOC113257777_MED21	LOC113257777_MED21	fusion	YES	108.7	106.0	76.17
PB.9964.3	Protein_PB.9964.3	LOC113257777_MED21	LOC113257777_MED21	full-splice_match	YES	25.45	21.77	22.61
PB.9965.1	Protein_PB.9965.1	FGFR1OP2	FGFR1OP2	full-splice_match	YES	62.29	65.48	58.39
PB.9965.2	Protein_PB.9965.2	FGFR1OP2	FGFR1OP2	full-splice_match	YES	1.89	12.58	35.29
PB.9965.6	Protein_PB.9965.6	FGFR1OP2	FGFR1OP2	full-splice_match	YES	95.98	74.65	42.06
PB.9966.1	Protein_PB.9966.1	SSPN	SSPN	full-splice_match	YES	1774.23	1880.56	1896.88
PB.9966.2	Protein_PB.9966.2	SSPN	SSPN	novel_not_in_catalog	YES	270.13	294.88	283.96
PB.9967.2	Protein_PB.9967.2	RASSF8	RASSF8	full-splice_match	YES	31.75	25.18	42.11
PB.9967.3	Protein_PB.9967.3	RASSF8	RASSF8	full-splice_match	YES	230.2	266.61	238.91
PB.9967.5	Protein_PB.9967.5	RASSF8	RASSF8	full-splice_match	YES	26.23	31.97	21.66
PB.9968.1	Protein_PB.9968.1	ETFRF1	ETFRF1	full-splice_match	YES	112.36	134.64	100.12
PB.9968.2	Protein_PB.9968.2	ETFRF1	ETFRF1	full-splice_match	YES	13.97	17.38	18.39
PB.9968.3		ETFRF1	ETFRF1	full-splice_match	NO	302.72	355.67	285.21
PB.997.1	Protein_PB.997.1	PSMA2	PSMA2	novel_not_in_catalog	YES	374.05	469.97	376.8
PB.997.2	Protein_PB.997.2	PSMA2	PSMA2	novel_in_catalog	YES	70.85	62.06	45.0
PB.997.3	Protein_PB.997.3	PSMA2	PSMA2	novel_in_catalog	YES	53.17	56.44	50.07
PB.997.5	Protein_PB.997.5	CUNH7orf25_PSMA2	CUNH7orf25_PSMA2	fusion	YES	441.67	589.13	458.03
PB.997.7	Protein_PB.997.7	PSMA2	PSMA2	full-splice_match	YES	66.11	70.35	66.27
PB.9973.2	Protein_PB.9973.2	ETNK1	ETNK1	full-splice_match	YES	101.0	90.72	96.59
PB.9976.1	Protein_PB.9976.1	CMAS	CMAS	full-splice_match	YES	132.54	144.62	143.11
PB.9979.2	Protein_PB.9979.2	GOLT1B	GOLT1B	full-splice_match	YES	62.76	65.99	56.79
PB.9981.1	Protein_PB.9981.1	PYROXD1	PYROXD1	full-splice_match	YES	52.41	44.96	20.22
PB.9981.7	Protein_PB.9981.7	PYROXD1	PYROXD1	novel_not_in_catalog	YES	7.03	18.75	28.05
PB.9981.8		PYROXD1	PYROXD1	novel_not_in_catalog	NO	6.11	7.11	30.05
PB.9985.5	Protein_PB.9985.5	PDE3A	PDE3A	full-splice_match	YES	64.22	40.4	72.04
PB.9988.1	Protein_PB.9988.1	AEBP2	AEBP2	full-splice_match	YES	69.13	75.5	83.08
PB.9988.3	Protein_PB.9988.3	AEBP2	AEBP2	novel_in_catalog	YES	133.53	128.76	182.04
PB.9991.4	Protein_PB.9991.4	PLEKHA5	PLEKHA5	novel_not_in_catalog	YES	23.22	13.35	8.62
PB.9991.7	Protein_PB.9991.7	PLEKHA5	PLEKHA5	novel_not_in_catalog	YES	22.32	17.88	20.48
PB.9991.8	Protein_PB.9991.8	PLEKHA5	PLEKHA5	full-splice_match	YES	33.32	23.36	26.29
